252
0 1 7 10000 128 2.000000000
0 2 7 10001 128 2.000000000
0 3 7 10002 128 2.000000000
0 4 7 10003 128 2.000000000
0 5 7 10004 128 2.000000000
0 6 7 10005 128 2.000000000
0 7 7 10006 128 2.000000000
0 8 7 10007 128 2.000000000
0 9 7 10008 128 2.000000000
0 10 7 10009 128 2.000000000
0 11 7 10010 128 2.000000000
0 12 7 10011 128 2.000000000
0 13 7 10012 128 2.000000000
0 14 7 10013 128 2.000000000
0 15 7 10014 128 2.000000000
0 16 7 10015 128 2.000000000
0 17 7 10016 128 2.000000000
0 18 7 10017 128 2.000000000
0 19 7 10018 128 2.000000000
0 20 7 10019 128 2.000000000
0 21 7 10020 128 2.000000000
0 22 7 10021 128 2.000000000
0 23 7 10022 128 2.000000000
0 24 7 10023 128 2.000000000
0 25 7 10024 128 2.000000000
0 26 7 10025 128 2.000000000
0 27 7 10026 128 2.000000000
0 28 7 10027 128 2.000000000
0 29 7 10028 128 2.000000000
0 30 7 10029 128 2.000000000
0 31 7 10030 128 2.000000000
0 32 7 10031 128 2.000000000
0 33 7 10032 128 2.000000000
0 34 7 10033 128 2.000000000
0 35 7 10034 128 2.000000000
0 36 7 10035 128 2.000000000
0 37 7 10036 128 2.000000000
0 38 7 10037 128 2.000000000
0 39 7 10038 128 2.000000000
0 40 7 10039 128 2.000000000
0 41 7 10040 128 2.000000000
0 42 7 10041 128 2.000000000
0 43 7 10042 128 2.000000000
0 44 7 10043 128 2.000000000
0 45 7 10044 128 2.000000000
0 46 7 10045 128 2.000000000
0 47 7 10046 128 2.000000000
0 48 7 10047 128 2.000000000
0 49 7 10048 128 2.000000000
0 50 7 10049 128 2.000000000
0 51 7 10050 128 2.000000000
0 52 7 10051 128 2.000000000
0 53 7 10052 128 2.000000000
0 54 7 10053 128 2.000000000
0 55 7 10054 128 2.000000000
0 56 7 10055 128 2.000000000
0 57 7 10056 128 2.000000000
0 58 7 10057 128 2.000000000
0 59 7 10058 128 2.000000000
0 60 7 10059 128 2.000000000
0 61 7 10060 128 2.000000000
0 62 7 10061 128 2.000000000
0 63 7 10062 128 2.000000000
1 0 7 10063 128 2.000000000
1 2 7 10064 128 2.000000000
1 3 7 10065 128 2.000000000
1 4 7 10066 128 2.000000000
1 5 7 10067 128 2.000000000
1 6 7 10068 128 2.000000000
1 7 7 10069 128 2.000000000
1 8 7 10070 128 2.000000000
1 9 7 10071 128 2.000000000
1 10 7 10072 128 2.000000000
1 11 7 10073 128 2.000000000
1 12 7 10074 128 2.000000000
1 13 7 10075 128 2.000000000
1 14 7 10076 128 2.000000000
1 15 7 10077 128 2.000000000
1 16 7 10078 128 2.000000000
1 17 7 10079 128 2.000000000
1 18 7 10080 128 2.000000000
1 19 7 10081 128 2.000000000
1 20 7 10082 128 2.000000000
1 21 7 10083 128 2.000000000
1 22 7 10084 128 2.000000000
1 23 7 10085 128 2.000000000
1 24 7 10086 128 2.000000000
1 25 7 10087 128 2.000000000
1 26 7 10088 128 2.000000000
1 27 7 10089 128 2.000000000
1 28 7 10090 128 2.000000000
1 29 7 10091 128 2.000000000
1 30 7 10092 128 2.000000000
1 31 7 10093 128 2.000000000
1 32 7 10094 128 2.000000000
1 33 7 10095 128 2.000000000
1 34 7 10096 128 2.000000000
1 35 7 10097 128 2.000000000
1 36 7 10098 128 2.000000000
1 37 7 10099 128 2.000000000
1 38 7 10100 128 2.000000000
1 39 7 10101 128 2.000000000
1 40 7 10102 128 2.000000000
1 41 7 10103 128 2.000000000
1 42 7 10104 128 2.000000000
1 43 7 10105 128 2.000000000
1 44 7 10106 128 2.000000000
1 45 7 10107 128 2.000000000
1 46 7 10108 128 2.000000000
1 47 7 10109 128 2.000000000
1 48 7 10110 128 2.000000000
1 49 7 10111 128 2.000000000
1 50 7 10112 128 2.000000000
1 51 7 10113 128 2.000000000
1 52 7 10114 128 2.000000000
1 53 7 10115 128 2.000000000
1 54 7 10116 128 2.000000000
1 55 7 10117 128 2.000000000
1 56 7 10118 128 2.000000000
1 57 7 10119 128 2.000000000
1 58 7 10120 128 2.000000000
1 59 7 10121 128 2.000000000
1 60 7 10122 128 2.000000000
1 61 7 10123 128 2.000000000
1 62 7 10124 128 2.000000000
1 63 7 10125 128 2.000000000
2 0 7 10126 128 2.000000000
2 1 7 10127 128 2.000000000
2 3 7 10128 128 2.000000000
2 4 7 10129 128 2.000000000
2 5 7 10130 128 2.000000000
2 6 7 10131 128 2.000000000
2 7 7 10132 128 2.000000000
2 8 7 10133 128 2.000000000
2 9 7 10134 128 2.000000000
2 10 7 10135 128 2.000000000
2 11 7 10136 128 2.000000000
2 12 7 10137 128 2.000000000
2 13 7 10138 128 2.000000000
2 14 7 10139 128 2.000000000
2 15 7 10140 128 2.000000000
2 16 7 10141 128 2.000000000
2 17 7 10142 128 2.000000000
2 18 7 10143 128 2.000000000
2 19 7 10144 128 2.000000000
2 20 7 10145 128 2.000000000
2 21 7 10146 128 2.000000000
2 22 7 10147 128 2.000000000
2 23 7 10148 128 2.000000000
2 24 7 10149 128 2.000000000
2 25 7 10150 128 2.000000000
2 26 7 10151 128 2.000000000
2 27 7 10152 128 2.000000000
2 28 7 10153 128 2.000000000
2 29 7 10154 128 2.000000000
2 30 7 10155 128 2.000000000
2 31 7 10156 128 2.000000000
2 32 7 10157 128 2.000000000
2 33 7 10158 128 2.000000000
2 34 7 10159 128 2.000000000
2 35 7 10160 128 2.000000000
2 36 7 10161 128 2.000000000
2 37 7 10162 128 2.000000000
2 38 7 10163 128 2.000000000
2 39 7 10164 128 2.000000000
2 40 7 10165 128 2.000000000
2 41 7 10166 128 2.000000000
2 42 7 10167 128 2.000000000
2 43 7 10168 128 2.000000000
2 44 7 10169 128 2.000000000
2 45 7 10170 128 2.000000000
2 46 7 10171 128 2.000000000
2 47 7 10172 128 2.000000000
2 48 7 10173 128 2.000000000
2 49 7 10174 128 2.000000000
2 50 7 10175 128 2.000000000
2 51 7 10176 128 2.000000000
2 52 7 10177 128 2.000000000
2 53 7 10178 128 2.000000000
2 54 7 10179 128 2.000000000
2 55 7 10180 128 2.000000000
2 56 7 10181 128 2.000000000
2 57 7 10182 128 2.000000000
2 58 7 10183 128 2.000000000
2 59 7 10184 128 2.000000000
2 60 7 10185 128 2.000000000
2 61 7 10186 128 2.000000000
2 62 7 10187 128 2.000000000
2 63 7 10188 128 2.000000000
3 0 7 10189 128 2.000000000
3 1 7 10190 128 2.000000000
3 2 7 10191 128 2.000000000
3 4 7 10192 128 2.000000000
3 5 7 10193 128 2.000000000
3 6 7 10194 128 2.000000000
3 7 7 10195 128 2.000000000
3 8 7 10196 128 2.000000000
3 9 7 10197 128 2.000000000
3 10 7 10198 128 2.000000000
3 11 7 10199 128 2.000000000
3 12 7 10200 128 2.000000000
3 13 7 10201 128 2.000000000
3 14 7 10202 128 2.000000000
3 15 7 10203 128 2.000000000
3 16 7 10204 128 2.000000000
3 17 7 10205 128 2.000000000
3 18 7 10206 128 2.000000000
3 19 7 10207 128 2.000000000
3 20 7 10208 128 2.000000000
3 21 7 10209 128 2.000000000
3 22 7 10210 128 2.000000000
3 23 7 10211 128 2.000000000
3 24 7 10212 128 2.000000000
3 25 7 10213 128 2.000000000
3 26 7 10214 128 2.000000000
3 27 7 10215 128 2.000000000
3 28 7 10216 128 2.000000000
3 29 7 10217 128 2.000000000
3 30 7 10218 128 2.000000000
3 31 7 10219 128 2.000000000
3 32 7 10220 128 2.000000000
3 33 7 10221 128 2.000000000
3 34 7 10222 128 2.000000000
3 35 7 10223 128 2.000000000
3 36 7 10224 128 2.000000000
3 37 7 10225 128 2.000000000
3 38 7 10226 128 2.000000000
3 39 7 10227 128 2.000000000
3 40 7 10228 128 2.000000000
3 41 7 10229 128 2.000000000
3 42 7 10230 128 2.000000000
3 43 7 10231 128 2.000000000
3 44 7 10232 128 2.000000000
3 45 7 10233 128 2.000000000
3 46 7 10234 128 2.000000000
3 47 7 10235 128 2.000000000
3 48 7 10236 128 2.000000000
3 49 7 10237 128 2.000000000
3 50 7 10238 128 2.000000000
3 51 7 10239 128 2.000000000
3 52 7 10240 128 2.000000000
3 53 7 10241 128 2.000000000
3 54 7 10242 128 2.000000000
3 55 7 10243 128 2.000000000
3 56 7 10244 128 2.000000000
3 57 7 10245 128 2.000000000
3 58 7 10246 128 2.000000000
3 59 7 10247 128 2.000000000
3 60 7 10248 128 2.000000000
3 61 7 10249 128 2.000000000
3 62 7 10250 128 2.000000000
3 63 7 10251 128 2.000000000
