252
0 1 7 10000 1 2.000000000
0 2 7 10001 1 2.000000000
0 3 7 10002 1 2.000000000
0 4 7 10003 1 2.000000000
0 5 7 10004 1 2.000000000
0 6 7 10005 1 2.000000000
0 7 7 10006 1 2.000000000
0 8 7 10007 1 2.000000000
0 9 7 10008 1 2.000000000
0 10 7 10009 1 2.000000000
0 11 7 10010 1 2.000000000
0 12 7 10011 1 2.000000000
0 13 7 10012 1 2.000000000
0 14 7 10013 1 2.000000000
0 15 7 10014 1 2.000000000
0 16 7 10015 1 2.000000000
0 17 7 10016 1 2.000000000
0 18 7 10017 1 2.000000000
0 19 7 10018 1 2.000000000
0 20 7 10019 1 2.000000000
0 21 7 10020 1 2.000000000
0 22 7 10021 1 2.000000000
0 23 7 10022 1 2.000000000
0 24 7 10023 1 2.000000000
0 25 7 10024 1 2.000000000
0 26 7 10025 1 2.000000000
0 27 7 10026 1 2.000000000
0 28 7 10027 1 2.000000000
0 29 7 10028 1 2.000000000
0 30 7 10029 1 2.000000000
0 31 7 10030 1 2.000000000
0 32 7 10031 1 2.000000000
0 33 7 10032 1 2.000000000
0 34 7 10033 1 2.000000000
0 35 7 10034 1 2.000000000
0 36 7 10035 1 2.000000000
0 37 7 10036 1 2.000000000
0 38 7 10037 1 2.000000000
0 39 7 10038 1 2.000000000
0 40 7 10039 1 2.000000000
0 41 7 10040 1 2.000000000
0 42 7 10041 1 2.000000000
0 43 7 10042 1 2.000000000
0 44 7 10043 1 2.000000000
0 45 7 10044 1 2.000000000
0 46 7 10045 1 2.000000000
0 47 7 10046 1 2.000000000
0 48 7 10047 1 2.000000000
0 49 7 10048 1 2.000000000
0 50 7 10049 1 2.000000000
0 51 7 10050 1 2.000000000
0 52 7 10051 1 2.000000000
0 53 7 10052 1 2.000000000
0 54 7 10053 1 2.000000000
0 55 7 10054 1 2.000000000
0 56 7 10055 1 2.000000000
0 57 7 10056 1 2.000000000
0 58 7 10057 1 2.000000000
0 59 7 10058 1 2.000000000
0 60 7 10059 1 2.000000000
0 61 7 10060 1 2.000000000
0 62 7 10061 1 2.000000000
0 63 7 10062 1 2.000000000
1 0 7 10063 1 2.000000000
1 2 7 10064 1 2.000000000
1 3 7 10065 1 2.000000000
1 4 7 10066 1 2.000000000
1 5 7 10067 1 2.000000000
1 6 7 10068 1 2.000000000
1 7 7 10069 1 2.000000000
1 8 7 10070 1 2.000000000
1 9 7 10071 1 2.000000000
1 10 7 10072 1 2.000000000
1 11 7 10073 1 2.000000000
1 12 7 10074 1 2.000000000
1 13 7 10075 1 2.000000000
1 14 7 10076 1 2.000000000
1 15 7 10077 1 2.000000000
1 16 7 10078 1 2.000000000
1 17 7 10079 1 2.000000000
1 18 7 10080 1 2.000000000
1 19 7 10081 1 2.000000000
1 20 7 10082 1 2.000000000
1 21 7 10083 1 2.000000000
1 22 7 10084 1 2.000000000
1 23 7 10085 1 2.000000000
1 24 7 10086 1 2.000000000
1 25 7 10087 1 2.000000000
1 26 7 10088 1 2.000000000
1 27 7 10089 1 2.000000000
1 28 7 10090 1 2.000000000
1 29 7 10091 1 2.000000000
1 30 7 10092 1 2.000000000
1 31 7 10093 1 2.000000000
1 32 7 10094 1 2.000000000
1 33 7 10095 1 2.000000000
1 34 7 10096 1 2.000000000
1 35 7 10097 1 2.000000000
1 36 7 10098 1 2.000000000
1 37 7 10099 1 2.000000000
1 38 7 10100 1 2.000000000
1 39 7 10101 1 2.000000000
1 40 7 10102 1 2.000000000
1 41 7 10103 1 2.000000000
1 42 7 10104 1 2.000000000
1 43 7 10105 1 2.000000000
1 44 7 10106 1 2.000000000
1 45 7 10107 1 2.000000000
1 46 7 10108 1 2.000000000
1 47 7 10109 1 2.000000000
1 48 7 10110 1 2.000000000
1 49 7 10111 1 2.000000000
1 50 7 10112 1 2.000000000
1 51 7 10113 1 2.000000000
1 52 7 10114 1 2.000000000
1 53 7 10115 1 2.000000000
1 54 7 10116 1 2.000000000
1 55 7 10117 1 2.000000000
1 56 7 10118 1 2.000000000
1 57 7 10119 1 2.000000000
1 58 7 10120 1 2.000000000
1 59 7 10121 1 2.000000000
1 60 7 10122 1 2.000000000
1 61 7 10123 1 2.000000000
1 62 7 10124 1 2.000000000
1 63 7 10125 1 2.000000000
2 0 7 10126 1 2.000000000
2 1 7 10127 1 2.000000000
2 3 7 10128 1 2.000000000
2 4 7 10129 1 2.000000000
2 5 7 10130 1 2.000000000
2 6 7 10131 1 2.000000000
2 7 7 10132 1 2.000000000
2 8 7 10133 1 2.000000000
2 9 7 10134 1 2.000000000
2 10 7 10135 1 2.000000000
2 11 7 10136 1 2.000000000
2 12 7 10137 1 2.000000000
2 13 7 10138 1 2.000000000
2 14 7 10139 1 2.000000000
2 15 7 10140 1 2.000000000
2 16 7 10141 1 2.000000000
2 17 7 10142 1 2.000000000
2 18 7 10143 1 2.000000000
2 19 7 10144 1 2.000000000
2 20 7 10145 1 2.000000000
2 21 7 10146 1 2.000000000
2 22 7 10147 1 2.000000000
2 23 7 10148 1 2.000000000
2 24 7 10149 1 2.000000000
2 25 7 10150 1 2.000000000
2 26 7 10151 1 2.000000000
2 27 7 10152 1 2.000000000
2 28 7 10153 1 2.000000000
2 29 7 10154 1 2.000000000
2 30 7 10155 1 2.000000000
2 31 7 10156 1 2.000000000
2 32 7 10157 1 2.000000000
2 33 7 10158 1 2.000000000
2 34 7 10159 1 2.000000000
2 35 7 10160 1 2.000000000
2 36 7 10161 1 2.000000000
2 37 7 10162 1 2.000000000
2 38 7 10163 1 2.000000000
2 39 7 10164 1 2.000000000
2 40 7 10165 1 2.000000000
2 41 7 10166 1 2.000000000
2 42 7 10167 1 2.000000000
2 43 7 10168 1 2.000000000
2 44 7 10169 1 2.000000000
2 45 7 10170 1 2.000000000
2 46 7 10171 1 2.000000000
2 47 7 10172 1 2.000000000
2 48 7 10173 1 2.000000000
2 49 7 10174 1 2.000000000
2 50 7 10175 1 2.000000000
2 51 7 10176 1 2.000000000
2 52 7 10177 1 2.000000000
2 53 7 10178 1 2.000000000
2 54 7 10179 1 2.000000000
2 55 7 10180 1 2.000000000
2 56 7 10181 1 2.000000000
2 57 7 10182 1 2.000000000
2 58 7 10183 1 2.000000000
2 59 7 10184 1 2.000000000
2 60 7 10185 1 2.000000000
2 61 7 10186 1 2.000000000
2 62 7 10187 1 2.000000000
2 63 7 10188 1 2.000000000
3 0 7 10189 1 2.000000000
3 1 7 10190 1 2.000000000
3 2 7 10191 1 2.000000000
3 4 7 10192 1 2.000000000
3 5 7 10193 1 2.000000000
3 6 7 10194 1 2.000000000
3 7 7 10195 1 2.000000000
3 8 7 10196 1 2.000000000
3 9 7 10197 1 2.000000000
3 10 7 10198 1 2.000000000
3 11 7 10199 1 2.000000000
3 12 7 10200 1 2.000000000
3 13 7 10201 1 2.000000000
3 14 7 10202 1 2.000000000
3 15 7 10203 1 2.000000000
3 16 7 10204 1 2.000000000
3 17 7 10205 1 2.000000000
3 18 7 10206 1 2.000000000
3 19 7 10207 1 2.000000000
3 20 7 10208 1 2.000000000
3 21 7 10209 1 2.000000000
3 22 7 10210 1 2.000000000
3 23 7 10211 1 2.000000000
3 24 7 10212 1 2.000000000
3 25 7 10213 1 2.000000000
3 26 7 10214 1 2.000000000
3 27 7 10215 1 2.000000000
3 28 7 10216 1 2.000000000
3 29 7 10217 1 2.000000000
3 30 7 10218 1 2.000000000
3 31 7 10219 1 2.000000000
3 32 7 10220 1 2.000000000
3 33 7 10221 1 2.000000000
3 34 7 10222 1 2.000000000
3 35 7 10223 1 2.000000000
3 36 7 10224 1 2.000000000
3 37 7 10225 1 2.000000000
3 38 7 10226 1 2.000000000
3 39 7 10227 1 2.000000000
3 40 7 10228 1 2.000000000
3 41 7 10229 1 2.000000000
3 42 7 10230 1 2.000000000
3 43 7 10231 1 2.000000000
3 44 7 10232 1 2.000000000
3 45 7 10233 1 2.000000000
3 46 7 10234 1 2.000000000
3 47 7 10235 1 2.000000000
3 48 7 10236 1 2.000000000
3 49 7 10237 1 2.000000000
3 50 7 10238 1 2.000000000
3 51 7 10239 1 2.000000000
3 52 7 10240 1 2.000000000
3 53 7 10241 1 2.000000000
3 54 7 10242 1 2.000000000
3 55 7 10243 1 2.000000000
3 56 7 10244 1 2.000000000
3 57 7 10245 1 2.000000000
3 58 7 10246 1 2.000000000
3 59 7 10247 1 2.000000000
3 60 7 10248 1 2.000000000
3 61 7 10249 1 2.000000000
3 62 7 10250 1 2.000000000
3 63 7 10251 1 2.000000000
