252
0 1 7 10000 32 2.000000000
0 2 7 10001 32 2.000000000
0 3 7 10002 32 2.000000000
0 4 7 10003 32 2.000000000
0 5 7 10004 32 2.000000000
0 6 7 10005 32 2.000000000
0 7 7 10006 32 2.000000000
0 8 7 10007 32 2.000000000
0 9 7 10008 32 2.000000000
0 10 7 10009 32 2.000000000
0 11 7 10010 32 2.000000000
0 12 7 10011 32 2.000000000
0 13 7 10012 32 2.000000000
0 14 7 10013 32 2.000000000
0 15 7 10014 32 2.000000000
0 16 7 10015 32 2.000000000
0 17 7 10016 32 2.000000000
0 18 7 10017 32 2.000000000
0 19 7 10018 32 2.000000000
0 20 7 10019 32 2.000000000
0 21 7 10020 32 2.000000000
0 22 7 10021 32 2.000000000
0 23 7 10022 32 2.000000000
0 24 7 10023 32 2.000000000
0 25 7 10024 32 2.000000000
0 26 7 10025 32 2.000000000
0 27 7 10026 32 2.000000000
0 28 7 10027 32 2.000000000
0 29 7 10028 32 2.000000000
0 30 7 10029 32 2.000000000
0 31 7 10030 32 2.000000000
0 32 7 10031 32 2.000000000
0 33 7 10032 32 2.000000000
0 34 7 10033 32 2.000000000
0 35 7 10034 32 2.000000000
0 36 7 10035 32 2.000000000
0 37 7 10036 32 2.000000000
0 38 7 10037 32 2.000000000
0 39 7 10038 32 2.000000000
0 40 7 10039 32 2.000000000
0 41 7 10040 32 2.000000000
0 42 7 10041 32 2.000000000
0 43 7 10042 32 2.000000000
0 44 7 10043 32 2.000000000
0 45 7 10044 32 2.000000000
0 46 7 10045 32 2.000000000
0 47 7 10046 32 2.000000000
0 48 7 10047 32 2.000000000
0 49 7 10048 32 2.000000000
0 50 7 10049 32 2.000000000
0 51 7 10050 32 2.000000000
0 52 7 10051 32 2.000000000
0 53 7 10052 32 2.000000000
0 54 7 10053 32 2.000000000
0 55 7 10054 32 2.000000000
0 56 7 10055 32 2.000000000
0 57 7 10056 32 2.000000000
0 58 7 10057 32 2.000000000
0 59 7 10058 32 2.000000000
0 60 7 10059 32 2.000000000
0 61 7 10060 32 2.000000000
0 62 7 10061 32 2.000000000
0 63 7 10062 32 2.000000000
1 0 7 10063 32 2.000000000
1 2 7 10064 32 2.000000000
1 3 7 10065 32 2.000000000
1 4 7 10066 32 2.000000000
1 5 7 10067 32 2.000000000
1 6 7 10068 32 2.000000000
1 7 7 10069 32 2.000000000
1 8 7 10070 32 2.000000000
1 9 7 10071 32 2.000000000
1 10 7 10072 32 2.000000000
1 11 7 10073 32 2.000000000
1 12 7 10074 32 2.000000000
1 13 7 10075 32 2.000000000
1 14 7 10076 32 2.000000000
1 15 7 10077 32 2.000000000
1 16 7 10078 32 2.000000000
1 17 7 10079 32 2.000000000
1 18 7 10080 32 2.000000000
1 19 7 10081 32 2.000000000
1 20 7 10082 32 2.000000000
1 21 7 10083 32 2.000000000
1 22 7 10084 32 2.000000000
1 23 7 10085 32 2.000000000
1 24 7 10086 32 2.000000000
1 25 7 10087 32 2.000000000
1 26 7 10088 32 2.000000000
1 27 7 10089 32 2.000000000
1 28 7 10090 32 2.000000000
1 29 7 10091 32 2.000000000
1 30 7 10092 32 2.000000000
1 31 7 10093 32 2.000000000
1 32 7 10094 32 2.000000000
1 33 7 10095 32 2.000000000
1 34 7 10096 32 2.000000000
1 35 7 10097 32 2.000000000
1 36 7 10098 32 2.000000000
1 37 7 10099 32 2.000000000
1 38 7 10100 32 2.000000000
1 39 7 10101 32 2.000000000
1 40 7 10102 32 2.000000000
1 41 7 10103 32 2.000000000
1 42 7 10104 32 2.000000000
1 43 7 10105 32 2.000000000
1 44 7 10106 32 2.000000000
1 45 7 10107 32 2.000000000
1 46 7 10108 32 2.000000000
1 47 7 10109 32 2.000000000
1 48 7 10110 32 2.000000000
1 49 7 10111 32 2.000000000
1 50 7 10112 32 2.000000000
1 51 7 10113 32 2.000000000
1 52 7 10114 32 2.000000000
1 53 7 10115 32 2.000000000
1 54 7 10116 32 2.000000000
1 55 7 10117 32 2.000000000
1 56 7 10118 32 2.000000000
1 57 7 10119 32 2.000000000
1 58 7 10120 32 2.000000000
1 59 7 10121 32 2.000000000
1 60 7 10122 32 2.000000000
1 61 7 10123 32 2.000000000
1 62 7 10124 32 2.000000000
1 63 7 10125 32 2.000000000
2 0 7 10126 32 2.000000000
2 1 7 10127 32 2.000000000
2 3 7 10128 32 2.000000000
2 4 7 10129 32 2.000000000
2 5 7 10130 32 2.000000000
2 6 7 10131 32 2.000000000
2 7 7 10132 32 2.000000000
2 8 7 10133 32 2.000000000
2 9 7 10134 32 2.000000000
2 10 7 10135 32 2.000000000
2 11 7 10136 32 2.000000000
2 12 7 10137 32 2.000000000
2 13 7 10138 32 2.000000000
2 14 7 10139 32 2.000000000
2 15 7 10140 32 2.000000000
2 16 7 10141 32 2.000000000
2 17 7 10142 32 2.000000000
2 18 7 10143 32 2.000000000
2 19 7 10144 32 2.000000000
2 20 7 10145 32 2.000000000
2 21 7 10146 32 2.000000000
2 22 7 10147 32 2.000000000
2 23 7 10148 32 2.000000000
2 24 7 10149 32 2.000000000
2 25 7 10150 32 2.000000000
2 26 7 10151 32 2.000000000
2 27 7 10152 32 2.000000000
2 28 7 10153 32 2.000000000
2 29 7 10154 32 2.000000000
2 30 7 10155 32 2.000000000
2 31 7 10156 32 2.000000000
2 32 7 10157 32 2.000000000
2 33 7 10158 32 2.000000000
2 34 7 10159 32 2.000000000
2 35 7 10160 32 2.000000000
2 36 7 10161 32 2.000000000
2 37 7 10162 32 2.000000000
2 38 7 10163 32 2.000000000
2 39 7 10164 32 2.000000000
2 40 7 10165 32 2.000000000
2 41 7 10166 32 2.000000000
2 42 7 10167 32 2.000000000
2 43 7 10168 32 2.000000000
2 44 7 10169 32 2.000000000
2 45 7 10170 32 2.000000000
2 46 7 10171 32 2.000000000
2 47 7 10172 32 2.000000000
2 48 7 10173 32 2.000000000
2 49 7 10174 32 2.000000000
2 50 7 10175 32 2.000000000
2 51 7 10176 32 2.000000000
2 52 7 10177 32 2.000000000
2 53 7 10178 32 2.000000000
2 54 7 10179 32 2.000000000
2 55 7 10180 32 2.000000000
2 56 7 10181 32 2.000000000
2 57 7 10182 32 2.000000000
2 58 7 10183 32 2.000000000
2 59 7 10184 32 2.000000000
2 60 7 10185 32 2.000000000
2 61 7 10186 32 2.000000000
2 62 7 10187 32 2.000000000
2 63 7 10188 32 2.000000000
3 0 7 10189 32 2.000000000
3 1 7 10190 32 2.000000000
3 2 7 10191 32 2.000000000
3 4 7 10192 32 2.000000000
3 5 7 10193 32 2.000000000
3 6 7 10194 32 2.000000000
3 7 7 10195 32 2.000000000
3 8 7 10196 32 2.000000000
3 9 7 10197 32 2.000000000
3 10 7 10198 32 2.000000000
3 11 7 10199 32 2.000000000
3 12 7 10200 32 2.000000000
3 13 7 10201 32 2.000000000
3 14 7 10202 32 2.000000000
3 15 7 10203 32 2.000000000
3 16 7 10204 32 2.000000000
3 17 7 10205 32 2.000000000
3 18 7 10206 32 2.000000000
3 19 7 10207 32 2.000000000
3 20 7 10208 32 2.000000000
3 21 7 10209 32 2.000000000
3 22 7 10210 32 2.000000000
3 23 7 10211 32 2.000000000
3 24 7 10212 32 2.000000000
3 25 7 10213 32 2.000000000
3 26 7 10214 32 2.000000000
3 27 7 10215 32 2.000000000
3 28 7 10216 32 2.000000000
3 29 7 10217 32 2.000000000
3 30 7 10218 32 2.000000000
3 31 7 10219 32 2.000000000
3 32 7 10220 32 2.000000000
3 33 7 10221 32 2.000000000
3 34 7 10222 32 2.000000000
3 35 7 10223 32 2.000000000
3 36 7 10224 32 2.000000000
3 37 7 10225 32 2.000000000
3 38 7 10226 32 2.000000000
3 39 7 10227 32 2.000000000
3 40 7 10228 32 2.000000000
3 41 7 10229 32 2.000000000
3 42 7 10230 32 2.000000000
3 43 7 10231 32 2.000000000
3 44 7 10232 32 2.000000000
3 45 7 10233 32 2.000000000
3 46 7 10234 32 2.000000000
3 47 7 10235 32 2.000000000
3 48 7 10236 32 2.000000000
3 49 7 10237 32 2.000000000
3 50 7 10238 32 2.000000000
3 51 7 10239 32 2.000000000
3 52 7 10240 32 2.000000000
3 53 7 10241 32 2.000000000
3 54 7 10242 32 2.000000000
3 55 7 10243 32 2.000000000
3 56 7 10244 32 2.000000000
3 57 7 10245 32 2.000000000
3 58 7 10246 32 2.000000000
3 59 7 10247 32 2.000000000
3 60 7 10248 32 2.000000000
3 61 7 10249 32 2.000000000
3 62 7 10250 32 2.000000000
3 63 7 10251 32 2.000000000
