252
0 1 7 10000 256 2.000000000
0 2 7 10001 256 2.000000000
0 3 7 10002 256 2.000000000
0 4 7 10003 256 2.000000000
0 5 7 10004 256 2.000000000
0 6 7 10005 256 2.000000000
0 7 7 10006 256 2.000000000
0 8 7 10007 256 2.000000000
0 9 7 10008 256 2.000000000
0 10 7 10009 256 2.000000000
0 11 7 10010 256 2.000000000
0 12 7 10011 256 2.000000000
0 13 7 10012 256 2.000000000
0 14 7 10013 256 2.000000000
0 15 7 10014 256 2.000000000
0 16 7 10015 256 2.000000000
0 17 7 10016 256 2.000000000
0 18 7 10017 256 2.000000000
0 19 7 10018 256 2.000000000
0 20 7 10019 256 2.000000000
0 21 7 10020 256 2.000000000
0 22 7 10021 256 2.000000000
0 23 7 10022 256 2.000000000
0 24 7 10023 256 2.000000000
0 25 7 10024 256 2.000000000
0 26 7 10025 256 2.000000000
0 27 7 10026 256 2.000000000
0 28 7 10027 256 2.000000000
0 29 7 10028 256 2.000000000
0 30 7 10029 256 2.000000000
0 31 7 10030 256 2.000000000
0 32 7 10031 256 2.000000000
0 33 7 10032 256 2.000000000
0 34 7 10033 256 2.000000000
0 35 7 10034 256 2.000000000
0 36 7 10035 256 2.000000000
0 37 7 10036 256 2.000000000
0 38 7 10037 256 2.000000000
0 39 7 10038 256 2.000000000
0 40 7 10039 256 2.000000000
0 41 7 10040 256 2.000000000
0 42 7 10041 256 2.000000000
0 43 7 10042 256 2.000000000
0 44 7 10043 256 2.000000000
0 45 7 10044 256 2.000000000
0 46 7 10045 256 2.000000000
0 47 7 10046 256 2.000000000
0 48 7 10047 256 2.000000000
0 49 7 10048 256 2.000000000
0 50 7 10049 256 2.000000000
0 51 7 10050 256 2.000000000
0 52 7 10051 256 2.000000000
0 53 7 10052 256 2.000000000
0 54 7 10053 256 2.000000000
0 55 7 10054 256 2.000000000
0 56 7 10055 256 2.000000000
0 57 7 10056 256 2.000000000
0 58 7 10057 256 2.000000000
0 59 7 10058 256 2.000000000
0 60 7 10059 256 2.000000000
0 61 7 10060 256 2.000000000
0 62 7 10061 256 2.000000000
0 63 7 10062 256 2.000000000
1 0 7 10063 256 2.000000000
1 2 7 10064 256 2.000000000
1 3 7 10065 256 2.000000000
1 4 7 10066 256 2.000000000
1 5 7 10067 256 2.000000000
1 6 7 10068 256 2.000000000
1 7 7 10069 256 2.000000000
1 8 7 10070 256 2.000000000
1 9 7 10071 256 2.000000000
1 10 7 10072 256 2.000000000
1 11 7 10073 256 2.000000000
1 12 7 10074 256 2.000000000
1 13 7 10075 256 2.000000000
1 14 7 10076 256 2.000000000
1 15 7 10077 256 2.000000000
1 16 7 10078 256 2.000000000
1 17 7 10079 256 2.000000000
1 18 7 10080 256 2.000000000
1 19 7 10081 256 2.000000000
1 20 7 10082 256 2.000000000
1 21 7 10083 256 2.000000000
1 22 7 10084 256 2.000000000
1 23 7 10085 256 2.000000000
1 24 7 10086 256 2.000000000
1 25 7 10087 256 2.000000000
1 26 7 10088 256 2.000000000
1 27 7 10089 256 2.000000000
1 28 7 10090 256 2.000000000
1 29 7 10091 256 2.000000000
1 30 7 10092 256 2.000000000
1 31 7 10093 256 2.000000000
1 32 7 10094 256 2.000000000
1 33 7 10095 256 2.000000000
1 34 7 10096 256 2.000000000
1 35 7 10097 256 2.000000000
1 36 7 10098 256 2.000000000
1 37 7 10099 256 2.000000000
1 38 7 10100 256 2.000000000
1 39 7 10101 256 2.000000000
1 40 7 10102 256 2.000000000
1 41 7 10103 256 2.000000000
1 42 7 10104 256 2.000000000
1 43 7 10105 256 2.000000000
1 44 7 10106 256 2.000000000
1 45 7 10107 256 2.000000000
1 46 7 10108 256 2.000000000
1 47 7 10109 256 2.000000000
1 48 7 10110 256 2.000000000
1 49 7 10111 256 2.000000000
1 50 7 10112 256 2.000000000
1 51 7 10113 256 2.000000000
1 52 7 10114 256 2.000000000
1 53 7 10115 256 2.000000000
1 54 7 10116 256 2.000000000
1 55 7 10117 256 2.000000000
1 56 7 10118 256 2.000000000
1 57 7 10119 256 2.000000000
1 58 7 10120 256 2.000000000
1 59 7 10121 256 2.000000000
1 60 7 10122 256 2.000000000
1 61 7 10123 256 2.000000000
1 62 7 10124 256 2.000000000
1 63 7 10125 256 2.000000000
2 0 7 10126 256 2.000000000
2 1 7 10127 256 2.000000000
2 3 7 10128 256 2.000000000
2 4 7 10129 256 2.000000000
2 5 7 10130 256 2.000000000
2 6 7 10131 256 2.000000000
2 7 7 10132 256 2.000000000
2 8 7 10133 256 2.000000000
2 9 7 10134 256 2.000000000
2 10 7 10135 256 2.000000000
2 11 7 10136 256 2.000000000
2 12 7 10137 256 2.000000000
2 13 7 10138 256 2.000000000
2 14 7 10139 256 2.000000000
2 15 7 10140 256 2.000000000
2 16 7 10141 256 2.000000000
2 17 7 10142 256 2.000000000
2 18 7 10143 256 2.000000000
2 19 7 10144 256 2.000000000
2 20 7 10145 256 2.000000000
2 21 7 10146 256 2.000000000
2 22 7 10147 256 2.000000000
2 23 7 10148 256 2.000000000
2 24 7 10149 256 2.000000000
2 25 7 10150 256 2.000000000
2 26 7 10151 256 2.000000000
2 27 7 10152 256 2.000000000
2 28 7 10153 256 2.000000000
2 29 7 10154 256 2.000000000
2 30 7 10155 256 2.000000000
2 31 7 10156 256 2.000000000
2 32 7 10157 256 2.000000000
2 33 7 10158 256 2.000000000
2 34 7 10159 256 2.000000000
2 35 7 10160 256 2.000000000
2 36 7 10161 256 2.000000000
2 37 7 10162 256 2.000000000
2 38 7 10163 256 2.000000000
2 39 7 10164 256 2.000000000
2 40 7 10165 256 2.000000000
2 41 7 10166 256 2.000000000
2 42 7 10167 256 2.000000000
2 43 7 10168 256 2.000000000
2 44 7 10169 256 2.000000000
2 45 7 10170 256 2.000000000
2 46 7 10171 256 2.000000000
2 47 7 10172 256 2.000000000
2 48 7 10173 256 2.000000000
2 49 7 10174 256 2.000000000
2 50 7 10175 256 2.000000000
2 51 7 10176 256 2.000000000
2 52 7 10177 256 2.000000000
2 53 7 10178 256 2.000000000
2 54 7 10179 256 2.000000000
2 55 7 10180 256 2.000000000
2 56 7 10181 256 2.000000000
2 57 7 10182 256 2.000000000
2 58 7 10183 256 2.000000000
2 59 7 10184 256 2.000000000
2 60 7 10185 256 2.000000000
2 61 7 10186 256 2.000000000
2 62 7 10187 256 2.000000000
2 63 7 10188 256 2.000000000
3 0 7 10189 256 2.000000000
3 1 7 10190 256 2.000000000
3 2 7 10191 256 2.000000000
3 4 7 10192 256 2.000000000
3 5 7 10193 256 2.000000000
3 6 7 10194 256 2.000000000
3 7 7 10195 256 2.000000000
3 8 7 10196 256 2.000000000
3 9 7 10197 256 2.000000000
3 10 7 10198 256 2.000000000
3 11 7 10199 256 2.000000000
3 12 7 10200 256 2.000000000
3 13 7 10201 256 2.000000000
3 14 7 10202 256 2.000000000
3 15 7 10203 256 2.000000000
3 16 7 10204 256 2.000000000
3 17 7 10205 256 2.000000000
3 18 7 10206 256 2.000000000
3 19 7 10207 256 2.000000000
3 20 7 10208 256 2.000000000
3 21 7 10209 256 2.000000000
3 22 7 10210 256 2.000000000
3 23 7 10211 256 2.000000000
3 24 7 10212 256 2.000000000
3 25 7 10213 256 2.000000000
3 26 7 10214 256 2.000000000
3 27 7 10215 256 2.000000000
3 28 7 10216 256 2.000000000
3 29 7 10217 256 2.000000000
3 30 7 10218 256 2.000000000
3 31 7 10219 256 2.000000000
3 32 7 10220 256 2.000000000
3 33 7 10221 256 2.000000000
3 34 7 10222 256 2.000000000
3 35 7 10223 256 2.000000000
3 36 7 10224 256 2.000000000
3 37 7 10225 256 2.000000000
3 38 7 10226 256 2.000000000
3 39 7 10227 256 2.000000000
3 40 7 10228 256 2.000000000
3 41 7 10229 256 2.000000000
3 42 7 10230 256 2.000000000
3 43 7 10231 256 2.000000000
3 44 7 10232 256 2.000000000
3 45 7 10233 256 2.000000000
3 46 7 10234 256 2.000000000
3 47 7 10235 256 2.000000000
3 48 7 10236 256 2.000000000
3 49 7 10237 256 2.000000000
3 50 7 10238 256 2.000000000
3 51 7 10239 256 2.000000000
3 52 7 10240 256 2.000000000
3 53 7 10241 256 2.000000000
3 54 7 10242 256 2.000000000
3 55 7 10243 256 2.000000000
3 56 7 10244 256 2.000000000
3 57 7 10245 256 2.000000000
3 58 7 10246 256 2.000000000
3 59 7 10247 256 2.000000000
3 60 7 10248 256 2.000000000
3 61 7 10249 256 2.000000000
3 62 7 10250 256 2.000000000
3 63 7 10251 256 2.000000000
