252
0 1 7 10000 64 2.000000000
0 2 7 10001 64 2.000000000
0 3 7 10002 64 2.000000000
0 4 7 10003 64 2.000000000
0 5 7 10004 64 2.000000000
0 6 7 10005 64 2.000000000
0 7 7 10006 64 2.000000000
0 8 7 10007 64 2.000000000
0 9 7 10008 64 2.000000000
0 10 7 10009 64 2.000000000
0 11 7 10010 64 2.000000000
0 12 7 10011 64 2.000000000
0 13 7 10012 64 2.000000000
0 14 7 10013 64 2.000000000
0 15 7 10014 64 2.000000000
0 16 7 10015 64 2.000000000
0 17 7 10016 64 2.000000000
0 18 7 10017 64 2.000000000
0 19 7 10018 64 2.000000000
0 20 7 10019 64 2.000000000
0 21 7 10020 64 2.000000000
0 22 7 10021 64 2.000000000
0 23 7 10022 64 2.000000000
0 24 7 10023 64 2.000000000
0 25 7 10024 64 2.000000000
0 26 7 10025 64 2.000000000
0 27 7 10026 64 2.000000000
0 28 7 10027 64 2.000000000
0 29 7 10028 64 2.000000000
0 30 7 10029 64 2.000000000
0 31 7 10030 64 2.000000000
0 32 7 10031 64 2.000000000
0 33 7 10032 64 2.000000000
0 34 7 10033 64 2.000000000
0 35 7 10034 64 2.000000000
0 36 7 10035 64 2.000000000
0 37 7 10036 64 2.000000000
0 38 7 10037 64 2.000000000
0 39 7 10038 64 2.000000000
0 40 7 10039 64 2.000000000
0 41 7 10040 64 2.000000000
0 42 7 10041 64 2.000000000
0 43 7 10042 64 2.000000000
0 44 7 10043 64 2.000000000
0 45 7 10044 64 2.000000000
0 46 7 10045 64 2.000000000
0 47 7 10046 64 2.000000000
0 48 7 10047 64 2.000000000
0 49 7 10048 64 2.000000000
0 50 7 10049 64 2.000000000
0 51 7 10050 64 2.000000000
0 52 7 10051 64 2.000000000
0 53 7 10052 64 2.000000000
0 54 7 10053 64 2.000000000
0 55 7 10054 64 2.000000000
0 56 7 10055 64 2.000000000
0 57 7 10056 64 2.000000000
0 58 7 10057 64 2.000000000
0 59 7 10058 64 2.000000000
0 60 7 10059 64 2.000000000
0 61 7 10060 64 2.000000000
0 62 7 10061 64 2.000000000
0 63 7 10062 64 2.000000000
1 0 7 10063 64 2.000000000
1 2 7 10064 64 2.000000000
1 3 7 10065 64 2.000000000
1 4 7 10066 64 2.000000000
1 5 7 10067 64 2.000000000
1 6 7 10068 64 2.000000000
1 7 7 10069 64 2.000000000
1 8 7 10070 64 2.000000000
1 9 7 10071 64 2.000000000
1 10 7 10072 64 2.000000000
1 11 7 10073 64 2.000000000
1 12 7 10074 64 2.000000000
1 13 7 10075 64 2.000000000
1 14 7 10076 64 2.000000000
1 15 7 10077 64 2.000000000
1 16 7 10078 64 2.000000000
1 17 7 10079 64 2.000000000
1 18 7 10080 64 2.000000000
1 19 7 10081 64 2.000000000
1 20 7 10082 64 2.000000000
1 21 7 10083 64 2.000000000
1 22 7 10084 64 2.000000000
1 23 7 10085 64 2.000000000
1 24 7 10086 64 2.000000000
1 25 7 10087 64 2.000000000
1 26 7 10088 64 2.000000000
1 27 7 10089 64 2.000000000
1 28 7 10090 64 2.000000000
1 29 7 10091 64 2.000000000
1 30 7 10092 64 2.000000000
1 31 7 10093 64 2.000000000
1 32 7 10094 64 2.000000000
1 33 7 10095 64 2.000000000
1 34 7 10096 64 2.000000000
1 35 7 10097 64 2.000000000
1 36 7 10098 64 2.000000000
1 37 7 10099 64 2.000000000
1 38 7 10100 64 2.000000000
1 39 7 10101 64 2.000000000
1 40 7 10102 64 2.000000000
1 41 7 10103 64 2.000000000
1 42 7 10104 64 2.000000000
1 43 7 10105 64 2.000000000
1 44 7 10106 64 2.000000000
1 45 7 10107 64 2.000000000
1 46 7 10108 64 2.000000000
1 47 7 10109 64 2.000000000
1 48 7 10110 64 2.000000000
1 49 7 10111 64 2.000000000
1 50 7 10112 64 2.000000000
1 51 7 10113 64 2.000000000
1 52 7 10114 64 2.000000000
1 53 7 10115 64 2.000000000
1 54 7 10116 64 2.000000000
1 55 7 10117 64 2.000000000
1 56 7 10118 64 2.000000000
1 57 7 10119 64 2.000000000
1 58 7 10120 64 2.000000000
1 59 7 10121 64 2.000000000
1 60 7 10122 64 2.000000000
1 61 7 10123 64 2.000000000
1 62 7 10124 64 2.000000000
1 63 7 10125 64 2.000000000
2 0 7 10126 64 2.000000000
2 1 7 10127 64 2.000000000
2 3 7 10128 64 2.000000000
2 4 7 10129 64 2.000000000
2 5 7 10130 64 2.000000000
2 6 7 10131 64 2.000000000
2 7 7 10132 64 2.000000000
2 8 7 10133 64 2.000000000
2 9 7 10134 64 2.000000000
2 10 7 10135 64 2.000000000
2 11 7 10136 64 2.000000000
2 12 7 10137 64 2.000000000
2 13 7 10138 64 2.000000000
2 14 7 10139 64 2.000000000
2 15 7 10140 64 2.000000000
2 16 7 10141 64 2.000000000
2 17 7 10142 64 2.000000000
2 18 7 10143 64 2.000000000
2 19 7 10144 64 2.000000000
2 20 7 10145 64 2.000000000
2 21 7 10146 64 2.000000000
2 22 7 10147 64 2.000000000
2 23 7 10148 64 2.000000000
2 24 7 10149 64 2.000000000
2 25 7 10150 64 2.000000000
2 26 7 10151 64 2.000000000
2 27 7 10152 64 2.000000000
2 28 7 10153 64 2.000000000
2 29 7 10154 64 2.000000000
2 30 7 10155 64 2.000000000
2 31 7 10156 64 2.000000000
2 32 7 10157 64 2.000000000
2 33 7 10158 64 2.000000000
2 34 7 10159 64 2.000000000
2 35 7 10160 64 2.000000000
2 36 7 10161 64 2.000000000
2 37 7 10162 64 2.000000000
2 38 7 10163 64 2.000000000
2 39 7 10164 64 2.000000000
2 40 7 10165 64 2.000000000
2 41 7 10166 64 2.000000000
2 42 7 10167 64 2.000000000
2 43 7 10168 64 2.000000000
2 44 7 10169 64 2.000000000
2 45 7 10170 64 2.000000000
2 46 7 10171 64 2.000000000
2 47 7 10172 64 2.000000000
2 48 7 10173 64 2.000000000
2 49 7 10174 64 2.000000000
2 50 7 10175 64 2.000000000
2 51 7 10176 64 2.000000000
2 52 7 10177 64 2.000000000
2 53 7 10178 64 2.000000000
2 54 7 10179 64 2.000000000
2 55 7 10180 64 2.000000000
2 56 7 10181 64 2.000000000
2 57 7 10182 64 2.000000000
2 58 7 10183 64 2.000000000
2 59 7 10184 64 2.000000000
2 60 7 10185 64 2.000000000
2 61 7 10186 64 2.000000000
2 62 7 10187 64 2.000000000
2 63 7 10188 64 2.000000000
3 0 7 10189 64 2.000000000
3 1 7 10190 64 2.000000000
3 2 7 10191 64 2.000000000
3 4 7 10192 64 2.000000000
3 5 7 10193 64 2.000000000
3 6 7 10194 64 2.000000000
3 7 7 10195 64 2.000000000
3 8 7 10196 64 2.000000000
3 9 7 10197 64 2.000000000
3 10 7 10198 64 2.000000000
3 11 7 10199 64 2.000000000
3 12 7 10200 64 2.000000000
3 13 7 10201 64 2.000000000
3 14 7 10202 64 2.000000000
3 15 7 10203 64 2.000000000
3 16 7 10204 64 2.000000000
3 17 7 10205 64 2.000000000
3 18 7 10206 64 2.000000000
3 19 7 10207 64 2.000000000
3 20 7 10208 64 2.000000000
3 21 7 10209 64 2.000000000
3 22 7 10210 64 2.000000000
3 23 7 10211 64 2.000000000
3 24 7 10212 64 2.000000000
3 25 7 10213 64 2.000000000
3 26 7 10214 64 2.000000000
3 27 7 10215 64 2.000000000
3 28 7 10216 64 2.000000000
3 29 7 10217 64 2.000000000
3 30 7 10218 64 2.000000000
3 31 7 10219 64 2.000000000
3 32 7 10220 64 2.000000000
3 33 7 10221 64 2.000000000
3 34 7 10222 64 2.000000000
3 35 7 10223 64 2.000000000
3 36 7 10224 64 2.000000000
3 37 7 10225 64 2.000000000
3 38 7 10226 64 2.000000000
3 39 7 10227 64 2.000000000
3 40 7 10228 64 2.000000000
3 41 7 10229 64 2.000000000
3 42 7 10230 64 2.000000000
3 43 7 10231 64 2.000000000
3 44 7 10232 64 2.000000000
3 45 7 10233 64 2.000000000
3 46 7 10234 64 2.000000000
3 47 7 10235 64 2.000000000
3 48 7 10236 64 2.000000000
3 49 7 10237 64 2.000000000
3 50 7 10238 64 2.000000000
3 51 7 10239 64 2.000000000
3 52 7 10240 64 2.000000000
3 53 7 10241 64 2.000000000
3 54 7 10242 64 2.000000000
3 55 7 10243 64 2.000000000
3 56 7 10244 64 2.000000000
3 57 7 10245 64 2.000000000
3 58 7 10246 64 2.000000000
3 59 7 10247 64 2.000000000
3 60 7 10248 64 2.000000000
3 61 7 10249 64 2.000000000
3 62 7 10250 64 2.000000000
3 63 7 10251 64 2.000000000
