252
0 1 7 10000 2 2.000000000
0 2 7 10001 2 2.000000000
0 3 7 10002 2 2.000000000
0 4 7 10003 2 2.000000000
0 5 7 10004 2 2.000000000
0 6 7 10005 2 2.000000000
0 7 7 10006 2 2.000000000
0 8 7 10007 2 2.000000000
0 9 7 10008 2 2.000000000
0 10 7 10009 2 2.000000000
0 11 7 10010 2 2.000000000
0 12 7 10011 2 2.000000000
0 13 7 10012 2 2.000000000
0 14 7 10013 2 2.000000000
0 15 7 10014 2 2.000000000
0 16 7 10015 2 2.000000000
0 17 7 10016 2 2.000000000
0 18 7 10017 2 2.000000000
0 19 7 10018 2 2.000000000
0 20 7 10019 2 2.000000000
0 21 7 10020 2 2.000000000
0 22 7 10021 2 2.000000000
0 23 7 10022 2 2.000000000
0 24 7 10023 2 2.000000000
0 25 7 10024 2 2.000000000
0 26 7 10025 2 2.000000000
0 27 7 10026 2 2.000000000
0 28 7 10027 2 2.000000000
0 29 7 10028 2 2.000000000
0 30 7 10029 2 2.000000000
0 31 7 10030 2 2.000000000
0 32 7 10031 2 2.000000000
0 33 7 10032 2 2.000000000
0 34 7 10033 2 2.000000000
0 35 7 10034 2 2.000000000
0 36 7 10035 2 2.000000000
0 37 7 10036 2 2.000000000
0 38 7 10037 2 2.000000000
0 39 7 10038 2 2.000000000
0 40 7 10039 2 2.000000000
0 41 7 10040 2 2.000000000
0 42 7 10041 2 2.000000000
0 43 7 10042 2 2.000000000
0 44 7 10043 2 2.000000000
0 45 7 10044 2 2.000000000
0 46 7 10045 2 2.000000000
0 47 7 10046 2 2.000000000
0 48 7 10047 2 2.000000000
0 49 7 10048 2 2.000000000
0 50 7 10049 2 2.000000000
0 51 7 10050 2 2.000000000
0 52 7 10051 2 2.000000000
0 53 7 10052 2 2.000000000
0 54 7 10053 2 2.000000000
0 55 7 10054 2 2.000000000
0 56 7 10055 2 2.000000000
0 57 7 10056 2 2.000000000
0 58 7 10057 2 2.000000000
0 59 7 10058 2 2.000000000
0 60 7 10059 2 2.000000000
0 61 7 10060 2 2.000000000
0 62 7 10061 2 2.000000000
0 63 7 10062 2 2.000000000
1 0 7 10063 2 2.000000000
1 2 7 10064 2 2.000000000
1 3 7 10065 2 2.000000000
1 4 7 10066 2 2.000000000
1 5 7 10067 2 2.000000000
1 6 7 10068 2 2.000000000
1 7 7 10069 2 2.000000000
1 8 7 10070 2 2.000000000
1 9 7 10071 2 2.000000000
1 10 7 10072 2 2.000000000
1 11 7 10073 2 2.000000000
1 12 7 10074 2 2.000000000
1 13 7 10075 2 2.000000000
1 14 7 10076 2 2.000000000
1 15 7 10077 2 2.000000000
1 16 7 10078 2 2.000000000
1 17 7 10079 2 2.000000000
1 18 7 10080 2 2.000000000
1 19 7 10081 2 2.000000000
1 20 7 10082 2 2.000000000
1 21 7 10083 2 2.000000000
1 22 7 10084 2 2.000000000
1 23 7 10085 2 2.000000000
1 24 7 10086 2 2.000000000
1 25 7 10087 2 2.000000000
1 26 7 10088 2 2.000000000
1 27 7 10089 2 2.000000000
1 28 7 10090 2 2.000000000
1 29 7 10091 2 2.000000000
1 30 7 10092 2 2.000000000
1 31 7 10093 2 2.000000000
1 32 7 10094 2 2.000000000
1 33 7 10095 2 2.000000000
1 34 7 10096 2 2.000000000
1 35 7 10097 2 2.000000000
1 36 7 10098 2 2.000000000
1 37 7 10099 2 2.000000000
1 38 7 10100 2 2.000000000
1 39 7 10101 2 2.000000000
1 40 7 10102 2 2.000000000
1 41 7 10103 2 2.000000000
1 42 7 10104 2 2.000000000
1 43 7 10105 2 2.000000000
1 44 7 10106 2 2.000000000
1 45 7 10107 2 2.000000000
1 46 7 10108 2 2.000000000
1 47 7 10109 2 2.000000000
1 48 7 10110 2 2.000000000
1 49 7 10111 2 2.000000000
1 50 7 10112 2 2.000000000
1 51 7 10113 2 2.000000000
1 52 7 10114 2 2.000000000
1 53 7 10115 2 2.000000000
1 54 7 10116 2 2.000000000
1 55 7 10117 2 2.000000000
1 56 7 10118 2 2.000000000
1 57 7 10119 2 2.000000000
1 58 7 10120 2 2.000000000
1 59 7 10121 2 2.000000000
1 60 7 10122 2 2.000000000
1 61 7 10123 2 2.000000000
1 62 7 10124 2 2.000000000
1 63 7 10125 2 2.000000000
2 0 7 10126 2 2.000000000
2 1 7 10127 2 2.000000000
2 3 7 10128 2 2.000000000
2 4 7 10129 2 2.000000000
2 5 7 10130 2 2.000000000
2 6 7 10131 2 2.000000000
2 7 7 10132 2 2.000000000
2 8 7 10133 2 2.000000000
2 9 7 10134 2 2.000000000
2 10 7 10135 2 2.000000000
2 11 7 10136 2 2.000000000
2 12 7 10137 2 2.000000000
2 13 7 10138 2 2.000000000
2 14 7 10139 2 2.000000000
2 15 7 10140 2 2.000000000
2 16 7 10141 2 2.000000000
2 17 7 10142 2 2.000000000
2 18 7 10143 2 2.000000000
2 19 7 10144 2 2.000000000
2 20 7 10145 2 2.000000000
2 21 7 10146 2 2.000000000
2 22 7 10147 2 2.000000000
2 23 7 10148 2 2.000000000
2 24 7 10149 2 2.000000000
2 25 7 10150 2 2.000000000
2 26 7 10151 2 2.000000000
2 27 7 10152 2 2.000000000
2 28 7 10153 2 2.000000000
2 29 7 10154 2 2.000000000
2 30 7 10155 2 2.000000000
2 31 7 10156 2 2.000000000
2 32 7 10157 2 2.000000000
2 33 7 10158 2 2.000000000
2 34 7 10159 2 2.000000000
2 35 7 10160 2 2.000000000
2 36 7 10161 2 2.000000000
2 37 7 10162 2 2.000000000
2 38 7 10163 2 2.000000000
2 39 7 10164 2 2.000000000
2 40 7 10165 2 2.000000000
2 41 7 10166 2 2.000000000
2 42 7 10167 2 2.000000000
2 43 7 10168 2 2.000000000
2 44 7 10169 2 2.000000000
2 45 7 10170 2 2.000000000
2 46 7 10171 2 2.000000000
2 47 7 10172 2 2.000000000
2 48 7 10173 2 2.000000000
2 49 7 10174 2 2.000000000
2 50 7 10175 2 2.000000000
2 51 7 10176 2 2.000000000
2 52 7 10177 2 2.000000000
2 53 7 10178 2 2.000000000
2 54 7 10179 2 2.000000000
2 55 7 10180 2 2.000000000
2 56 7 10181 2 2.000000000
2 57 7 10182 2 2.000000000
2 58 7 10183 2 2.000000000
2 59 7 10184 2 2.000000000
2 60 7 10185 2 2.000000000
2 61 7 10186 2 2.000000000
2 62 7 10187 2 2.000000000
2 63 7 10188 2 2.000000000
3 0 7 10189 2 2.000000000
3 1 7 10190 2 2.000000000
3 2 7 10191 2 2.000000000
3 4 7 10192 2 2.000000000
3 5 7 10193 2 2.000000000
3 6 7 10194 2 2.000000000
3 7 7 10195 2 2.000000000
3 8 7 10196 2 2.000000000
3 9 7 10197 2 2.000000000
3 10 7 10198 2 2.000000000
3 11 7 10199 2 2.000000000
3 12 7 10200 2 2.000000000
3 13 7 10201 2 2.000000000
3 14 7 10202 2 2.000000000
3 15 7 10203 2 2.000000000
3 16 7 10204 2 2.000000000
3 17 7 10205 2 2.000000000
3 18 7 10206 2 2.000000000
3 19 7 10207 2 2.000000000
3 20 7 10208 2 2.000000000
3 21 7 10209 2 2.000000000
3 22 7 10210 2 2.000000000
3 23 7 10211 2 2.000000000
3 24 7 10212 2 2.000000000
3 25 7 10213 2 2.000000000
3 26 7 10214 2 2.000000000
3 27 7 10215 2 2.000000000
3 28 7 10216 2 2.000000000
3 29 7 10217 2 2.000000000
3 30 7 10218 2 2.000000000
3 31 7 10219 2 2.000000000
3 32 7 10220 2 2.000000000
3 33 7 10221 2 2.000000000
3 34 7 10222 2 2.000000000
3 35 7 10223 2 2.000000000
3 36 7 10224 2 2.000000000
3 37 7 10225 2 2.000000000
3 38 7 10226 2 2.000000000
3 39 7 10227 2 2.000000000
3 40 7 10228 2 2.000000000
3 41 7 10229 2 2.000000000
3 42 7 10230 2 2.000000000
3 43 7 10231 2 2.000000000
3 44 7 10232 2 2.000000000
3 45 7 10233 2 2.000000000
3 46 7 10234 2 2.000000000
3 47 7 10235 2 2.000000000
3 48 7 10236 2 2.000000000
3 49 7 10237 2 2.000000000
3 50 7 10238 2 2.000000000
3 51 7 10239 2 2.000000000
3 52 7 10240 2 2.000000000
3 53 7 10241 2 2.000000000
3 54 7 10242 2 2.000000000
3 55 7 10243 2 2.000000000
3 56 7 10244 2 2.000000000
3 57 7 10245 2 2.000000000
3 58 7 10246 2 2.000000000
3 59 7 10247 2 2.000000000
3 60 7 10248 2 2.000000000
3 61 7 10249 2 2.000000000
3 62 7 10250 2 2.000000000
3 63 7 10251 2 2.000000000
