2016
0 128 7 10000 64 2.000000000
1 129 7 10001 64 2.000000000
2 130 7 10002 64 2.000000000
3 131 7 10003 64 2.000000000
4 132 7 10004 64 2.000000000
5 133 7 10005 64 2.000000000
6 134 7 10006 64 2.000000000
7 135 7 10007 64 2.000000000
8 136 7 10008 64 2.000000000
9 137 7 10009 64 2.000000000
10 138 7 10010 64 2.000000000
11 139 7 10011 64 2.000000000
12 140 7 10012 64 2.000000000
13 141 7 10013 64 2.000000000
14 142 7 10014 64 2.000000000
15 143 7 10015 64 2.000000000
16 144 7 10016 64 2.000000000
17 145 7 10017 64 2.000000000
18 146 7 10018 64 2.000000000
19 147 7 10019 64 2.000000000
20 148 7 10020 64 2.000000000
21 149 7 10021 64 2.000000000
22 150 7 10022 64 2.000000000
23 151 7 10023 64 2.000000000
24 152 7 10024 64 2.000000000
25 153 7 10025 64 2.000000000
26 154 7 10026 64 2.000000000
27 155 7 10027 64 2.000000000
28 156 7 10028 64 2.000000000
29 157 7 10029 64 2.000000000
30 158 7 10030 64 2.000000000
31 159 7 10031 64 2.000000000
0 1024 7 10032 64 2.000000000
8 1032 7 10033 64 2.000000000
16 1040 7 10034 64 2.000000000
24 1048 7 10035 64 2.000000000
0 512 7 10036 64 2.000000000
8 520 7 10037 64 2.000000000
16 528 7 10038 64 2.000000000
24 536 7 10039 64 2.000000000
0 256 7 10040 64 2.000000000
8 264 7 10041 64 2.000000000
16 272 7 10042 64 2.000000000
24 280 7 10043 64 2.000000000
0 16 7 10044 64 2.000000000
16 0 7 10045 64 2.000000000
8 24 7 10046 64 2.000000000
24 8 7 10047 64 2.000000000
0 8 7 10048 64 2.000000000
8 0 7 10049 64 2.000000000
16 24 7 10050 64 2.000000000
24 16 7 10051 64 2.000000000
1 1025 7 10052 64 2.000000000
9 1033 7 10053 64 2.000000000
17 1041 7 10054 64 2.000000000
25 1049 7 10055 64 2.000000000
1 513 7 10056 64 2.000000000
9 521 7 10057 64 2.000000000
17 529 7 10058 64 2.000000000
25 537 7 10059 64 2.000000000
1 257 7 10060 64 2.000000000
9 265 7 10061 64 2.000000000
17 273 7 10062 64 2.000000000
25 281 7 10063 64 2.000000000
1 17 7 10064 64 2.000000000
17 1 7 10065 64 2.000000000
9 25 7 10066 64 2.000000000
25 9 7 10067 64 2.000000000
1 9 7 10068 64 2.000000000
9 1 7 10069 64 2.000000000
17 25 7 10070 64 2.000000000
25 17 7 10071 64 2.000000000
2 1026 7 10072 64 2.000000000
10 1034 7 10073 64 2.000000000
18 1042 7 10074 64 2.000000000
26 1050 7 10075 64 2.000000000
2 514 7 10076 64 2.000000000
10 522 7 10077 64 2.000000000
18 530 7 10078 64 2.000000000
26 538 7 10079 64 2.000000000
2 258 7 10080 64 2.000000000
10 266 7 10081 64 2.000000000
18 274 7 10082 64 2.000000000
26 282 7 10083 64 2.000000000
2 18 7 10084 64 2.000000000
18 2 7 10085 64 2.000000000
10 26 7 10086 64 2.000000000
26 10 7 10087 64 2.000000000
2 10 7 10088 64 2.000000000
10 2 7 10089 64 2.000000000
18 26 7 10090 64 2.000000000
26 18 7 10091 64 2.000000000
3 1027 7 10092 64 2.000000000
11 1035 7 10093 64 2.000000000
19 1043 7 10094 64 2.000000000
27 1051 7 10095 64 2.000000000
3 515 7 10096 64 2.000000000
11 523 7 10097 64 2.000000000
19 531 7 10098 64 2.000000000
27 539 7 10099 64 2.000000000
3 259 7 10100 64 2.000000000
11 267 7 10101 64 2.000000000
19 275 7 10102 64 2.000000000
27 283 7 10103 64 2.000000000
3 19 7 10104 64 2.000000000
19 3 7 10105 64 2.000000000
11 27 7 10106 64 2.000000000
27 11 7 10107 64 2.000000000
3 11 7 10108 64 2.000000000
11 3 7 10109 64 2.000000000
19 27 7 10110 64 2.000000000
27 19 7 10111 64 2.000000000
4 1028 7 10112 64 2.000000000
12 1036 7 10113 64 2.000000000
20 1044 7 10114 64 2.000000000
28 1052 7 10115 64 2.000000000
4 516 7 10116 64 2.000000000
12 524 7 10117 64 2.000000000
20 532 7 10118 64 2.000000000
28 540 7 10119 64 2.000000000
4 260 7 10120 64 2.000000000
12 268 7 10121 64 2.000000000
20 276 7 10122 64 2.000000000
28 284 7 10123 64 2.000000000
4 20 7 10124 64 2.000000000
20 4 7 10125 64 2.000000000
12 28 7 10126 64 2.000000000
28 12 7 10127 64 2.000000000
4 12 7 10128 64 2.000000000
12 4 7 10129 64 2.000000000
20 28 7 10130 64 2.000000000
28 20 7 10131 64 2.000000000
5 1029 7 10132 64 2.000000000
13 1037 7 10133 64 2.000000000
21 1045 7 10134 64 2.000000000
29 1053 7 10135 64 2.000000000
5 517 7 10136 64 2.000000000
13 525 7 10137 64 2.000000000
21 533 7 10138 64 2.000000000
29 541 7 10139 64 2.000000000
5 261 7 10140 64 2.000000000
13 269 7 10141 64 2.000000000
21 277 7 10142 64 2.000000000
29 285 7 10143 64 2.000000000
5 21 7 10144 64 2.000000000
21 5 7 10145 64 2.000000000
13 29 7 10146 64 2.000000000
29 13 7 10147 64 2.000000000
5 13 7 10148 64 2.000000000
13 5 7 10149 64 2.000000000
21 29 7 10150 64 2.000000000
29 21 7 10151 64 2.000000000
6 1030 7 10152 64 2.000000000
14 1038 7 10153 64 2.000000000
22 1046 7 10154 64 2.000000000
30 1054 7 10155 64 2.000000000
6 518 7 10156 64 2.000000000
14 526 7 10157 64 2.000000000
22 534 7 10158 64 2.000000000
30 542 7 10159 64 2.000000000
6 262 7 10160 64 2.000000000
14 270 7 10161 64 2.000000000
22 278 7 10162 64 2.000000000
30 286 7 10163 64 2.000000000
6 22 7 10164 64 2.000000000
22 6 7 10165 64 2.000000000
14 30 7 10166 64 2.000000000
30 14 7 10167 64 2.000000000
6 14 7 10168 64 2.000000000
14 6 7 10169 64 2.000000000
22 30 7 10170 64 2.000000000
30 22 7 10171 64 2.000000000
7 1031 7 10172 64 2.000000000
15 1039 7 10173 64 2.000000000
23 1047 7 10174 64 2.000000000
31 1055 7 10175 64 2.000000000
7 519 7 10176 64 2.000000000
15 527 7 10177 64 2.000000000
23 535 7 10178 64 2.000000000
31 543 7 10179 64 2.000000000
7 263 7 10180 64 2.000000000
15 271 7 10181 64 2.000000000
23 279 7 10182 64 2.000000000
31 287 7 10183 64 2.000000000
7 23 7 10184 64 2.000000000
23 7 7 10185 64 2.000000000
15 31 7 10186 64 2.000000000
31 15 7 10187 64 2.000000000
7 15 7 10188 64 2.000000000
15 7 7 10189 64 2.000000000
23 31 7 10190 64 2.000000000
31 23 7 10191 64 2.000000000
0 8 7 10192 64 2.000000000
0 9 7 10193 64 2.000000000
0 10 7 10194 64 2.000000000
0 11 7 10195 64 2.000000000
0 12 7 10196 64 2.000000000
0 13 7 10197 64 2.000000000
0 14 7 10198 64 2.000000000
0 15 7 10199 64 2.000000000
0 16 7 10200 64 2.000000000
0 17 7 10201 64 2.000000000
0 18 7 10202 64 2.000000000
0 19 7 10203 64 2.000000000
0 20 7 10204 64 2.000000000
0 21 7 10205 64 2.000000000
0 22 7 10206 64 2.000000000
0 23 7 10207 64 2.000000000
0 24 7 10208 64 2.000000000
0 25 7 10209 64 2.000000000
0 26 7 10210 64 2.000000000
0 27 7 10211 64 2.000000000
0 28 7 10212 64 2.000000000
0 29 7 10213 64 2.000000000
0 30 7 10214 64 2.000000000
0 31 7 10215 64 2.000000000
0 256 7 10216 64 2.000000000
0 257 7 10217 64 2.000000000
0 258 7 10218 64 2.000000000
0 259 7 10219 64 2.000000000
0 260 7 10220 64 2.000000000
0 261 7 10221 64 2.000000000
0 262 7 10222 64 2.000000000
0 263 7 10223 64 2.000000000
0 264 7 10224 64 2.000000000
0 265 7 10225 64 2.000000000
0 266 7 10226 64 2.000000000
0 267 7 10227 64 2.000000000
0 268 7 10228 64 2.000000000
0 269 7 10229 64 2.000000000
0 270 7 10230 64 2.000000000
0 271 7 10231 64 2.000000000
0 272 7 10232 64 2.000000000
0 273 7 10233 64 2.000000000
0 274 7 10234 64 2.000000000
0 275 7 10235 64 2.000000000
0 276 7 10236 64 2.000000000
0 277 7 10237 64 2.000000000
0 278 7 10238 64 2.000000000
0 279 7 10239 64 2.000000000
0 280 7 10240 64 2.000000000
0 281 7 10241 64 2.000000000
0 282 7 10242 64 2.000000000
0 283 7 10243 64 2.000000000
0 284 7 10244 64 2.000000000
0 285 7 10245 64 2.000000000
0 286 7 10246 64 2.000000000
0 287 7 10247 64 2.000000000
1 8 7 10248 64 2.000000000
1 9 7 10249 64 2.000000000
1 10 7 10250 64 2.000000000
1 11 7 10251 64 2.000000000
1 12 7 10252 64 2.000000000
1 13 7 10253 64 2.000000000
1 14 7 10254 64 2.000000000
1 15 7 10255 64 2.000000000
1 16 7 10256 64 2.000000000
1 17 7 10257 64 2.000000000
1 18 7 10258 64 2.000000000
1 19 7 10259 64 2.000000000
1 20 7 10260 64 2.000000000
1 21 7 10261 64 2.000000000
1 22 7 10262 64 2.000000000
1 23 7 10263 64 2.000000000
1 24 7 10264 64 2.000000000
1 25 7 10265 64 2.000000000
1 26 7 10266 64 2.000000000
1 27 7 10267 64 2.000000000
1 28 7 10268 64 2.000000000
1 29 7 10269 64 2.000000000
1 30 7 10270 64 2.000000000
1 31 7 10271 64 2.000000000
1 256 7 10272 64 2.000000000
1 257 7 10273 64 2.000000000
1 258 7 10274 64 2.000000000
1 259 7 10275 64 2.000000000
1 260 7 10276 64 2.000000000
1 261 7 10277 64 2.000000000
1 262 7 10278 64 2.000000000
1 263 7 10279 64 2.000000000
1 264 7 10280 64 2.000000000
1 265 7 10281 64 2.000000000
1 266 7 10282 64 2.000000000
1 267 7 10283 64 2.000000000
1 268 7 10284 64 2.000000000
1 269 7 10285 64 2.000000000
1 270 7 10286 64 2.000000000
1 271 7 10287 64 2.000000000
1 272 7 10288 64 2.000000000
1 273 7 10289 64 2.000000000
1 274 7 10290 64 2.000000000
1 275 7 10291 64 2.000000000
1 276 7 10292 64 2.000000000
1 277 7 10293 64 2.000000000
1 278 7 10294 64 2.000000000
1 279 7 10295 64 2.000000000
1 280 7 10296 64 2.000000000
1 281 7 10297 64 2.000000000
1 282 7 10298 64 2.000000000
1 283 7 10299 64 2.000000000
1 284 7 10300 64 2.000000000
1 285 7 10301 64 2.000000000
1 286 7 10302 64 2.000000000
1 287 7 10303 64 2.000000000
2 8 7 10304 64 2.000000000
2 9 7 10305 64 2.000000000
2 10 7 10306 64 2.000000000
2 11 7 10307 64 2.000000000
2 12 7 10308 64 2.000000000
2 13 7 10309 64 2.000000000
2 14 7 10310 64 2.000000000
2 15 7 10311 64 2.000000000
2 16 7 10312 64 2.000000000
2 17 7 10313 64 2.000000000
2 18 7 10314 64 2.000000000
2 19 7 10315 64 2.000000000
2 20 7 10316 64 2.000000000
2 21 7 10317 64 2.000000000
2 22 7 10318 64 2.000000000
2 23 7 10319 64 2.000000000
2 24 7 10320 64 2.000000000
2 25 7 10321 64 2.000000000
2 26 7 10322 64 2.000000000
2 27 7 10323 64 2.000000000
2 28 7 10324 64 2.000000000
2 29 7 10325 64 2.000000000
2 30 7 10326 64 2.000000000
2 31 7 10327 64 2.000000000
2 256 7 10328 64 2.000000000
2 257 7 10329 64 2.000000000
2 258 7 10330 64 2.000000000
2 259 7 10331 64 2.000000000
2 260 7 10332 64 2.000000000
2 261 7 10333 64 2.000000000
2 262 7 10334 64 2.000000000
2 263 7 10335 64 2.000000000
2 264 7 10336 64 2.000000000
2 265 7 10337 64 2.000000000
2 266 7 10338 64 2.000000000
2 267 7 10339 64 2.000000000
2 268 7 10340 64 2.000000000
2 269 7 10341 64 2.000000000
2 270 7 10342 64 2.000000000
2 271 7 10343 64 2.000000000
2 272 7 10344 64 2.000000000
2 273 7 10345 64 2.000000000
2 274 7 10346 64 2.000000000
2 275 7 10347 64 2.000000000
2 276 7 10348 64 2.000000000
2 277 7 10349 64 2.000000000
2 278 7 10350 64 2.000000000
2 279 7 10351 64 2.000000000
2 280 7 10352 64 2.000000000
2 281 7 10353 64 2.000000000
2 282 7 10354 64 2.000000000
2 283 7 10355 64 2.000000000
2 284 7 10356 64 2.000000000
2 285 7 10357 64 2.000000000
2 286 7 10358 64 2.000000000
2 287 7 10359 64 2.000000000
3 8 7 10360 64 2.000000000
3 9 7 10361 64 2.000000000
3 10 7 10362 64 2.000000000
3 11 7 10363 64 2.000000000
3 12 7 10364 64 2.000000000
3 13 7 10365 64 2.000000000
3 14 7 10366 64 2.000000000
3 15 7 10367 64 2.000000000
3 16 7 10368 64 2.000000000
3 17 7 10369 64 2.000000000
3 18 7 10370 64 2.000000000
3 19 7 10371 64 2.000000000
3 20 7 10372 64 2.000000000
3 21 7 10373 64 2.000000000
3 22 7 10374 64 2.000000000
3 23 7 10375 64 2.000000000
3 24 7 10376 64 2.000000000
3 25 7 10377 64 2.000000000
3 26 7 10378 64 2.000000000
3 27 7 10379 64 2.000000000
3 28 7 10380 64 2.000000000
3 29 7 10381 64 2.000000000
3 30 7 10382 64 2.000000000
3 31 7 10383 64 2.000000000
3 256 7 10384 64 2.000000000
3 257 7 10385 64 2.000000000
3 258 7 10386 64 2.000000000
3 259 7 10387 64 2.000000000
3 260 7 10388 64 2.000000000
3 261 7 10389 64 2.000000000
3 262 7 10390 64 2.000000000
3 263 7 10391 64 2.000000000
3 264 7 10392 64 2.000000000
3 265 7 10393 64 2.000000000
3 266 7 10394 64 2.000000000
3 267 7 10395 64 2.000000000
3 268 7 10396 64 2.000000000
3 269 7 10397 64 2.000000000
3 270 7 10398 64 2.000000000
3 271 7 10399 64 2.000000000
3 272 7 10400 64 2.000000000
3 273 7 10401 64 2.000000000
3 274 7 10402 64 2.000000000
3 275 7 10403 64 2.000000000
3 276 7 10404 64 2.000000000
3 277 7 10405 64 2.000000000
3 278 7 10406 64 2.000000000
3 279 7 10407 64 2.000000000
3 280 7 10408 64 2.000000000
3 281 7 10409 64 2.000000000
3 282 7 10410 64 2.000000000
3 283 7 10411 64 2.000000000
3 284 7 10412 64 2.000000000
3 285 7 10413 64 2.000000000
3 286 7 10414 64 2.000000000
3 287 7 10415 64 2.000000000
4 8 7 10416 64 2.000000000
4 9 7 10417 64 2.000000000
4 10 7 10418 64 2.000000000
4 11 7 10419 64 2.000000000
4 12 7 10420 64 2.000000000
4 13 7 10421 64 2.000000000
4 14 7 10422 64 2.000000000
4 15 7 10423 64 2.000000000
4 16 7 10424 64 2.000000000
4 17 7 10425 64 2.000000000
4 18 7 10426 64 2.000000000
4 19 7 10427 64 2.000000000
4 20 7 10428 64 2.000000000
4 21 7 10429 64 2.000000000
4 22 7 10430 64 2.000000000
4 23 7 10431 64 2.000000000
4 24 7 10432 64 2.000000000
4 25 7 10433 64 2.000000000
4 26 7 10434 64 2.000000000
4 27 7 10435 64 2.000000000
4 28 7 10436 64 2.000000000
4 29 7 10437 64 2.000000000
4 30 7 10438 64 2.000000000
4 31 7 10439 64 2.000000000
4 256 7 10440 64 2.000000000
4 257 7 10441 64 2.000000000
4 258 7 10442 64 2.000000000
4 259 7 10443 64 2.000000000
4 260 7 10444 64 2.000000000
4 261 7 10445 64 2.000000000
4 262 7 10446 64 2.000000000
4 263 7 10447 64 2.000000000
4 264 7 10448 64 2.000000000
4 265 7 10449 64 2.000000000
4 266 7 10450 64 2.000000000
4 267 7 10451 64 2.000000000
4 268 7 10452 64 2.000000000
4 269 7 10453 64 2.000000000
4 270 7 10454 64 2.000000000
4 271 7 10455 64 2.000000000
4 272 7 10456 64 2.000000000
4 273 7 10457 64 2.000000000
4 274 7 10458 64 2.000000000
4 275 7 10459 64 2.000000000
4 276 7 10460 64 2.000000000
4 277 7 10461 64 2.000000000
4 278 7 10462 64 2.000000000
4 279 7 10463 64 2.000000000
4 280 7 10464 64 2.000000000
4 281 7 10465 64 2.000000000
4 282 7 10466 64 2.000000000
4 283 7 10467 64 2.000000000
4 284 7 10468 64 2.000000000
4 285 7 10469 64 2.000000000
4 286 7 10470 64 2.000000000
4 287 7 10471 64 2.000000000
5 8 7 10472 64 2.000000000
5 9 7 10473 64 2.000000000
5 10 7 10474 64 2.000000000
5 11 7 10475 64 2.000000000
5 12 7 10476 64 2.000000000
5 13 7 10477 64 2.000000000
5 14 7 10478 64 2.000000000
5 15 7 10479 64 2.000000000
5 16 7 10480 64 2.000000000
5 17 7 10481 64 2.000000000
5 18 7 10482 64 2.000000000
5 19 7 10483 64 2.000000000
5 20 7 10484 64 2.000000000
5 21 7 10485 64 2.000000000
5 22 7 10486 64 2.000000000
5 23 7 10487 64 2.000000000
5 24 7 10488 64 2.000000000
5 25 7 10489 64 2.000000000
5 26 7 10490 64 2.000000000
5 27 7 10491 64 2.000000000
5 28 7 10492 64 2.000000000
5 29 7 10493 64 2.000000000
5 30 7 10494 64 2.000000000
5 31 7 10495 64 2.000000000
5 256 7 10496 64 2.000000000
5 257 7 10497 64 2.000000000
5 258 7 10498 64 2.000000000
5 259 7 10499 64 2.000000000
5 260 7 10500 64 2.000000000
5 261 7 10501 64 2.000000000
5 262 7 10502 64 2.000000000
5 263 7 10503 64 2.000000000
5 264 7 10504 64 2.000000000
5 265 7 10505 64 2.000000000
5 266 7 10506 64 2.000000000
5 267 7 10507 64 2.000000000
5 268 7 10508 64 2.000000000
5 269 7 10509 64 2.000000000
5 270 7 10510 64 2.000000000
5 271 7 10511 64 2.000000000
5 272 7 10512 64 2.000000000
5 273 7 10513 64 2.000000000
5 274 7 10514 64 2.000000000
5 275 7 10515 64 2.000000000
5 276 7 10516 64 2.000000000
5 277 7 10517 64 2.000000000
5 278 7 10518 64 2.000000000
5 279 7 10519 64 2.000000000
5 280 7 10520 64 2.000000000
5 281 7 10521 64 2.000000000
5 282 7 10522 64 2.000000000
5 283 7 10523 64 2.000000000
5 284 7 10524 64 2.000000000
5 285 7 10525 64 2.000000000
5 286 7 10526 64 2.000000000
5 287 7 10527 64 2.000000000
6 8 7 10528 64 2.000000000
6 9 7 10529 64 2.000000000
6 10 7 10530 64 2.000000000
6 11 7 10531 64 2.000000000
6 12 7 10532 64 2.000000000
6 13 7 10533 64 2.000000000
6 14 7 10534 64 2.000000000
6 15 7 10535 64 2.000000000
6 16 7 10536 64 2.000000000
6 17 7 10537 64 2.000000000
6 18 7 10538 64 2.000000000
6 19 7 10539 64 2.000000000
6 20 7 10540 64 2.000000000
6 21 7 10541 64 2.000000000
6 22 7 10542 64 2.000000000
6 23 7 10543 64 2.000000000
6 24 7 10544 64 2.000000000
6 25 7 10545 64 2.000000000
6 26 7 10546 64 2.000000000
6 27 7 10547 64 2.000000000
6 28 7 10548 64 2.000000000
6 29 7 10549 64 2.000000000
6 30 7 10550 64 2.000000000
6 31 7 10551 64 2.000000000
6 256 7 10552 64 2.000000000
6 257 7 10553 64 2.000000000
6 258 7 10554 64 2.000000000
6 259 7 10555 64 2.000000000
6 260 7 10556 64 2.000000000
6 261 7 10557 64 2.000000000
6 262 7 10558 64 2.000000000
6 263 7 10559 64 2.000000000
6 264 7 10560 64 2.000000000
6 265 7 10561 64 2.000000000
6 266 7 10562 64 2.000000000
6 267 7 10563 64 2.000000000
6 268 7 10564 64 2.000000000
6 269 7 10565 64 2.000000000
6 270 7 10566 64 2.000000000
6 271 7 10567 64 2.000000000
6 272 7 10568 64 2.000000000
6 273 7 10569 64 2.000000000
6 274 7 10570 64 2.000000000
6 275 7 10571 64 2.000000000
6 276 7 10572 64 2.000000000
6 277 7 10573 64 2.000000000
6 278 7 10574 64 2.000000000
6 279 7 10575 64 2.000000000
6 280 7 10576 64 2.000000000
6 281 7 10577 64 2.000000000
6 282 7 10578 64 2.000000000
6 283 7 10579 64 2.000000000
6 284 7 10580 64 2.000000000
6 285 7 10581 64 2.000000000
6 286 7 10582 64 2.000000000
6 287 7 10583 64 2.000000000
7 8 7 10584 64 2.000000000
7 9 7 10585 64 2.000000000
7 10 7 10586 64 2.000000000
7 11 7 10587 64 2.000000000
7 12 7 10588 64 2.000000000
7 13 7 10589 64 2.000000000
7 14 7 10590 64 2.000000000
7 15 7 10591 64 2.000000000
7 16 7 10592 64 2.000000000
7 17 7 10593 64 2.000000000
7 18 7 10594 64 2.000000000
7 19 7 10595 64 2.000000000
7 20 7 10596 64 2.000000000
7 21 7 10597 64 2.000000000
7 22 7 10598 64 2.000000000
7 23 7 10599 64 2.000000000
7 24 7 10600 64 2.000000000
7 25 7 10601 64 2.000000000
7 26 7 10602 64 2.000000000
7 27 7 10603 64 2.000000000
7 28 7 10604 64 2.000000000
7 29 7 10605 64 2.000000000
7 30 7 10606 64 2.000000000
7 31 7 10607 64 2.000000000
7 256 7 10608 64 2.000000000
7 257 7 10609 64 2.000000000
7 258 7 10610 64 2.000000000
7 259 7 10611 64 2.000000000
7 260 7 10612 64 2.000000000
7 261 7 10613 64 2.000000000
7 262 7 10614 64 2.000000000
7 263 7 10615 64 2.000000000
7 264 7 10616 64 2.000000000
7 265 7 10617 64 2.000000000
7 266 7 10618 64 2.000000000
7 267 7 10619 64 2.000000000
7 268 7 10620 64 2.000000000
7 269 7 10621 64 2.000000000
7 270 7 10622 64 2.000000000
7 271 7 10623 64 2.000000000
7 272 7 10624 64 2.000000000
7 273 7 10625 64 2.000000000
7 274 7 10626 64 2.000000000
7 275 7 10627 64 2.000000000
7 276 7 10628 64 2.000000000
7 277 7 10629 64 2.000000000
7 278 7 10630 64 2.000000000
7 279 7 10631 64 2.000000000
7 280 7 10632 64 2.000000000
7 281 7 10633 64 2.000000000
7 282 7 10634 64 2.000000000
7 283 7 10635 64 2.000000000
7 284 7 10636 64 2.000000000
7 285 7 10637 64 2.000000000
7 286 7 10638 64 2.000000000
7 287 7 10639 64 2.000000000
8 0 7 10640 64 2.000000000
8 1 7 10641 64 2.000000000
8 2 7 10642 64 2.000000000
8 3 7 10643 64 2.000000000
8 4 7 10644 64 2.000000000
8 5 7 10645 64 2.000000000
8 6 7 10646 64 2.000000000
8 7 7 10647 64 2.000000000
8 16 7 10648 64 2.000000000
8 17 7 10649 64 2.000000000
8 18 7 10650 64 2.000000000
8 19 7 10651 64 2.000000000
8 20 7 10652 64 2.000000000
8 21 7 10653 64 2.000000000
8 22 7 10654 64 2.000000000
8 23 7 10655 64 2.000000000
8 24 7 10656 64 2.000000000
8 25 7 10657 64 2.000000000
8 26 7 10658 64 2.000000000
8 27 7 10659 64 2.000000000
8 28 7 10660 64 2.000000000
8 29 7 10661 64 2.000000000
8 30 7 10662 64 2.000000000
8 31 7 10663 64 2.000000000
8 256 7 10664 64 2.000000000
8 257 7 10665 64 2.000000000
8 258 7 10666 64 2.000000000
8 259 7 10667 64 2.000000000
8 260 7 10668 64 2.000000000
8 261 7 10669 64 2.000000000
8 262 7 10670 64 2.000000000
8 263 7 10671 64 2.000000000
8 264 7 10672 64 2.000000000
8 265 7 10673 64 2.000000000
8 266 7 10674 64 2.000000000
8 267 7 10675 64 2.000000000
8 268 7 10676 64 2.000000000
8 269 7 10677 64 2.000000000
8 270 7 10678 64 2.000000000
8 271 7 10679 64 2.000000000
8 272 7 10680 64 2.000000000
8 273 7 10681 64 2.000000000
8 274 7 10682 64 2.000000000
8 275 7 10683 64 2.000000000
8 276 7 10684 64 2.000000000
8 277 7 10685 64 2.000000000
8 278 7 10686 64 2.000000000
8 279 7 10687 64 2.000000000
8 280 7 10688 64 2.000000000
8 281 7 10689 64 2.000000000
8 282 7 10690 64 2.000000000
8 283 7 10691 64 2.000000000
8 284 7 10692 64 2.000000000
8 285 7 10693 64 2.000000000
8 286 7 10694 64 2.000000000
8 287 7 10695 64 2.000000000
9 0 7 10696 64 2.000000000
9 1 7 10697 64 2.000000000
9 2 7 10698 64 2.000000000
9 3 7 10699 64 2.000000000
9 4 7 10700 64 2.000000000
9 5 7 10701 64 2.000000000
9 6 7 10702 64 2.000000000
9 7 7 10703 64 2.000000000
9 16 7 10704 64 2.000000000
9 17 7 10705 64 2.000000000
9 18 7 10706 64 2.000000000
9 19 7 10707 64 2.000000000
9 20 7 10708 64 2.000000000
9 21 7 10709 64 2.000000000
9 22 7 10710 64 2.000000000
9 23 7 10711 64 2.000000000
9 24 7 10712 64 2.000000000
9 25 7 10713 64 2.000000000
9 26 7 10714 64 2.000000000
9 27 7 10715 64 2.000000000
9 28 7 10716 64 2.000000000
9 29 7 10717 64 2.000000000
9 30 7 10718 64 2.000000000
9 31 7 10719 64 2.000000000
9 256 7 10720 64 2.000000000
9 257 7 10721 64 2.000000000
9 258 7 10722 64 2.000000000
9 259 7 10723 64 2.000000000
9 260 7 10724 64 2.000000000
9 261 7 10725 64 2.000000000
9 262 7 10726 64 2.000000000
9 263 7 10727 64 2.000000000
9 264 7 10728 64 2.000000000
9 265 7 10729 64 2.000000000
9 266 7 10730 64 2.000000000
9 267 7 10731 64 2.000000000
9 268 7 10732 64 2.000000000
9 269 7 10733 64 2.000000000
9 270 7 10734 64 2.000000000
9 271 7 10735 64 2.000000000
9 272 7 10736 64 2.000000000
9 273 7 10737 64 2.000000000
9 274 7 10738 64 2.000000000
9 275 7 10739 64 2.000000000
9 276 7 10740 64 2.000000000
9 277 7 10741 64 2.000000000
9 278 7 10742 64 2.000000000
9 279 7 10743 64 2.000000000
9 280 7 10744 64 2.000000000
9 281 7 10745 64 2.000000000
9 282 7 10746 64 2.000000000
9 283 7 10747 64 2.000000000
9 284 7 10748 64 2.000000000
9 285 7 10749 64 2.000000000
9 286 7 10750 64 2.000000000
9 287 7 10751 64 2.000000000
10 0 7 10752 64 2.000000000
10 1 7 10753 64 2.000000000
10 2 7 10754 64 2.000000000
10 3 7 10755 64 2.000000000
10 4 7 10756 64 2.000000000
10 5 7 10757 64 2.000000000
10 6 7 10758 64 2.000000000
10 7 7 10759 64 2.000000000
10 16 7 10760 64 2.000000000
10 17 7 10761 64 2.000000000
10 18 7 10762 64 2.000000000
10 19 7 10763 64 2.000000000
10 20 7 10764 64 2.000000000
10 21 7 10765 64 2.000000000
10 22 7 10766 64 2.000000000
10 23 7 10767 64 2.000000000
10 24 7 10768 64 2.000000000
10 25 7 10769 64 2.000000000
10 26 7 10770 64 2.000000000
10 27 7 10771 64 2.000000000
10 28 7 10772 64 2.000000000
10 29 7 10773 64 2.000000000
10 30 7 10774 64 2.000000000
10 31 7 10775 64 2.000000000
10 256 7 10776 64 2.000000000
10 257 7 10777 64 2.000000000
10 258 7 10778 64 2.000000000
10 259 7 10779 64 2.000000000
10 260 7 10780 64 2.000000000
10 261 7 10781 64 2.000000000
10 262 7 10782 64 2.000000000
10 263 7 10783 64 2.000000000
10 264 7 10784 64 2.000000000
10 265 7 10785 64 2.000000000
10 266 7 10786 64 2.000000000
10 267 7 10787 64 2.000000000
10 268 7 10788 64 2.000000000
10 269 7 10789 64 2.000000000
10 270 7 10790 64 2.000000000
10 271 7 10791 64 2.000000000
10 272 7 10792 64 2.000000000
10 273 7 10793 64 2.000000000
10 274 7 10794 64 2.000000000
10 275 7 10795 64 2.000000000
10 276 7 10796 64 2.000000000
10 277 7 10797 64 2.000000000
10 278 7 10798 64 2.000000000
10 279 7 10799 64 2.000000000
10 280 7 10800 64 2.000000000
10 281 7 10801 64 2.000000000
10 282 7 10802 64 2.000000000
10 283 7 10803 64 2.000000000
10 284 7 10804 64 2.000000000
10 285 7 10805 64 2.000000000
10 286 7 10806 64 2.000000000
10 287 7 10807 64 2.000000000
11 0 7 10808 64 2.000000000
11 1 7 10809 64 2.000000000
11 2 7 10810 64 2.000000000
11 3 7 10811 64 2.000000000
11 4 7 10812 64 2.000000000
11 5 7 10813 64 2.000000000
11 6 7 10814 64 2.000000000
11 7 7 10815 64 2.000000000
11 16 7 10816 64 2.000000000
11 17 7 10817 64 2.000000000
11 18 7 10818 64 2.000000000
11 19 7 10819 64 2.000000000
11 20 7 10820 64 2.000000000
11 21 7 10821 64 2.000000000
11 22 7 10822 64 2.000000000
11 23 7 10823 64 2.000000000
11 24 7 10824 64 2.000000000
11 25 7 10825 64 2.000000000
11 26 7 10826 64 2.000000000
11 27 7 10827 64 2.000000000
11 28 7 10828 64 2.000000000
11 29 7 10829 64 2.000000000
11 30 7 10830 64 2.000000000
11 31 7 10831 64 2.000000000
11 256 7 10832 64 2.000000000
11 257 7 10833 64 2.000000000
11 258 7 10834 64 2.000000000
11 259 7 10835 64 2.000000000
11 260 7 10836 64 2.000000000
11 261 7 10837 64 2.000000000
11 262 7 10838 64 2.000000000
11 263 7 10839 64 2.000000000
11 264 7 10840 64 2.000000000
11 265 7 10841 64 2.000000000
11 266 7 10842 64 2.000000000
11 267 7 10843 64 2.000000000
11 268 7 10844 64 2.000000000
11 269 7 10845 64 2.000000000
11 270 7 10846 64 2.000000000
11 271 7 10847 64 2.000000000
11 272 7 10848 64 2.000000000
11 273 7 10849 64 2.000000000
11 274 7 10850 64 2.000000000
11 275 7 10851 64 2.000000000
11 276 7 10852 64 2.000000000
11 277 7 10853 64 2.000000000
11 278 7 10854 64 2.000000000
11 279 7 10855 64 2.000000000
11 280 7 10856 64 2.000000000
11 281 7 10857 64 2.000000000
11 282 7 10858 64 2.000000000
11 283 7 10859 64 2.000000000
11 284 7 10860 64 2.000000000
11 285 7 10861 64 2.000000000
11 286 7 10862 64 2.000000000
11 287 7 10863 64 2.000000000
12 0 7 10864 64 2.000000000
12 1 7 10865 64 2.000000000
12 2 7 10866 64 2.000000000
12 3 7 10867 64 2.000000000
12 4 7 10868 64 2.000000000
12 5 7 10869 64 2.000000000
12 6 7 10870 64 2.000000000
12 7 7 10871 64 2.000000000
12 16 7 10872 64 2.000000000
12 17 7 10873 64 2.000000000
12 18 7 10874 64 2.000000000
12 19 7 10875 64 2.000000000
12 20 7 10876 64 2.000000000
12 21 7 10877 64 2.000000000
12 22 7 10878 64 2.000000000
12 23 7 10879 64 2.000000000
12 24 7 10880 64 2.000000000
12 25 7 10881 64 2.000000000
12 26 7 10882 64 2.000000000
12 27 7 10883 64 2.000000000
12 28 7 10884 64 2.000000000
12 29 7 10885 64 2.000000000
12 30 7 10886 64 2.000000000
12 31 7 10887 64 2.000000000
12 256 7 10888 64 2.000000000
12 257 7 10889 64 2.000000000
12 258 7 10890 64 2.000000000
12 259 7 10891 64 2.000000000
12 260 7 10892 64 2.000000000
12 261 7 10893 64 2.000000000
12 262 7 10894 64 2.000000000
12 263 7 10895 64 2.000000000
12 264 7 10896 64 2.000000000
12 265 7 10897 64 2.000000000
12 266 7 10898 64 2.000000000
12 267 7 10899 64 2.000000000
12 268 7 10900 64 2.000000000
12 269 7 10901 64 2.000000000
12 270 7 10902 64 2.000000000
12 271 7 10903 64 2.000000000
12 272 7 10904 64 2.000000000
12 273 7 10905 64 2.000000000
12 274 7 10906 64 2.000000000
12 275 7 10907 64 2.000000000
12 276 7 10908 64 2.000000000
12 277 7 10909 64 2.000000000
12 278 7 10910 64 2.000000000
12 279 7 10911 64 2.000000000
12 280 7 10912 64 2.000000000
12 281 7 10913 64 2.000000000
12 282 7 10914 64 2.000000000
12 283 7 10915 64 2.000000000
12 284 7 10916 64 2.000000000
12 285 7 10917 64 2.000000000
12 286 7 10918 64 2.000000000
12 287 7 10919 64 2.000000000
13 0 7 10920 64 2.000000000
13 1 7 10921 64 2.000000000
13 2 7 10922 64 2.000000000
13 3 7 10923 64 2.000000000
13 4 7 10924 64 2.000000000
13 5 7 10925 64 2.000000000
13 6 7 10926 64 2.000000000
13 7 7 10927 64 2.000000000
13 16 7 10928 64 2.000000000
13 17 7 10929 64 2.000000000
13 18 7 10930 64 2.000000000
13 19 7 10931 64 2.000000000
13 20 7 10932 64 2.000000000
13 21 7 10933 64 2.000000000
13 22 7 10934 64 2.000000000
13 23 7 10935 64 2.000000000
13 24 7 10936 64 2.000000000
13 25 7 10937 64 2.000000000
13 26 7 10938 64 2.000000000
13 27 7 10939 64 2.000000000
13 28 7 10940 64 2.000000000
13 29 7 10941 64 2.000000000
13 30 7 10942 64 2.000000000
13 31 7 10943 64 2.000000000
13 256 7 10944 64 2.000000000
13 257 7 10945 64 2.000000000
13 258 7 10946 64 2.000000000
13 259 7 10947 64 2.000000000
13 260 7 10948 64 2.000000000
13 261 7 10949 64 2.000000000
13 262 7 10950 64 2.000000000
13 263 7 10951 64 2.000000000
13 264 7 10952 64 2.000000000
13 265 7 10953 64 2.000000000
13 266 7 10954 64 2.000000000
13 267 7 10955 64 2.000000000
13 268 7 10956 64 2.000000000
13 269 7 10957 64 2.000000000
13 270 7 10958 64 2.000000000
13 271 7 10959 64 2.000000000
13 272 7 10960 64 2.000000000
13 273 7 10961 64 2.000000000
13 274 7 10962 64 2.000000000
13 275 7 10963 64 2.000000000
13 276 7 10964 64 2.000000000
13 277 7 10965 64 2.000000000
13 278 7 10966 64 2.000000000
13 279 7 10967 64 2.000000000
13 280 7 10968 64 2.000000000
13 281 7 10969 64 2.000000000
13 282 7 10970 64 2.000000000
13 283 7 10971 64 2.000000000
13 284 7 10972 64 2.000000000
13 285 7 10973 64 2.000000000
13 286 7 10974 64 2.000000000
13 287 7 10975 64 2.000000000
14 0 7 10976 64 2.000000000
14 1 7 10977 64 2.000000000
14 2 7 10978 64 2.000000000
14 3 7 10979 64 2.000000000
14 4 7 10980 64 2.000000000
14 5 7 10981 64 2.000000000
14 6 7 10982 64 2.000000000
14 7 7 10983 64 2.000000000
14 16 7 10984 64 2.000000000
14 17 7 10985 64 2.000000000
14 18 7 10986 64 2.000000000
14 19 7 10987 64 2.000000000
14 20 7 10988 64 2.000000000
14 21 7 10989 64 2.000000000
14 22 7 10990 64 2.000000000
14 23 7 10991 64 2.000000000
14 24 7 10992 64 2.000000000
14 25 7 10993 64 2.000000000
14 26 7 10994 64 2.000000000
14 27 7 10995 64 2.000000000
14 28 7 10996 64 2.000000000
14 29 7 10997 64 2.000000000
14 30 7 10998 64 2.000000000
14 31 7 10999 64 2.000000000
14 256 7 11000 64 2.000000000
14 257 7 11001 64 2.000000000
14 258 7 11002 64 2.000000000
14 259 7 11003 64 2.000000000
14 260 7 11004 64 2.000000000
14 261 7 11005 64 2.000000000
14 262 7 11006 64 2.000000000
14 263 7 11007 64 2.000000000
14 264 7 11008 64 2.000000000
14 265 7 11009 64 2.000000000
14 266 7 11010 64 2.000000000
14 267 7 11011 64 2.000000000
14 268 7 11012 64 2.000000000
14 269 7 11013 64 2.000000000
14 270 7 11014 64 2.000000000
14 271 7 11015 64 2.000000000
14 272 7 11016 64 2.000000000
14 273 7 11017 64 2.000000000
14 274 7 11018 64 2.000000000
14 275 7 11019 64 2.000000000
14 276 7 11020 64 2.000000000
14 277 7 11021 64 2.000000000
14 278 7 11022 64 2.000000000
14 279 7 11023 64 2.000000000
14 280 7 11024 64 2.000000000
14 281 7 11025 64 2.000000000
14 282 7 11026 64 2.000000000
14 283 7 11027 64 2.000000000
14 284 7 11028 64 2.000000000
14 285 7 11029 64 2.000000000
14 286 7 11030 64 2.000000000
14 287 7 11031 64 2.000000000
15 0 7 11032 64 2.000000000
15 1 7 11033 64 2.000000000
15 2 7 11034 64 2.000000000
15 3 7 11035 64 2.000000000
15 4 7 11036 64 2.000000000
15 5 7 11037 64 2.000000000
15 6 7 11038 64 2.000000000
15 7 7 11039 64 2.000000000
15 16 7 11040 64 2.000000000
15 17 7 11041 64 2.000000000
15 18 7 11042 64 2.000000000
15 19 7 11043 64 2.000000000
15 20 7 11044 64 2.000000000
15 21 7 11045 64 2.000000000
15 22 7 11046 64 2.000000000
15 23 7 11047 64 2.000000000
15 24 7 11048 64 2.000000000
15 25 7 11049 64 2.000000000
15 26 7 11050 64 2.000000000
15 27 7 11051 64 2.000000000
15 28 7 11052 64 2.000000000
15 29 7 11053 64 2.000000000
15 30 7 11054 64 2.000000000
15 31 7 11055 64 2.000000000
15 256 7 11056 64 2.000000000
15 257 7 11057 64 2.000000000
15 258 7 11058 64 2.000000000
15 259 7 11059 64 2.000000000
15 260 7 11060 64 2.000000000
15 261 7 11061 64 2.000000000
15 262 7 11062 64 2.000000000
15 263 7 11063 64 2.000000000
15 264 7 11064 64 2.000000000
15 265 7 11065 64 2.000000000
15 266 7 11066 64 2.000000000
15 267 7 11067 64 2.000000000
15 268 7 11068 64 2.000000000
15 269 7 11069 64 2.000000000
15 270 7 11070 64 2.000000000
15 271 7 11071 64 2.000000000
15 272 7 11072 64 2.000000000
15 273 7 11073 64 2.000000000
15 274 7 11074 64 2.000000000
15 275 7 11075 64 2.000000000
15 276 7 11076 64 2.000000000
15 277 7 11077 64 2.000000000
15 278 7 11078 64 2.000000000
15 279 7 11079 64 2.000000000
15 280 7 11080 64 2.000000000
15 281 7 11081 64 2.000000000
15 282 7 11082 64 2.000000000
15 283 7 11083 64 2.000000000
15 284 7 11084 64 2.000000000
15 285 7 11085 64 2.000000000
15 286 7 11086 64 2.000000000
15 287 7 11087 64 2.000000000
16 0 7 11088 64 2.000000000
16 1 7 11089 64 2.000000000
16 2 7 11090 64 2.000000000
16 3 7 11091 64 2.000000000
16 4 7 11092 64 2.000000000
16 5 7 11093 64 2.000000000
16 6 7 11094 64 2.000000000
16 7 7 11095 64 2.000000000
16 8 7 11096 64 2.000000000
16 9 7 11097 64 2.000000000
16 10 7 11098 64 2.000000000
16 11 7 11099 64 2.000000000
16 12 7 11100 64 2.000000000
16 13 7 11101 64 2.000000000
16 14 7 11102 64 2.000000000
16 15 7 11103 64 2.000000000
16 24 7 11104 64 2.000000000
16 25 7 11105 64 2.000000000
16 26 7 11106 64 2.000000000
16 27 7 11107 64 2.000000000
16 28 7 11108 64 2.000000000
16 29 7 11109 64 2.000000000
16 30 7 11110 64 2.000000000
16 31 7 11111 64 2.000000000
16 256 7 11112 64 2.000000000
16 257 7 11113 64 2.000000000
16 258 7 11114 64 2.000000000
16 259 7 11115 64 2.000000000
16 260 7 11116 64 2.000000000
16 261 7 11117 64 2.000000000
16 262 7 11118 64 2.000000000
16 263 7 11119 64 2.000000000
16 264 7 11120 64 2.000000000
16 265 7 11121 64 2.000000000
16 266 7 11122 64 2.000000000
16 267 7 11123 64 2.000000000
16 268 7 11124 64 2.000000000
16 269 7 11125 64 2.000000000
16 270 7 11126 64 2.000000000
16 271 7 11127 64 2.000000000
16 272 7 11128 64 2.000000000
16 273 7 11129 64 2.000000000
16 274 7 11130 64 2.000000000
16 275 7 11131 64 2.000000000
16 276 7 11132 64 2.000000000
16 277 7 11133 64 2.000000000
16 278 7 11134 64 2.000000000
16 279 7 11135 64 2.000000000
16 280 7 11136 64 2.000000000
16 281 7 11137 64 2.000000000
16 282 7 11138 64 2.000000000
16 283 7 11139 64 2.000000000
16 284 7 11140 64 2.000000000
16 285 7 11141 64 2.000000000
16 286 7 11142 64 2.000000000
16 287 7 11143 64 2.000000000
17 0 7 11144 64 2.000000000
17 1 7 11145 64 2.000000000
17 2 7 11146 64 2.000000000
17 3 7 11147 64 2.000000000
17 4 7 11148 64 2.000000000
17 5 7 11149 64 2.000000000
17 6 7 11150 64 2.000000000
17 7 7 11151 64 2.000000000
17 8 7 11152 64 2.000000000
17 9 7 11153 64 2.000000000
17 10 7 11154 64 2.000000000
17 11 7 11155 64 2.000000000
17 12 7 11156 64 2.000000000
17 13 7 11157 64 2.000000000
17 14 7 11158 64 2.000000000
17 15 7 11159 64 2.000000000
17 24 7 11160 64 2.000000000
17 25 7 11161 64 2.000000000
17 26 7 11162 64 2.000000000
17 27 7 11163 64 2.000000000
17 28 7 11164 64 2.000000000
17 29 7 11165 64 2.000000000
17 30 7 11166 64 2.000000000
17 31 7 11167 64 2.000000000
17 256 7 11168 64 2.000000000
17 257 7 11169 64 2.000000000
17 258 7 11170 64 2.000000000
17 259 7 11171 64 2.000000000
17 260 7 11172 64 2.000000000
17 261 7 11173 64 2.000000000
17 262 7 11174 64 2.000000000
17 263 7 11175 64 2.000000000
17 264 7 11176 64 2.000000000
17 265 7 11177 64 2.000000000
17 266 7 11178 64 2.000000000
17 267 7 11179 64 2.000000000
17 268 7 11180 64 2.000000000
17 269 7 11181 64 2.000000000
17 270 7 11182 64 2.000000000
17 271 7 11183 64 2.000000000
17 272 7 11184 64 2.000000000
17 273 7 11185 64 2.000000000
17 274 7 11186 64 2.000000000
17 275 7 11187 64 2.000000000
17 276 7 11188 64 2.000000000
17 277 7 11189 64 2.000000000
17 278 7 11190 64 2.000000000
17 279 7 11191 64 2.000000000
17 280 7 11192 64 2.000000000
17 281 7 11193 64 2.000000000
17 282 7 11194 64 2.000000000
17 283 7 11195 64 2.000000000
17 284 7 11196 64 2.000000000
17 285 7 11197 64 2.000000000
17 286 7 11198 64 2.000000000
17 287 7 11199 64 2.000000000
18 0 7 11200 64 2.000000000
18 1 7 11201 64 2.000000000
18 2 7 11202 64 2.000000000
18 3 7 11203 64 2.000000000
18 4 7 11204 64 2.000000000
18 5 7 11205 64 2.000000000
18 6 7 11206 64 2.000000000
18 7 7 11207 64 2.000000000
18 8 7 11208 64 2.000000000
18 9 7 11209 64 2.000000000
18 10 7 11210 64 2.000000000
18 11 7 11211 64 2.000000000
18 12 7 11212 64 2.000000000
18 13 7 11213 64 2.000000000
18 14 7 11214 64 2.000000000
18 15 7 11215 64 2.000000000
18 24 7 11216 64 2.000000000
18 25 7 11217 64 2.000000000
18 26 7 11218 64 2.000000000
18 27 7 11219 64 2.000000000
18 28 7 11220 64 2.000000000
18 29 7 11221 64 2.000000000
18 30 7 11222 64 2.000000000
18 31 7 11223 64 2.000000000
18 256 7 11224 64 2.000000000
18 257 7 11225 64 2.000000000
18 258 7 11226 64 2.000000000
18 259 7 11227 64 2.000000000
18 260 7 11228 64 2.000000000
18 261 7 11229 64 2.000000000
18 262 7 11230 64 2.000000000
18 263 7 11231 64 2.000000000
18 264 7 11232 64 2.000000000
18 265 7 11233 64 2.000000000
18 266 7 11234 64 2.000000000
18 267 7 11235 64 2.000000000
18 268 7 11236 64 2.000000000
18 269 7 11237 64 2.000000000
18 270 7 11238 64 2.000000000
18 271 7 11239 64 2.000000000
18 272 7 11240 64 2.000000000
18 273 7 11241 64 2.000000000
18 274 7 11242 64 2.000000000
18 275 7 11243 64 2.000000000
18 276 7 11244 64 2.000000000
18 277 7 11245 64 2.000000000
18 278 7 11246 64 2.000000000
18 279 7 11247 64 2.000000000
18 280 7 11248 64 2.000000000
18 281 7 11249 64 2.000000000
18 282 7 11250 64 2.000000000
18 283 7 11251 64 2.000000000
18 284 7 11252 64 2.000000000
18 285 7 11253 64 2.000000000
18 286 7 11254 64 2.000000000
18 287 7 11255 64 2.000000000
19 0 7 11256 64 2.000000000
19 1 7 11257 64 2.000000000
19 2 7 11258 64 2.000000000
19 3 7 11259 64 2.000000000
19 4 7 11260 64 2.000000000
19 5 7 11261 64 2.000000000
19 6 7 11262 64 2.000000000
19 7 7 11263 64 2.000000000
19 8 7 11264 64 2.000000000
19 9 7 11265 64 2.000000000
19 10 7 11266 64 2.000000000
19 11 7 11267 64 2.000000000
19 12 7 11268 64 2.000000000
19 13 7 11269 64 2.000000000
19 14 7 11270 64 2.000000000
19 15 7 11271 64 2.000000000
19 24 7 11272 64 2.000000000
19 25 7 11273 64 2.000000000
19 26 7 11274 64 2.000000000
19 27 7 11275 64 2.000000000
19 28 7 11276 64 2.000000000
19 29 7 11277 64 2.000000000
19 30 7 11278 64 2.000000000
19 31 7 11279 64 2.000000000
19 256 7 11280 64 2.000000000
19 257 7 11281 64 2.000000000
19 258 7 11282 64 2.000000000
19 259 7 11283 64 2.000000000
19 260 7 11284 64 2.000000000
19 261 7 11285 64 2.000000000
19 262 7 11286 64 2.000000000
19 263 7 11287 64 2.000000000
19 264 7 11288 64 2.000000000
19 265 7 11289 64 2.000000000
19 266 7 11290 64 2.000000000
19 267 7 11291 64 2.000000000
19 268 7 11292 64 2.000000000
19 269 7 11293 64 2.000000000
19 270 7 11294 64 2.000000000
19 271 7 11295 64 2.000000000
19 272 7 11296 64 2.000000000
19 273 7 11297 64 2.000000000
19 274 7 11298 64 2.000000000
19 275 7 11299 64 2.000000000
19 276 7 11300 64 2.000000000
19 277 7 11301 64 2.000000000
19 278 7 11302 64 2.000000000
19 279 7 11303 64 2.000000000
19 280 7 11304 64 2.000000000
19 281 7 11305 64 2.000000000
19 282 7 11306 64 2.000000000
19 283 7 11307 64 2.000000000
19 284 7 11308 64 2.000000000
19 285 7 11309 64 2.000000000
19 286 7 11310 64 2.000000000
19 287 7 11311 64 2.000000000
20 0 7 11312 64 2.000000000
20 1 7 11313 64 2.000000000
20 2 7 11314 64 2.000000000
20 3 7 11315 64 2.000000000
20 4 7 11316 64 2.000000000
20 5 7 11317 64 2.000000000
20 6 7 11318 64 2.000000000
20 7 7 11319 64 2.000000000
20 8 7 11320 64 2.000000000
20 9 7 11321 64 2.000000000
20 10 7 11322 64 2.000000000
20 11 7 11323 64 2.000000000
20 12 7 11324 64 2.000000000
20 13 7 11325 64 2.000000000
20 14 7 11326 64 2.000000000
20 15 7 11327 64 2.000000000
20 24 7 11328 64 2.000000000
20 25 7 11329 64 2.000000000
20 26 7 11330 64 2.000000000
20 27 7 11331 64 2.000000000
20 28 7 11332 64 2.000000000
20 29 7 11333 64 2.000000000
20 30 7 11334 64 2.000000000
20 31 7 11335 64 2.000000000
20 256 7 11336 64 2.000000000
20 257 7 11337 64 2.000000000
20 258 7 11338 64 2.000000000
20 259 7 11339 64 2.000000000
20 260 7 11340 64 2.000000000
20 261 7 11341 64 2.000000000
20 262 7 11342 64 2.000000000
20 263 7 11343 64 2.000000000
20 264 7 11344 64 2.000000000
20 265 7 11345 64 2.000000000
20 266 7 11346 64 2.000000000
20 267 7 11347 64 2.000000000
20 268 7 11348 64 2.000000000
20 269 7 11349 64 2.000000000
20 270 7 11350 64 2.000000000
20 271 7 11351 64 2.000000000
20 272 7 11352 64 2.000000000
20 273 7 11353 64 2.000000000
20 274 7 11354 64 2.000000000
20 275 7 11355 64 2.000000000
20 276 7 11356 64 2.000000000
20 277 7 11357 64 2.000000000
20 278 7 11358 64 2.000000000
20 279 7 11359 64 2.000000000
20 280 7 11360 64 2.000000000
20 281 7 11361 64 2.000000000
20 282 7 11362 64 2.000000000
20 283 7 11363 64 2.000000000
20 284 7 11364 64 2.000000000
20 285 7 11365 64 2.000000000
20 286 7 11366 64 2.000000000
20 287 7 11367 64 2.000000000
21 0 7 11368 64 2.000000000
21 1 7 11369 64 2.000000000
21 2 7 11370 64 2.000000000
21 3 7 11371 64 2.000000000
21 4 7 11372 64 2.000000000
21 5 7 11373 64 2.000000000
21 6 7 11374 64 2.000000000
21 7 7 11375 64 2.000000000
21 8 7 11376 64 2.000000000
21 9 7 11377 64 2.000000000
21 10 7 11378 64 2.000000000
21 11 7 11379 64 2.000000000
21 12 7 11380 64 2.000000000
21 13 7 11381 64 2.000000000
21 14 7 11382 64 2.000000000
21 15 7 11383 64 2.000000000
21 24 7 11384 64 2.000000000
21 25 7 11385 64 2.000000000
21 26 7 11386 64 2.000000000
21 27 7 11387 64 2.000000000
21 28 7 11388 64 2.000000000
21 29 7 11389 64 2.000000000
21 30 7 11390 64 2.000000000
21 31 7 11391 64 2.000000000
21 256 7 11392 64 2.000000000
21 257 7 11393 64 2.000000000
21 258 7 11394 64 2.000000000
21 259 7 11395 64 2.000000000
21 260 7 11396 64 2.000000000
21 261 7 11397 64 2.000000000
21 262 7 11398 64 2.000000000
21 263 7 11399 64 2.000000000
21 264 7 11400 64 2.000000000
21 265 7 11401 64 2.000000000
21 266 7 11402 64 2.000000000
21 267 7 11403 64 2.000000000
21 268 7 11404 64 2.000000000
21 269 7 11405 64 2.000000000
21 270 7 11406 64 2.000000000
21 271 7 11407 64 2.000000000
21 272 7 11408 64 2.000000000
21 273 7 11409 64 2.000000000
21 274 7 11410 64 2.000000000
21 275 7 11411 64 2.000000000
21 276 7 11412 64 2.000000000
21 277 7 11413 64 2.000000000
21 278 7 11414 64 2.000000000
21 279 7 11415 64 2.000000000
21 280 7 11416 64 2.000000000
21 281 7 11417 64 2.000000000
21 282 7 11418 64 2.000000000
21 283 7 11419 64 2.000000000
21 284 7 11420 64 2.000000000
21 285 7 11421 64 2.000000000
21 286 7 11422 64 2.000000000
21 287 7 11423 64 2.000000000
22 0 7 11424 64 2.000000000
22 1 7 11425 64 2.000000000
22 2 7 11426 64 2.000000000
22 3 7 11427 64 2.000000000
22 4 7 11428 64 2.000000000
22 5 7 11429 64 2.000000000
22 6 7 11430 64 2.000000000
22 7 7 11431 64 2.000000000
22 8 7 11432 64 2.000000000
22 9 7 11433 64 2.000000000
22 10 7 11434 64 2.000000000
22 11 7 11435 64 2.000000000
22 12 7 11436 64 2.000000000
22 13 7 11437 64 2.000000000
22 14 7 11438 64 2.000000000
22 15 7 11439 64 2.000000000
22 24 7 11440 64 2.000000000
22 25 7 11441 64 2.000000000
22 26 7 11442 64 2.000000000
22 27 7 11443 64 2.000000000
22 28 7 11444 64 2.000000000
22 29 7 11445 64 2.000000000
22 30 7 11446 64 2.000000000
22 31 7 11447 64 2.000000000
22 256 7 11448 64 2.000000000
22 257 7 11449 64 2.000000000
22 258 7 11450 64 2.000000000
22 259 7 11451 64 2.000000000
22 260 7 11452 64 2.000000000
22 261 7 11453 64 2.000000000
22 262 7 11454 64 2.000000000
22 263 7 11455 64 2.000000000
22 264 7 11456 64 2.000000000
22 265 7 11457 64 2.000000000
22 266 7 11458 64 2.000000000
22 267 7 11459 64 2.000000000
22 268 7 11460 64 2.000000000
22 269 7 11461 64 2.000000000
22 270 7 11462 64 2.000000000
22 271 7 11463 64 2.000000000
22 272 7 11464 64 2.000000000
22 273 7 11465 64 2.000000000
22 274 7 11466 64 2.000000000
22 275 7 11467 64 2.000000000
22 276 7 11468 64 2.000000000
22 277 7 11469 64 2.000000000
22 278 7 11470 64 2.000000000
22 279 7 11471 64 2.000000000
22 280 7 11472 64 2.000000000
22 281 7 11473 64 2.000000000
22 282 7 11474 64 2.000000000
22 283 7 11475 64 2.000000000
22 284 7 11476 64 2.000000000
22 285 7 11477 64 2.000000000
22 286 7 11478 64 2.000000000
22 287 7 11479 64 2.000000000
23 0 7 11480 64 2.000000000
23 1 7 11481 64 2.000000000
23 2 7 11482 64 2.000000000
23 3 7 11483 64 2.000000000
23 4 7 11484 64 2.000000000
23 5 7 11485 64 2.000000000
23 6 7 11486 64 2.000000000
23 7 7 11487 64 2.000000000
23 8 7 11488 64 2.000000000
23 9 7 11489 64 2.000000000
23 10 7 11490 64 2.000000000
23 11 7 11491 64 2.000000000
23 12 7 11492 64 2.000000000
23 13 7 11493 64 2.000000000
23 14 7 11494 64 2.000000000
23 15 7 11495 64 2.000000000
23 24 7 11496 64 2.000000000
23 25 7 11497 64 2.000000000
23 26 7 11498 64 2.000000000
23 27 7 11499 64 2.000000000
23 28 7 11500 64 2.000000000
23 29 7 11501 64 2.000000000
23 30 7 11502 64 2.000000000
23 31 7 11503 64 2.000000000
23 256 7 11504 64 2.000000000
23 257 7 11505 64 2.000000000
23 258 7 11506 64 2.000000000
23 259 7 11507 64 2.000000000
23 260 7 11508 64 2.000000000
23 261 7 11509 64 2.000000000
23 262 7 11510 64 2.000000000
23 263 7 11511 64 2.000000000
23 264 7 11512 64 2.000000000
23 265 7 11513 64 2.000000000
23 266 7 11514 64 2.000000000
23 267 7 11515 64 2.000000000
23 268 7 11516 64 2.000000000
23 269 7 11517 64 2.000000000
23 270 7 11518 64 2.000000000
23 271 7 11519 64 2.000000000
23 272 7 11520 64 2.000000000
23 273 7 11521 64 2.000000000
23 274 7 11522 64 2.000000000
23 275 7 11523 64 2.000000000
23 276 7 11524 64 2.000000000
23 277 7 11525 64 2.000000000
23 278 7 11526 64 2.000000000
23 279 7 11527 64 2.000000000
23 280 7 11528 64 2.000000000
23 281 7 11529 64 2.000000000
23 282 7 11530 64 2.000000000
23 283 7 11531 64 2.000000000
23 284 7 11532 64 2.000000000
23 285 7 11533 64 2.000000000
23 286 7 11534 64 2.000000000
23 287 7 11535 64 2.000000000
24 0 7 11536 64 2.000000000
24 1 7 11537 64 2.000000000
24 2 7 11538 64 2.000000000
24 3 7 11539 64 2.000000000
24 4 7 11540 64 2.000000000
24 5 7 11541 64 2.000000000
24 6 7 11542 64 2.000000000
24 7 7 11543 64 2.000000000
24 8 7 11544 64 2.000000000
24 9 7 11545 64 2.000000000
24 10 7 11546 64 2.000000000
24 11 7 11547 64 2.000000000
24 12 7 11548 64 2.000000000
24 13 7 11549 64 2.000000000
24 14 7 11550 64 2.000000000
24 15 7 11551 64 2.000000000
24 16 7 11552 64 2.000000000
24 17 7 11553 64 2.000000000
24 18 7 11554 64 2.000000000
24 19 7 11555 64 2.000000000
24 20 7 11556 64 2.000000000
24 21 7 11557 64 2.000000000
24 22 7 11558 64 2.000000000
24 23 7 11559 64 2.000000000
24 256 7 11560 64 2.000000000
24 257 7 11561 64 2.000000000
24 258 7 11562 64 2.000000000
24 259 7 11563 64 2.000000000
24 260 7 11564 64 2.000000000
24 261 7 11565 64 2.000000000
24 262 7 11566 64 2.000000000
24 263 7 11567 64 2.000000000
24 264 7 11568 64 2.000000000
24 265 7 11569 64 2.000000000
24 266 7 11570 64 2.000000000
24 267 7 11571 64 2.000000000
24 268 7 11572 64 2.000000000
24 269 7 11573 64 2.000000000
24 270 7 11574 64 2.000000000
24 271 7 11575 64 2.000000000
24 272 7 11576 64 2.000000000
24 273 7 11577 64 2.000000000
24 274 7 11578 64 2.000000000
24 275 7 11579 64 2.000000000
24 276 7 11580 64 2.000000000
24 277 7 11581 64 2.000000000
24 278 7 11582 64 2.000000000
24 279 7 11583 64 2.000000000
24 280 7 11584 64 2.000000000
24 281 7 11585 64 2.000000000
24 282 7 11586 64 2.000000000
24 283 7 11587 64 2.000000000
24 284 7 11588 64 2.000000000
24 285 7 11589 64 2.000000000
24 286 7 11590 64 2.000000000
24 287 7 11591 64 2.000000000
25 0 7 11592 64 2.000000000
25 1 7 11593 64 2.000000000
25 2 7 11594 64 2.000000000
25 3 7 11595 64 2.000000000
25 4 7 11596 64 2.000000000
25 5 7 11597 64 2.000000000
25 6 7 11598 64 2.000000000
25 7 7 11599 64 2.000000000
25 8 7 11600 64 2.000000000
25 9 7 11601 64 2.000000000
25 10 7 11602 64 2.000000000
25 11 7 11603 64 2.000000000
25 12 7 11604 64 2.000000000
25 13 7 11605 64 2.000000000
25 14 7 11606 64 2.000000000
25 15 7 11607 64 2.000000000
25 16 7 11608 64 2.000000000
25 17 7 11609 64 2.000000000
25 18 7 11610 64 2.000000000
25 19 7 11611 64 2.000000000
25 20 7 11612 64 2.000000000
25 21 7 11613 64 2.000000000
25 22 7 11614 64 2.000000000
25 23 7 11615 64 2.000000000
25 256 7 11616 64 2.000000000
25 257 7 11617 64 2.000000000
25 258 7 11618 64 2.000000000
25 259 7 11619 64 2.000000000
25 260 7 11620 64 2.000000000
25 261 7 11621 64 2.000000000
25 262 7 11622 64 2.000000000
25 263 7 11623 64 2.000000000
25 264 7 11624 64 2.000000000
25 265 7 11625 64 2.000000000
25 266 7 11626 64 2.000000000
25 267 7 11627 64 2.000000000
25 268 7 11628 64 2.000000000
25 269 7 11629 64 2.000000000
25 270 7 11630 64 2.000000000
25 271 7 11631 64 2.000000000
25 272 7 11632 64 2.000000000
25 273 7 11633 64 2.000000000
25 274 7 11634 64 2.000000000
25 275 7 11635 64 2.000000000
25 276 7 11636 64 2.000000000
25 277 7 11637 64 2.000000000
25 278 7 11638 64 2.000000000
25 279 7 11639 64 2.000000000
25 280 7 11640 64 2.000000000
25 281 7 11641 64 2.000000000
25 282 7 11642 64 2.000000000
25 283 7 11643 64 2.000000000
25 284 7 11644 64 2.000000000
25 285 7 11645 64 2.000000000
25 286 7 11646 64 2.000000000
25 287 7 11647 64 2.000000000
26 0 7 11648 64 2.000000000
26 1 7 11649 64 2.000000000
26 2 7 11650 64 2.000000000
26 3 7 11651 64 2.000000000
26 4 7 11652 64 2.000000000
26 5 7 11653 64 2.000000000
26 6 7 11654 64 2.000000000
26 7 7 11655 64 2.000000000
26 8 7 11656 64 2.000000000
26 9 7 11657 64 2.000000000
26 10 7 11658 64 2.000000000
26 11 7 11659 64 2.000000000
26 12 7 11660 64 2.000000000
26 13 7 11661 64 2.000000000
26 14 7 11662 64 2.000000000
26 15 7 11663 64 2.000000000
26 16 7 11664 64 2.000000000
26 17 7 11665 64 2.000000000
26 18 7 11666 64 2.000000000
26 19 7 11667 64 2.000000000
26 20 7 11668 64 2.000000000
26 21 7 11669 64 2.000000000
26 22 7 11670 64 2.000000000
26 23 7 11671 64 2.000000000
26 256 7 11672 64 2.000000000
26 257 7 11673 64 2.000000000
26 258 7 11674 64 2.000000000
26 259 7 11675 64 2.000000000
26 260 7 11676 64 2.000000000
26 261 7 11677 64 2.000000000
26 262 7 11678 64 2.000000000
26 263 7 11679 64 2.000000000
26 264 7 11680 64 2.000000000
26 265 7 11681 64 2.000000000
26 266 7 11682 64 2.000000000
26 267 7 11683 64 2.000000000
26 268 7 11684 64 2.000000000
26 269 7 11685 64 2.000000000
26 270 7 11686 64 2.000000000
26 271 7 11687 64 2.000000000
26 272 7 11688 64 2.000000000
26 273 7 11689 64 2.000000000
26 274 7 11690 64 2.000000000
26 275 7 11691 64 2.000000000
26 276 7 11692 64 2.000000000
26 277 7 11693 64 2.000000000
26 278 7 11694 64 2.000000000
26 279 7 11695 64 2.000000000
26 280 7 11696 64 2.000000000
26 281 7 11697 64 2.000000000
26 282 7 11698 64 2.000000000
26 283 7 11699 64 2.000000000
26 284 7 11700 64 2.000000000
26 285 7 11701 64 2.000000000
26 286 7 11702 64 2.000000000
26 287 7 11703 64 2.000000000
27 0 7 11704 64 2.000000000
27 1 7 11705 64 2.000000000
27 2 7 11706 64 2.000000000
27 3 7 11707 64 2.000000000
27 4 7 11708 64 2.000000000
27 5 7 11709 64 2.000000000
27 6 7 11710 64 2.000000000
27 7 7 11711 64 2.000000000
27 8 7 11712 64 2.000000000
27 9 7 11713 64 2.000000000
27 10 7 11714 64 2.000000000
27 11 7 11715 64 2.000000000
27 12 7 11716 64 2.000000000
27 13 7 11717 64 2.000000000
27 14 7 11718 64 2.000000000
27 15 7 11719 64 2.000000000
27 16 7 11720 64 2.000000000
27 17 7 11721 64 2.000000000
27 18 7 11722 64 2.000000000
27 19 7 11723 64 2.000000000
27 20 7 11724 64 2.000000000
27 21 7 11725 64 2.000000000
27 22 7 11726 64 2.000000000
27 23 7 11727 64 2.000000000
27 256 7 11728 64 2.000000000
27 257 7 11729 64 2.000000000
27 258 7 11730 64 2.000000000
27 259 7 11731 64 2.000000000
27 260 7 11732 64 2.000000000
27 261 7 11733 64 2.000000000
27 262 7 11734 64 2.000000000
27 263 7 11735 64 2.000000000
27 264 7 11736 64 2.000000000
27 265 7 11737 64 2.000000000
27 266 7 11738 64 2.000000000
27 267 7 11739 64 2.000000000
27 268 7 11740 64 2.000000000
27 269 7 11741 64 2.000000000
27 270 7 11742 64 2.000000000
27 271 7 11743 64 2.000000000
27 272 7 11744 64 2.000000000
27 273 7 11745 64 2.000000000
27 274 7 11746 64 2.000000000
27 275 7 11747 64 2.000000000
27 276 7 11748 64 2.000000000
27 277 7 11749 64 2.000000000
27 278 7 11750 64 2.000000000
27 279 7 11751 64 2.000000000
27 280 7 11752 64 2.000000000
27 281 7 11753 64 2.000000000
27 282 7 11754 64 2.000000000
27 283 7 11755 64 2.000000000
27 284 7 11756 64 2.000000000
27 285 7 11757 64 2.000000000
27 286 7 11758 64 2.000000000
27 287 7 11759 64 2.000000000
28 0 7 11760 64 2.000000000
28 1 7 11761 64 2.000000000
28 2 7 11762 64 2.000000000
28 3 7 11763 64 2.000000000
28 4 7 11764 64 2.000000000
28 5 7 11765 64 2.000000000
28 6 7 11766 64 2.000000000
28 7 7 11767 64 2.000000000
28 8 7 11768 64 2.000000000
28 9 7 11769 64 2.000000000
28 10 7 11770 64 2.000000000
28 11 7 11771 64 2.000000000
28 12 7 11772 64 2.000000000
28 13 7 11773 64 2.000000000
28 14 7 11774 64 2.000000000
28 15 7 11775 64 2.000000000
28 16 7 11776 64 2.000000000
28 17 7 11777 64 2.000000000
28 18 7 11778 64 2.000000000
28 19 7 11779 64 2.000000000
28 20 7 11780 64 2.000000000
28 21 7 11781 64 2.000000000
28 22 7 11782 64 2.000000000
28 23 7 11783 64 2.000000000
28 256 7 11784 64 2.000000000
28 257 7 11785 64 2.000000000
28 258 7 11786 64 2.000000000
28 259 7 11787 64 2.000000000
28 260 7 11788 64 2.000000000
28 261 7 11789 64 2.000000000
28 262 7 11790 64 2.000000000
28 263 7 11791 64 2.000000000
28 264 7 11792 64 2.000000000
28 265 7 11793 64 2.000000000
28 266 7 11794 64 2.000000000
28 267 7 11795 64 2.000000000
28 268 7 11796 64 2.000000000
28 269 7 11797 64 2.000000000
28 270 7 11798 64 2.000000000
28 271 7 11799 64 2.000000000
28 272 7 11800 64 2.000000000
28 273 7 11801 64 2.000000000
28 274 7 11802 64 2.000000000
28 275 7 11803 64 2.000000000
28 276 7 11804 64 2.000000000
28 277 7 11805 64 2.000000000
28 278 7 11806 64 2.000000000
28 279 7 11807 64 2.000000000
28 280 7 11808 64 2.000000000
28 281 7 11809 64 2.000000000
28 282 7 11810 64 2.000000000
28 283 7 11811 64 2.000000000
28 284 7 11812 64 2.000000000
28 285 7 11813 64 2.000000000
28 286 7 11814 64 2.000000000
28 287 7 11815 64 2.000000000
29 0 7 11816 64 2.000000000
29 1 7 11817 64 2.000000000
29 2 7 11818 64 2.000000000
29 3 7 11819 64 2.000000000
29 4 7 11820 64 2.000000000
29 5 7 11821 64 2.000000000
29 6 7 11822 64 2.000000000
29 7 7 11823 64 2.000000000
29 8 7 11824 64 2.000000000
29 9 7 11825 64 2.000000000
29 10 7 11826 64 2.000000000
29 11 7 11827 64 2.000000000
29 12 7 11828 64 2.000000000
29 13 7 11829 64 2.000000000
29 14 7 11830 64 2.000000000
29 15 7 11831 64 2.000000000
29 16 7 11832 64 2.000000000
29 17 7 11833 64 2.000000000
29 18 7 11834 64 2.000000000
29 19 7 11835 64 2.000000000
29 20 7 11836 64 2.000000000
29 21 7 11837 64 2.000000000
29 22 7 11838 64 2.000000000
29 23 7 11839 64 2.000000000
29 256 7 11840 64 2.000000000
29 257 7 11841 64 2.000000000
29 258 7 11842 64 2.000000000
29 259 7 11843 64 2.000000000
29 260 7 11844 64 2.000000000
29 261 7 11845 64 2.000000000
29 262 7 11846 64 2.000000000
29 263 7 11847 64 2.000000000
29 264 7 11848 64 2.000000000
29 265 7 11849 64 2.000000000
29 266 7 11850 64 2.000000000
29 267 7 11851 64 2.000000000
29 268 7 11852 64 2.000000000
29 269 7 11853 64 2.000000000
29 270 7 11854 64 2.000000000
29 271 7 11855 64 2.000000000
29 272 7 11856 64 2.000000000
29 273 7 11857 64 2.000000000
29 274 7 11858 64 2.000000000
29 275 7 11859 64 2.000000000
29 276 7 11860 64 2.000000000
29 277 7 11861 64 2.000000000
29 278 7 11862 64 2.000000000
29 279 7 11863 64 2.000000000
29 280 7 11864 64 2.000000000
29 281 7 11865 64 2.000000000
29 282 7 11866 64 2.000000000
29 283 7 11867 64 2.000000000
29 284 7 11868 64 2.000000000
29 285 7 11869 64 2.000000000
29 286 7 11870 64 2.000000000
29 287 7 11871 64 2.000000000
30 0 7 11872 64 2.000000000
30 1 7 11873 64 2.000000000
30 2 7 11874 64 2.000000000
30 3 7 11875 64 2.000000000
30 4 7 11876 64 2.000000000
30 5 7 11877 64 2.000000000
30 6 7 11878 64 2.000000000
30 7 7 11879 64 2.000000000
30 8 7 11880 64 2.000000000
30 9 7 11881 64 2.000000000
30 10 7 11882 64 2.000000000
30 11 7 11883 64 2.000000000
30 12 7 11884 64 2.000000000
30 13 7 11885 64 2.000000000
30 14 7 11886 64 2.000000000
30 15 7 11887 64 2.000000000
30 16 7 11888 64 2.000000000
30 17 7 11889 64 2.000000000
30 18 7 11890 64 2.000000000
30 19 7 11891 64 2.000000000
30 20 7 11892 64 2.000000000
30 21 7 11893 64 2.000000000
30 22 7 11894 64 2.000000000
30 23 7 11895 64 2.000000000
30 256 7 11896 64 2.000000000
30 257 7 11897 64 2.000000000
30 258 7 11898 64 2.000000000
30 259 7 11899 64 2.000000000
30 260 7 11900 64 2.000000000
30 261 7 11901 64 2.000000000
30 262 7 11902 64 2.000000000
30 263 7 11903 64 2.000000000
30 264 7 11904 64 2.000000000
30 265 7 11905 64 2.000000000
30 266 7 11906 64 2.000000000
30 267 7 11907 64 2.000000000
30 268 7 11908 64 2.000000000
30 269 7 11909 64 2.000000000
30 270 7 11910 64 2.000000000
30 271 7 11911 64 2.000000000
30 272 7 11912 64 2.000000000
30 273 7 11913 64 2.000000000
30 274 7 11914 64 2.000000000
30 275 7 11915 64 2.000000000
30 276 7 11916 64 2.000000000
30 277 7 11917 64 2.000000000
30 278 7 11918 64 2.000000000
30 279 7 11919 64 2.000000000
30 280 7 11920 64 2.000000000
30 281 7 11921 64 2.000000000
30 282 7 11922 64 2.000000000
30 283 7 11923 64 2.000000000
30 284 7 11924 64 2.000000000
30 285 7 11925 64 2.000000000
30 286 7 11926 64 2.000000000
30 287 7 11927 64 2.000000000
31 0 7 11928 64 2.000000000
31 1 7 11929 64 2.000000000
31 2 7 11930 64 2.000000000
31 3 7 11931 64 2.000000000
31 4 7 11932 64 2.000000000
31 5 7 11933 64 2.000000000
31 6 7 11934 64 2.000000000
31 7 7 11935 64 2.000000000
31 8 7 11936 64 2.000000000
31 9 7 11937 64 2.000000000
31 10 7 11938 64 2.000000000
31 11 7 11939 64 2.000000000
31 12 7 11940 64 2.000000000
31 13 7 11941 64 2.000000000
31 14 7 11942 64 2.000000000
31 15 7 11943 64 2.000000000
31 16 7 11944 64 2.000000000
31 17 7 11945 64 2.000000000
31 18 7 11946 64 2.000000000
31 19 7 11947 64 2.000000000
31 20 7 11948 64 2.000000000
31 21 7 11949 64 2.000000000
31 22 7 11950 64 2.000000000
31 23 7 11951 64 2.000000000
31 256 7 11952 64 2.000000000
31 257 7 11953 64 2.000000000
31 258 7 11954 64 2.000000000
31 259 7 11955 64 2.000000000
31 260 7 11956 64 2.000000000
31 261 7 11957 64 2.000000000
31 262 7 11958 64 2.000000000
31 263 7 11959 64 2.000000000
31 264 7 11960 64 2.000000000
31 265 7 11961 64 2.000000000
31 266 7 11962 64 2.000000000
31 267 7 11963 64 2.000000000
31 268 7 11964 64 2.000000000
31 269 7 11965 64 2.000000000
31 270 7 11966 64 2.000000000
31 271 7 11967 64 2.000000000
31 272 7 11968 64 2.000000000
31 273 7 11969 64 2.000000000
31 274 7 11970 64 2.000000000
31 275 7 11971 64 2.000000000
31 276 7 11972 64 2.000000000
31 277 7 11973 64 2.000000000
31 278 7 11974 64 2.000000000
31 279 7 11975 64 2.000000000
31 280 7 11976 64 2.000000000
31 281 7 11977 64 2.000000000
31 282 7 11978 64 2.000000000
31 283 7 11979 64 2.000000000
31 284 7 11980 64 2.000000000
31 285 7 11981 64 2.000000000
31 286 7 11982 64 2.000000000
31 287 7 11983 64 2.000000000
0 512 7 11984 64 2.000000000
1 513 7 11985 64 2.000000000
2 514 7 11986 64 2.000000000
3 515 7 11987 64 2.000000000
4 516 7 11988 64 2.000000000
5 517 7 11989 64 2.000000000
6 518 7 11990 64 2.000000000
7 519 7 11991 64 2.000000000
8 520 7 11992 64 2.000000000
9 521 7 11993 64 2.000000000
10 522 7 11994 64 2.000000000
11 523 7 11995 64 2.000000000
12 524 7 11996 64 2.000000000
13 525 7 11997 64 2.000000000
14 526 7 11998 64 2.000000000
15 527 7 11999 64 2.000000000
16 528 7 12000 64 2.000000000
17 529 7 12001 64 2.000000000
18 530 7 12002 64 2.000000000
19 531 7 12003 64 2.000000000
20 532 7 12004 64 2.000000000
21 533 7 12005 64 2.000000000
22 534 7 12006 64 2.000000000
23 535 7 12007 64 2.000000000
24 536 7 12008 64 2.000000000
25 537 7 12009 64 2.000000000
26 538 7 12010 64 2.000000000
27 539 7 12011 64 2.000000000
28 540 7 12012 64 2.000000000
29 541 7 12013 64 2.000000000
30 542 7 12014 64 2.000000000
31 543 7 12015 64 2.000000000
