960
0 64 7 10000 1 2.000000000
1 65 7 10001 1 2.000000000
2 66 7 10002 1 2.000000000
3 67 7 10003 1 2.000000000
4 68 7 10004 1 2.000000000
5 69 7 10005 1 2.000000000
6 70 7 10006 1 2.000000000
7 71 7 10007 1 2.000000000
8 72 7 10008 1 2.000000000
9 73 7 10009 1 2.000000000
10 74 7 10010 1 2.000000000
11 75 7 10011 1 2.000000000
12 76 7 10012 1 2.000000000
13 77 7 10013 1 2.000000000
14 78 7 10014 1 2.000000000
15 79 7 10015 1 2.000000000
0 256 7 10016 1 2.000000000
8 264 7 10017 1 2.000000000
0 128 7 10018 1 2.000000000
8 136 7 10019 1 2.000000000
0 8 7 10020 1 2.000000000
8 0 7 10021 1 2.000000000
1 257 7 10022 1 2.000000000
9 265 7 10023 1 2.000000000
1 129 7 10024 1 2.000000000
9 137 7 10025 1 2.000000000
1 9 7 10026 1 2.000000000
9 1 7 10027 1 2.000000000
2 258 7 10028 1 2.000000000
10 266 7 10029 1 2.000000000
2 130 7 10030 1 2.000000000
10 138 7 10031 1 2.000000000
2 10 7 10032 1 2.000000000
10 2 7 10033 1 2.000000000
3 259 7 10034 1 2.000000000
11 267 7 10035 1 2.000000000
3 131 7 10036 1 2.000000000
11 139 7 10037 1 2.000000000
3 11 7 10038 1 2.000000000
11 3 7 10039 1 2.000000000
4 260 7 10040 1 2.000000000
12 268 7 10041 1 2.000000000
4 132 7 10042 1 2.000000000
12 140 7 10043 1 2.000000000
4 12 7 10044 1 2.000000000
12 4 7 10045 1 2.000000000
5 261 7 10046 1 2.000000000
13 269 7 10047 1 2.000000000
5 133 7 10048 1 2.000000000
13 141 7 10049 1 2.000000000
5 13 7 10050 1 2.000000000
13 5 7 10051 1 2.000000000
6 262 7 10052 1 2.000000000
14 270 7 10053 1 2.000000000
6 134 7 10054 1 2.000000000
14 142 7 10055 1 2.000000000
6 14 7 10056 1 2.000000000
14 6 7 10057 1 2.000000000
7 263 7 10058 1 2.000000000
15 271 7 10059 1 2.000000000
7 135 7 10060 1 2.000000000
15 143 7 10061 1 2.000000000
7 15 7 10062 1 2.000000000
15 7 7 10063 1 2.000000000
0 8 7 10064 1 2.000000000
0 9 7 10065 1 2.000000000
0 10 7 10066 1 2.000000000
0 11 7 10067 1 2.000000000
0 12 7 10068 1 2.000000000
0 13 7 10069 1 2.000000000
0 14 7 10070 1 2.000000000
0 15 7 10071 1 2.000000000
0 128 7 10072 1 2.000000000
0 129 7 10073 1 2.000000000
0 130 7 10074 1 2.000000000
0 131 7 10075 1 2.000000000
0 132 7 10076 1 2.000000000
0 133 7 10077 1 2.000000000
0 134 7 10078 1 2.000000000
0 135 7 10079 1 2.000000000
0 136 7 10080 1 2.000000000
0 137 7 10081 1 2.000000000
0 138 7 10082 1 2.000000000
0 139 7 10083 1 2.000000000
0 140 7 10084 1 2.000000000
0 141 7 10085 1 2.000000000
0 142 7 10086 1 2.000000000
0 143 7 10087 1 2.000000000
0 256 7 10088 1 2.000000000
0 257 7 10089 1 2.000000000
0 258 7 10090 1 2.000000000
0 259 7 10091 1 2.000000000
0 260 7 10092 1 2.000000000
0 261 7 10093 1 2.000000000
0 262 7 10094 1 2.000000000
0 263 7 10095 1 2.000000000
0 264 7 10096 1 2.000000000
0 265 7 10097 1 2.000000000
0 266 7 10098 1 2.000000000
0 267 7 10099 1 2.000000000
0 268 7 10100 1 2.000000000
0 269 7 10101 1 2.000000000
0 270 7 10102 1 2.000000000
0 271 7 10103 1 2.000000000
0 384 7 10104 1 2.000000000
0 385 7 10105 1 2.000000000
0 386 7 10106 1 2.000000000
0 387 7 10107 1 2.000000000
0 388 7 10108 1 2.000000000
0 389 7 10109 1 2.000000000
0 390 7 10110 1 2.000000000
0 391 7 10111 1 2.000000000
0 392 7 10112 1 2.000000000
0 393 7 10113 1 2.000000000
0 394 7 10114 1 2.000000000
0 395 7 10115 1 2.000000000
0 396 7 10116 1 2.000000000
0 397 7 10117 1 2.000000000
0 398 7 10118 1 2.000000000
0 399 7 10119 1 2.000000000
1 8 7 10120 1 2.000000000
1 9 7 10121 1 2.000000000
1 10 7 10122 1 2.000000000
1 11 7 10123 1 2.000000000
1 12 7 10124 1 2.000000000
1 13 7 10125 1 2.000000000
1 14 7 10126 1 2.000000000
1 15 7 10127 1 2.000000000
1 128 7 10128 1 2.000000000
1 129 7 10129 1 2.000000000
1 130 7 10130 1 2.000000000
1 131 7 10131 1 2.000000000
1 132 7 10132 1 2.000000000
1 133 7 10133 1 2.000000000
1 134 7 10134 1 2.000000000
1 135 7 10135 1 2.000000000
1 136 7 10136 1 2.000000000
1 137 7 10137 1 2.000000000
1 138 7 10138 1 2.000000000
1 139 7 10139 1 2.000000000
1 140 7 10140 1 2.000000000
1 141 7 10141 1 2.000000000
1 142 7 10142 1 2.000000000
1 143 7 10143 1 2.000000000
1 256 7 10144 1 2.000000000
1 257 7 10145 1 2.000000000
1 258 7 10146 1 2.000000000
1 259 7 10147 1 2.000000000
1 260 7 10148 1 2.000000000
1 261 7 10149 1 2.000000000
1 262 7 10150 1 2.000000000
1 263 7 10151 1 2.000000000
1 264 7 10152 1 2.000000000
1 265 7 10153 1 2.000000000
1 266 7 10154 1 2.000000000
1 267 7 10155 1 2.000000000
1 268 7 10156 1 2.000000000
1 269 7 10157 1 2.000000000
1 270 7 10158 1 2.000000000
1 271 7 10159 1 2.000000000
1 384 7 10160 1 2.000000000
1 385 7 10161 1 2.000000000
1 386 7 10162 1 2.000000000
1 387 7 10163 1 2.000000000
1 388 7 10164 1 2.000000000
1 389 7 10165 1 2.000000000
1 390 7 10166 1 2.000000000
1 391 7 10167 1 2.000000000
1 392 7 10168 1 2.000000000
1 393 7 10169 1 2.000000000
1 394 7 10170 1 2.000000000
1 395 7 10171 1 2.000000000
1 396 7 10172 1 2.000000000
1 397 7 10173 1 2.000000000
1 398 7 10174 1 2.000000000
1 399 7 10175 1 2.000000000
2 8 7 10176 1 2.000000000
2 9 7 10177 1 2.000000000
2 10 7 10178 1 2.000000000
2 11 7 10179 1 2.000000000
2 12 7 10180 1 2.000000000
2 13 7 10181 1 2.000000000
2 14 7 10182 1 2.000000000
2 15 7 10183 1 2.000000000
2 128 7 10184 1 2.000000000
2 129 7 10185 1 2.000000000
2 130 7 10186 1 2.000000000
2 131 7 10187 1 2.000000000
2 132 7 10188 1 2.000000000
2 133 7 10189 1 2.000000000
2 134 7 10190 1 2.000000000
2 135 7 10191 1 2.000000000
2 136 7 10192 1 2.000000000
2 137 7 10193 1 2.000000000
2 138 7 10194 1 2.000000000
2 139 7 10195 1 2.000000000
2 140 7 10196 1 2.000000000
2 141 7 10197 1 2.000000000
2 142 7 10198 1 2.000000000
2 143 7 10199 1 2.000000000
2 256 7 10200 1 2.000000000
2 257 7 10201 1 2.000000000
2 258 7 10202 1 2.000000000
2 259 7 10203 1 2.000000000
2 260 7 10204 1 2.000000000
2 261 7 10205 1 2.000000000
2 262 7 10206 1 2.000000000
2 263 7 10207 1 2.000000000
2 264 7 10208 1 2.000000000
2 265 7 10209 1 2.000000000
2 266 7 10210 1 2.000000000
2 267 7 10211 1 2.000000000
2 268 7 10212 1 2.000000000
2 269 7 10213 1 2.000000000
2 270 7 10214 1 2.000000000
2 271 7 10215 1 2.000000000
2 384 7 10216 1 2.000000000
2 385 7 10217 1 2.000000000
2 386 7 10218 1 2.000000000
2 387 7 10219 1 2.000000000
2 388 7 10220 1 2.000000000
2 389 7 10221 1 2.000000000
2 390 7 10222 1 2.000000000
2 391 7 10223 1 2.000000000
2 392 7 10224 1 2.000000000
2 393 7 10225 1 2.000000000
2 394 7 10226 1 2.000000000
2 395 7 10227 1 2.000000000
2 396 7 10228 1 2.000000000
2 397 7 10229 1 2.000000000
2 398 7 10230 1 2.000000000
2 399 7 10231 1 2.000000000
3 8 7 10232 1 2.000000000
3 9 7 10233 1 2.000000000
3 10 7 10234 1 2.000000000
3 11 7 10235 1 2.000000000
3 12 7 10236 1 2.000000000
3 13 7 10237 1 2.000000000
3 14 7 10238 1 2.000000000
3 15 7 10239 1 2.000000000
3 128 7 10240 1 2.000000000
3 129 7 10241 1 2.000000000
3 130 7 10242 1 2.000000000
3 131 7 10243 1 2.000000000
3 132 7 10244 1 2.000000000
3 133 7 10245 1 2.000000000
3 134 7 10246 1 2.000000000
3 135 7 10247 1 2.000000000
3 136 7 10248 1 2.000000000
3 137 7 10249 1 2.000000000
3 138 7 10250 1 2.000000000
3 139 7 10251 1 2.000000000
3 140 7 10252 1 2.000000000
3 141 7 10253 1 2.000000000
3 142 7 10254 1 2.000000000
3 143 7 10255 1 2.000000000
3 256 7 10256 1 2.000000000
3 257 7 10257 1 2.000000000
3 258 7 10258 1 2.000000000
3 259 7 10259 1 2.000000000
3 260 7 10260 1 2.000000000
3 261 7 10261 1 2.000000000
3 262 7 10262 1 2.000000000
3 263 7 10263 1 2.000000000
3 264 7 10264 1 2.000000000
3 265 7 10265 1 2.000000000
3 266 7 10266 1 2.000000000
3 267 7 10267 1 2.000000000
3 268 7 10268 1 2.000000000
3 269 7 10269 1 2.000000000
3 270 7 10270 1 2.000000000
3 271 7 10271 1 2.000000000
3 384 7 10272 1 2.000000000
3 385 7 10273 1 2.000000000
3 386 7 10274 1 2.000000000
3 387 7 10275 1 2.000000000
3 388 7 10276 1 2.000000000
3 389 7 10277 1 2.000000000
3 390 7 10278 1 2.000000000
3 391 7 10279 1 2.000000000
3 392 7 10280 1 2.000000000
3 393 7 10281 1 2.000000000
3 394 7 10282 1 2.000000000
3 395 7 10283 1 2.000000000
3 396 7 10284 1 2.000000000
3 397 7 10285 1 2.000000000
3 398 7 10286 1 2.000000000
3 399 7 10287 1 2.000000000
4 8 7 10288 1 2.000000000
4 9 7 10289 1 2.000000000
4 10 7 10290 1 2.000000000
4 11 7 10291 1 2.000000000
4 12 7 10292 1 2.000000000
4 13 7 10293 1 2.000000000
4 14 7 10294 1 2.000000000
4 15 7 10295 1 2.000000000
4 128 7 10296 1 2.000000000
4 129 7 10297 1 2.000000000
4 130 7 10298 1 2.000000000
4 131 7 10299 1 2.000000000
4 132 7 10300 1 2.000000000
4 133 7 10301 1 2.000000000
4 134 7 10302 1 2.000000000
4 135 7 10303 1 2.000000000
4 136 7 10304 1 2.000000000
4 137 7 10305 1 2.000000000
4 138 7 10306 1 2.000000000
4 139 7 10307 1 2.000000000
4 140 7 10308 1 2.000000000
4 141 7 10309 1 2.000000000
4 142 7 10310 1 2.000000000
4 143 7 10311 1 2.000000000
4 256 7 10312 1 2.000000000
4 257 7 10313 1 2.000000000
4 258 7 10314 1 2.000000000
4 259 7 10315 1 2.000000000
4 260 7 10316 1 2.000000000
4 261 7 10317 1 2.000000000
4 262 7 10318 1 2.000000000
4 263 7 10319 1 2.000000000
4 264 7 10320 1 2.000000000
4 265 7 10321 1 2.000000000
4 266 7 10322 1 2.000000000
4 267 7 10323 1 2.000000000
4 268 7 10324 1 2.000000000
4 269 7 10325 1 2.000000000
4 270 7 10326 1 2.000000000
4 271 7 10327 1 2.000000000
4 384 7 10328 1 2.000000000
4 385 7 10329 1 2.000000000
4 386 7 10330 1 2.000000000
4 387 7 10331 1 2.000000000
4 388 7 10332 1 2.000000000
4 389 7 10333 1 2.000000000
4 390 7 10334 1 2.000000000
4 391 7 10335 1 2.000000000
4 392 7 10336 1 2.000000000
4 393 7 10337 1 2.000000000
4 394 7 10338 1 2.000000000
4 395 7 10339 1 2.000000000
4 396 7 10340 1 2.000000000
4 397 7 10341 1 2.000000000
4 398 7 10342 1 2.000000000
4 399 7 10343 1 2.000000000
5 8 7 10344 1 2.000000000
5 9 7 10345 1 2.000000000
5 10 7 10346 1 2.000000000
5 11 7 10347 1 2.000000000
5 12 7 10348 1 2.000000000
5 13 7 10349 1 2.000000000
5 14 7 10350 1 2.000000000
5 15 7 10351 1 2.000000000
5 128 7 10352 1 2.000000000
5 129 7 10353 1 2.000000000
5 130 7 10354 1 2.000000000
5 131 7 10355 1 2.000000000
5 132 7 10356 1 2.000000000
5 133 7 10357 1 2.000000000
5 134 7 10358 1 2.000000000
5 135 7 10359 1 2.000000000
5 136 7 10360 1 2.000000000
5 137 7 10361 1 2.000000000
5 138 7 10362 1 2.000000000
5 139 7 10363 1 2.000000000
5 140 7 10364 1 2.000000000
5 141 7 10365 1 2.000000000
5 142 7 10366 1 2.000000000
5 143 7 10367 1 2.000000000
5 256 7 10368 1 2.000000000
5 257 7 10369 1 2.000000000
5 258 7 10370 1 2.000000000
5 259 7 10371 1 2.000000000
5 260 7 10372 1 2.000000000
5 261 7 10373 1 2.000000000
5 262 7 10374 1 2.000000000
5 263 7 10375 1 2.000000000
5 264 7 10376 1 2.000000000
5 265 7 10377 1 2.000000000
5 266 7 10378 1 2.000000000
5 267 7 10379 1 2.000000000
5 268 7 10380 1 2.000000000
5 269 7 10381 1 2.000000000
5 270 7 10382 1 2.000000000
5 271 7 10383 1 2.000000000
5 384 7 10384 1 2.000000000
5 385 7 10385 1 2.000000000
5 386 7 10386 1 2.000000000
5 387 7 10387 1 2.000000000
5 388 7 10388 1 2.000000000
5 389 7 10389 1 2.000000000
5 390 7 10390 1 2.000000000
5 391 7 10391 1 2.000000000
5 392 7 10392 1 2.000000000
5 393 7 10393 1 2.000000000
5 394 7 10394 1 2.000000000
5 395 7 10395 1 2.000000000
5 396 7 10396 1 2.000000000
5 397 7 10397 1 2.000000000
5 398 7 10398 1 2.000000000
5 399 7 10399 1 2.000000000
6 8 7 10400 1 2.000000000
6 9 7 10401 1 2.000000000
6 10 7 10402 1 2.000000000
6 11 7 10403 1 2.000000000
6 12 7 10404 1 2.000000000
6 13 7 10405 1 2.000000000
6 14 7 10406 1 2.000000000
6 15 7 10407 1 2.000000000
6 128 7 10408 1 2.000000000
6 129 7 10409 1 2.000000000
6 130 7 10410 1 2.000000000
6 131 7 10411 1 2.000000000
6 132 7 10412 1 2.000000000
6 133 7 10413 1 2.000000000
6 134 7 10414 1 2.000000000
6 135 7 10415 1 2.000000000
6 136 7 10416 1 2.000000000
6 137 7 10417 1 2.000000000
6 138 7 10418 1 2.000000000
6 139 7 10419 1 2.000000000
6 140 7 10420 1 2.000000000
6 141 7 10421 1 2.000000000
6 142 7 10422 1 2.000000000
6 143 7 10423 1 2.000000000
6 256 7 10424 1 2.000000000
6 257 7 10425 1 2.000000000
6 258 7 10426 1 2.000000000
6 259 7 10427 1 2.000000000
6 260 7 10428 1 2.000000000
6 261 7 10429 1 2.000000000
6 262 7 10430 1 2.000000000
6 263 7 10431 1 2.000000000
6 264 7 10432 1 2.000000000
6 265 7 10433 1 2.000000000
6 266 7 10434 1 2.000000000
6 267 7 10435 1 2.000000000
6 268 7 10436 1 2.000000000
6 269 7 10437 1 2.000000000
6 270 7 10438 1 2.000000000
6 271 7 10439 1 2.000000000
6 384 7 10440 1 2.000000000
6 385 7 10441 1 2.000000000
6 386 7 10442 1 2.000000000
6 387 7 10443 1 2.000000000
6 388 7 10444 1 2.000000000
6 389 7 10445 1 2.000000000
6 390 7 10446 1 2.000000000
6 391 7 10447 1 2.000000000
6 392 7 10448 1 2.000000000
6 393 7 10449 1 2.000000000
6 394 7 10450 1 2.000000000
6 395 7 10451 1 2.000000000
6 396 7 10452 1 2.000000000
6 397 7 10453 1 2.000000000
6 398 7 10454 1 2.000000000
6 399 7 10455 1 2.000000000
7 8 7 10456 1 2.000000000
7 9 7 10457 1 2.000000000
7 10 7 10458 1 2.000000000
7 11 7 10459 1 2.000000000
7 12 7 10460 1 2.000000000
7 13 7 10461 1 2.000000000
7 14 7 10462 1 2.000000000
7 15 7 10463 1 2.000000000
7 128 7 10464 1 2.000000000
7 129 7 10465 1 2.000000000
7 130 7 10466 1 2.000000000
7 131 7 10467 1 2.000000000
7 132 7 10468 1 2.000000000
7 133 7 10469 1 2.000000000
7 134 7 10470 1 2.000000000
7 135 7 10471 1 2.000000000
7 136 7 10472 1 2.000000000
7 137 7 10473 1 2.000000000
7 138 7 10474 1 2.000000000
7 139 7 10475 1 2.000000000
7 140 7 10476 1 2.000000000
7 141 7 10477 1 2.000000000
7 142 7 10478 1 2.000000000
7 143 7 10479 1 2.000000000
7 256 7 10480 1 2.000000000
7 257 7 10481 1 2.000000000
7 258 7 10482 1 2.000000000
7 259 7 10483 1 2.000000000
7 260 7 10484 1 2.000000000
7 261 7 10485 1 2.000000000
7 262 7 10486 1 2.000000000
7 263 7 10487 1 2.000000000
7 264 7 10488 1 2.000000000
7 265 7 10489 1 2.000000000
7 266 7 10490 1 2.000000000
7 267 7 10491 1 2.000000000
7 268 7 10492 1 2.000000000
7 269 7 10493 1 2.000000000
7 270 7 10494 1 2.000000000
7 271 7 10495 1 2.000000000
7 384 7 10496 1 2.000000000
7 385 7 10497 1 2.000000000
7 386 7 10498 1 2.000000000
7 387 7 10499 1 2.000000000
7 388 7 10500 1 2.000000000
7 389 7 10501 1 2.000000000
7 390 7 10502 1 2.000000000
7 391 7 10503 1 2.000000000
7 392 7 10504 1 2.000000000
7 393 7 10505 1 2.000000000
7 394 7 10506 1 2.000000000
7 395 7 10507 1 2.000000000
7 396 7 10508 1 2.000000000
7 397 7 10509 1 2.000000000
7 398 7 10510 1 2.000000000
7 399 7 10511 1 2.000000000
8 0 7 10512 1 2.000000000
8 1 7 10513 1 2.000000000
8 2 7 10514 1 2.000000000
8 3 7 10515 1 2.000000000
8 4 7 10516 1 2.000000000
8 5 7 10517 1 2.000000000
8 6 7 10518 1 2.000000000
8 7 7 10519 1 2.000000000
8 128 7 10520 1 2.000000000
8 129 7 10521 1 2.000000000
8 130 7 10522 1 2.000000000
8 131 7 10523 1 2.000000000
8 132 7 10524 1 2.000000000
8 133 7 10525 1 2.000000000
8 134 7 10526 1 2.000000000
8 135 7 10527 1 2.000000000
8 136 7 10528 1 2.000000000
8 137 7 10529 1 2.000000000
8 138 7 10530 1 2.000000000
8 139 7 10531 1 2.000000000
8 140 7 10532 1 2.000000000
8 141 7 10533 1 2.000000000
8 142 7 10534 1 2.000000000
8 143 7 10535 1 2.000000000
8 256 7 10536 1 2.000000000
8 257 7 10537 1 2.000000000
8 258 7 10538 1 2.000000000
8 259 7 10539 1 2.000000000
8 260 7 10540 1 2.000000000
8 261 7 10541 1 2.000000000
8 262 7 10542 1 2.000000000
8 263 7 10543 1 2.000000000
8 264 7 10544 1 2.000000000
8 265 7 10545 1 2.000000000
8 266 7 10546 1 2.000000000
8 267 7 10547 1 2.000000000
8 268 7 10548 1 2.000000000
8 269 7 10549 1 2.000000000
8 270 7 10550 1 2.000000000
8 271 7 10551 1 2.000000000
8 384 7 10552 1 2.000000000
8 385 7 10553 1 2.000000000
8 386 7 10554 1 2.000000000
8 387 7 10555 1 2.000000000
8 388 7 10556 1 2.000000000
8 389 7 10557 1 2.000000000
8 390 7 10558 1 2.000000000
8 391 7 10559 1 2.000000000
8 392 7 10560 1 2.000000000
8 393 7 10561 1 2.000000000
8 394 7 10562 1 2.000000000
8 395 7 10563 1 2.000000000
8 396 7 10564 1 2.000000000
8 397 7 10565 1 2.000000000
8 398 7 10566 1 2.000000000
8 399 7 10567 1 2.000000000
9 0 7 10568 1 2.000000000
9 1 7 10569 1 2.000000000
9 2 7 10570 1 2.000000000
9 3 7 10571 1 2.000000000
9 4 7 10572 1 2.000000000
9 5 7 10573 1 2.000000000
9 6 7 10574 1 2.000000000
9 7 7 10575 1 2.000000000
9 128 7 10576 1 2.000000000
9 129 7 10577 1 2.000000000
9 130 7 10578 1 2.000000000
9 131 7 10579 1 2.000000000
9 132 7 10580 1 2.000000000
9 133 7 10581 1 2.000000000
9 134 7 10582 1 2.000000000
9 135 7 10583 1 2.000000000
9 136 7 10584 1 2.000000000
9 137 7 10585 1 2.000000000
9 138 7 10586 1 2.000000000
9 139 7 10587 1 2.000000000
9 140 7 10588 1 2.000000000
9 141 7 10589 1 2.000000000
9 142 7 10590 1 2.000000000
9 143 7 10591 1 2.000000000
9 256 7 10592 1 2.000000000
9 257 7 10593 1 2.000000000
9 258 7 10594 1 2.000000000
9 259 7 10595 1 2.000000000
9 260 7 10596 1 2.000000000
9 261 7 10597 1 2.000000000
9 262 7 10598 1 2.000000000
9 263 7 10599 1 2.000000000
9 264 7 10600 1 2.000000000
9 265 7 10601 1 2.000000000
9 266 7 10602 1 2.000000000
9 267 7 10603 1 2.000000000
9 268 7 10604 1 2.000000000
9 269 7 10605 1 2.000000000
9 270 7 10606 1 2.000000000
9 271 7 10607 1 2.000000000
9 384 7 10608 1 2.000000000
9 385 7 10609 1 2.000000000
9 386 7 10610 1 2.000000000
9 387 7 10611 1 2.000000000
9 388 7 10612 1 2.000000000
9 389 7 10613 1 2.000000000
9 390 7 10614 1 2.000000000
9 391 7 10615 1 2.000000000
9 392 7 10616 1 2.000000000
9 393 7 10617 1 2.000000000
9 394 7 10618 1 2.000000000
9 395 7 10619 1 2.000000000
9 396 7 10620 1 2.000000000
9 397 7 10621 1 2.000000000
9 398 7 10622 1 2.000000000
9 399 7 10623 1 2.000000000
10 0 7 10624 1 2.000000000
10 1 7 10625 1 2.000000000
10 2 7 10626 1 2.000000000
10 3 7 10627 1 2.000000000
10 4 7 10628 1 2.000000000
10 5 7 10629 1 2.000000000
10 6 7 10630 1 2.000000000
10 7 7 10631 1 2.000000000
10 128 7 10632 1 2.000000000
10 129 7 10633 1 2.000000000
10 130 7 10634 1 2.000000000
10 131 7 10635 1 2.000000000
10 132 7 10636 1 2.000000000
10 133 7 10637 1 2.000000000
10 134 7 10638 1 2.000000000
10 135 7 10639 1 2.000000000
10 136 7 10640 1 2.000000000
10 137 7 10641 1 2.000000000
10 138 7 10642 1 2.000000000
10 139 7 10643 1 2.000000000
10 140 7 10644 1 2.000000000
10 141 7 10645 1 2.000000000
10 142 7 10646 1 2.000000000
10 143 7 10647 1 2.000000000
10 256 7 10648 1 2.000000000
10 257 7 10649 1 2.000000000
10 258 7 10650 1 2.000000000
10 259 7 10651 1 2.000000000
10 260 7 10652 1 2.000000000
10 261 7 10653 1 2.000000000
10 262 7 10654 1 2.000000000
10 263 7 10655 1 2.000000000
10 264 7 10656 1 2.000000000
10 265 7 10657 1 2.000000000
10 266 7 10658 1 2.000000000
10 267 7 10659 1 2.000000000
10 268 7 10660 1 2.000000000
10 269 7 10661 1 2.000000000
10 270 7 10662 1 2.000000000
10 271 7 10663 1 2.000000000
10 384 7 10664 1 2.000000000
10 385 7 10665 1 2.000000000
10 386 7 10666 1 2.000000000
10 387 7 10667 1 2.000000000
10 388 7 10668 1 2.000000000
10 389 7 10669 1 2.000000000
10 390 7 10670 1 2.000000000
10 391 7 10671 1 2.000000000
10 392 7 10672 1 2.000000000
10 393 7 10673 1 2.000000000
10 394 7 10674 1 2.000000000
10 395 7 10675 1 2.000000000
10 396 7 10676 1 2.000000000
10 397 7 10677 1 2.000000000
10 398 7 10678 1 2.000000000
10 399 7 10679 1 2.000000000
11 0 7 10680 1 2.000000000
11 1 7 10681 1 2.000000000
11 2 7 10682 1 2.000000000
11 3 7 10683 1 2.000000000
11 4 7 10684 1 2.000000000
11 5 7 10685 1 2.000000000
11 6 7 10686 1 2.000000000
11 7 7 10687 1 2.000000000
11 128 7 10688 1 2.000000000
11 129 7 10689 1 2.000000000
11 130 7 10690 1 2.000000000
11 131 7 10691 1 2.000000000
11 132 7 10692 1 2.000000000
11 133 7 10693 1 2.000000000
11 134 7 10694 1 2.000000000
11 135 7 10695 1 2.000000000
11 136 7 10696 1 2.000000000
11 137 7 10697 1 2.000000000
11 138 7 10698 1 2.000000000
11 139 7 10699 1 2.000000000
11 140 7 10700 1 2.000000000
11 141 7 10701 1 2.000000000
11 142 7 10702 1 2.000000000
11 143 7 10703 1 2.000000000
11 256 7 10704 1 2.000000000
11 257 7 10705 1 2.000000000
11 258 7 10706 1 2.000000000
11 259 7 10707 1 2.000000000
11 260 7 10708 1 2.000000000
11 261 7 10709 1 2.000000000
11 262 7 10710 1 2.000000000
11 263 7 10711 1 2.000000000
11 264 7 10712 1 2.000000000
11 265 7 10713 1 2.000000000
11 266 7 10714 1 2.000000000
11 267 7 10715 1 2.000000000
11 268 7 10716 1 2.000000000
11 269 7 10717 1 2.000000000
11 270 7 10718 1 2.000000000
11 271 7 10719 1 2.000000000
11 384 7 10720 1 2.000000000
11 385 7 10721 1 2.000000000
11 386 7 10722 1 2.000000000
11 387 7 10723 1 2.000000000
11 388 7 10724 1 2.000000000
11 389 7 10725 1 2.000000000
11 390 7 10726 1 2.000000000
11 391 7 10727 1 2.000000000
11 392 7 10728 1 2.000000000
11 393 7 10729 1 2.000000000
11 394 7 10730 1 2.000000000
11 395 7 10731 1 2.000000000
11 396 7 10732 1 2.000000000
11 397 7 10733 1 2.000000000
11 398 7 10734 1 2.000000000
11 399 7 10735 1 2.000000000
12 0 7 10736 1 2.000000000
12 1 7 10737 1 2.000000000
12 2 7 10738 1 2.000000000
12 3 7 10739 1 2.000000000
12 4 7 10740 1 2.000000000
12 5 7 10741 1 2.000000000
12 6 7 10742 1 2.000000000
12 7 7 10743 1 2.000000000
12 128 7 10744 1 2.000000000
12 129 7 10745 1 2.000000000
12 130 7 10746 1 2.000000000
12 131 7 10747 1 2.000000000
12 132 7 10748 1 2.000000000
12 133 7 10749 1 2.000000000
12 134 7 10750 1 2.000000000
12 135 7 10751 1 2.000000000
12 136 7 10752 1 2.000000000
12 137 7 10753 1 2.000000000
12 138 7 10754 1 2.000000000
12 139 7 10755 1 2.000000000
12 140 7 10756 1 2.000000000
12 141 7 10757 1 2.000000000
12 142 7 10758 1 2.000000000
12 143 7 10759 1 2.000000000
12 256 7 10760 1 2.000000000
12 257 7 10761 1 2.000000000
12 258 7 10762 1 2.000000000
12 259 7 10763 1 2.000000000
12 260 7 10764 1 2.000000000
12 261 7 10765 1 2.000000000
12 262 7 10766 1 2.000000000
12 263 7 10767 1 2.000000000
12 264 7 10768 1 2.000000000
12 265 7 10769 1 2.000000000
12 266 7 10770 1 2.000000000
12 267 7 10771 1 2.000000000
12 268 7 10772 1 2.000000000
12 269 7 10773 1 2.000000000
12 270 7 10774 1 2.000000000
12 271 7 10775 1 2.000000000
12 384 7 10776 1 2.000000000
12 385 7 10777 1 2.000000000
12 386 7 10778 1 2.000000000
12 387 7 10779 1 2.000000000
12 388 7 10780 1 2.000000000
12 389 7 10781 1 2.000000000
12 390 7 10782 1 2.000000000
12 391 7 10783 1 2.000000000
12 392 7 10784 1 2.000000000
12 393 7 10785 1 2.000000000
12 394 7 10786 1 2.000000000
12 395 7 10787 1 2.000000000
12 396 7 10788 1 2.000000000
12 397 7 10789 1 2.000000000
12 398 7 10790 1 2.000000000
12 399 7 10791 1 2.000000000
13 0 7 10792 1 2.000000000
13 1 7 10793 1 2.000000000
13 2 7 10794 1 2.000000000
13 3 7 10795 1 2.000000000
13 4 7 10796 1 2.000000000
13 5 7 10797 1 2.000000000
13 6 7 10798 1 2.000000000
13 7 7 10799 1 2.000000000
13 128 7 10800 1 2.000000000
13 129 7 10801 1 2.000000000
13 130 7 10802 1 2.000000000
13 131 7 10803 1 2.000000000
13 132 7 10804 1 2.000000000
13 133 7 10805 1 2.000000000
13 134 7 10806 1 2.000000000
13 135 7 10807 1 2.000000000
13 136 7 10808 1 2.000000000
13 137 7 10809 1 2.000000000
13 138 7 10810 1 2.000000000
13 139 7 10811 1 2.000000000
13 140 7 10812 1 2.000000000
13 141 7 10813 1 2.000000000
13 142 7 10814 1 2.000000000
13 143 7 10815 1 2.000000000
13 256 7 10816 1 2.000000000
13 257 7 10817 1 2.000000000
13 258 7 10818 1 2.000000000
13 259 7 10819 1 2.000000000
13 260 7 10820 1 2.000000000
13 261 7 10821 1 2.000000000
13 262 7 10822 1 2.000000000
13 263 7 10823 1 2.000000000
13 264 7 10824 1 2.000000000
13 265 7 10825 1 2.000000000
13 266 7 10826 1 2.000000000
13 267 7 10827 1 2.000000000
13 268 7 10828 1 2.000000000
13 269 7 10829 1 2.000000000
13 270 7 10830 1 2.000000000
13 271 7 10831 1 2.000000000
13 384 7 10832 1 2.000000000
13 385 7 10833 1 2.000000000
13 386 7 10834 1 2.000000000
13 387 7 10835 1 2.000000000
13 388 7 10836 1 2.000000000
13 389 7 10837 1 2.000000000
13 390 7 10838 1 2.000000000
13 391 7 10839 1 2.000000000
13 392 7 10840 1 2.000000000
13 393 7 10841 1 2.000000000
13 394 7 10842 1 2.000000000
13 395 7 10843 1 2.000000000
13 396 7 10844 1 2.000000000
13 397 7 10845 1 2.000000000
13 398 7 10846 1 2.000000000
13 399 7 10847 1 2.000000000
14 0 7 10848 1 2.000000000
14 1 7 10849 1 2.000000000
14 2 7 10850 1 2.000000000
14 3 7 10851 1 2.000000000
14 4 7 10852 1 2.000000000
14 5 7 10853 1 2.000000000
14 6 7 10854 1 2.000000000
14 7 7 10855 1 2.000000000
14 128 7 10856 1 2.000000000
14 129 7 10857 1 2.000000000
14 130 7 10858 1 2.000000000
14 131 7 10859 1 2.000000000
14 132 7 10860 1 2.000000000
14 133 7 10861 1 2.000000000
14 134 7 10862 1 2.000000000
14 135 7 10863 1 2.000000000
14 136 7 10864 1 2.000000000
14 137 7 10865 1 2.000000000
14 138 7 10866 1 2.000000000
14 139 7 10867 1 2.000000000
14 140 7 10868 1 2.000000000
14 141 7 10869 1 2.000000000
14 142 7 10870 1 2.000000000
14 143 7 10871 1 2.000000000
14 256 7 10872 1 2.000000000
14 257 7 10873 1 2.000000000
14 258 7 10874 1 2.000000000
14 259 7 10875 1 2.000000000
14 260 7 10876 1 2.000000000
14 261 7 10877 1 2.000000000
14 262 7 10878 1 2.000000000
14 263 7 10879 1 2.000000000
14 264 7 10880 1 2.000000000
14 265 7 10881 1 2.000000000
14 266 7 10882 1 2.000000000
14 267 7 10883 1 2.000000000
14 268 7 10884 1 2.000000000
14 269 7 10885 1 2.000000000
14 270 7 10886 1 2.000000000
14 271 7 10887 1 2.000000000
14 384 7 10888 1 2.000000000
14 385 7 10889 1 2.000000000
14 386 7 10890 1 2.000000000
14 387 7 10891 1 2.000000000
14 388 7 10892 1 2.000000000
14 389 7 10893 1 2.000000000
14 390 7 10894 1 2.000000000
14 391 7 10895 1 2.000000000
14 392 7 10896 1 2.000000000
14 393 7 10897 1 2.000000000
14 394 7 10898 1 2.000000000
14 395 7 10899 1 2.000000000
14 396 7 10900 1 2.000000000
14 397 7 10901 1 2.000000000
14 398 7 10902 1 2.000000000
14 399 7 10903 1 2.000000000
15 0 7 10904 1 2.000000000
15 1 7 10905 1 2.000000000
15 2 7 10906 1 2.000000000
15 3 7 10907 1 2.000000000
15 4 7 10908 1 2.000000000
15 5 7 10909 1 2.000000000
15 6 7 10910 1 2.000000000
15 7 7 10911 1 2.000000000
15 128 7 10912 1 2.000000000
15 129 7 10913 1 2.000000000
15 130 7 10914 1 2.000000000
15 131 7 10915 1 2.000000000
15 132 7 10916 1 2.000000000
15 133 7 10917 1 2.000000000
15 134 7 10918 1 2.000000000
15 135 7 10919 1 2.000000000
15 136 7 10920 1 2.000000000
15 137 7 10921 1 2.000000000
15 138 7 10922 1 2.000000000
15 139 7 10923 1 2.000000000
15 140 7 10924 1 2.000000000
15 141 7 10925 1 2.000000000
15 142 7 10926 1 2.000000000
15 143 7 10927 1 2.000000000
15 256 7 10928 1 2.000000000
15 257 7 10929 1 2.000000000
15 258 7 10930 1 2.000000000
15 259 7 10931 1 2.000000000
15 260 7 10932 1 2.000000000
15 261 7 10933 1 2.000000000
15 262 7 10934 1 2.000000000
15 263 7 10935 1 2.000000000
15 264 7 10936 1 2.000000000
15 265 7 10937 1 2.000000000
15 266 7 10938 1 2.000000000
15 267 7 10939 1 2.000000000
15 268 7 10940 1 2.000000000
15 269 7 10941 1 2.000000000
15 270 7 10942 1 2.000000000
15 271 7 10943 1 2.000000000
15 384 7 10944 1 2.000000000
15 385 7 10945 1 2.000000000
15 386 7 10946 1 2.000000000
15 387 7 10947 1 2.000000000
15 388 7 10948 1 2.000000000
15 389 7 10949 1 2.000000000
15 390 7 10950 1 2.000000000
15 391 7 10951 1 2.000000000
15 392 7 10952 1 2.000000000
15 393 7 10953 1 2.000000000
15 394 7 10954 1 2.000000000
15 395 7 10955 1 2.000000000
15 396 7 10956 1 2.000000000
15 397 7 10957 1 2.000000000
15 398 7 10958 1 2.000000000
15 399 7 10959 1 2.000000000
