2176
0 4096 7 10000 512 2.000000000
1 4097 7 10001 512 2.000000000
2 4098 7 10002 512 2.000000000
3 4099 7 10003 512 2.000000000
4 4100 7 10004 512 2.000000000
5 4101 7 10005 512 2.000000000
6 4102 7 10006 512 2.000000000
7 4103 7 10007 512 2.000000000
8 4104 7 10008 512 2.000000000
9 4105 7 10009 512 2.000000000
10 4106 7 10010 512 2.000000000
11 4107 7 10011 512 2.000000000
12 4108 7 10012 512 2.000000000
13 4109 7 10013 512 2.000000000
14 4110 7 10014 512 2.000000000
15 4111 7 10015 512 2.000000000
16 4112 7 10016 512 2.000000000
17 4113 7 10017 512 2.000000000
18 4114 7 10018 512 2.000000000
19 4115 7 10019 512 2.000000000
20 4116 7 10020 512 2.000000000
21 4117 7 10021 512 2.000000000
22 4118 7 10022 512 2.000000000
23 4119 7 10023 512 2.000000000
24 4120 7 10024 512 2.000000000
25 4121 7 10025 512 2.000000000
26 4122 7 10026 512 2.000000000
27 4123 7 10027 512 2.000000000
28 4124 7 10028 512 2.000000000
29 4125 7 10029 512 2.000000000
30 4126 7 10030 512 2.000000000
31 4127 7 10031 512 2.000000000
0 32768 7 10032 512 2.000000000
8 32776 7 10033 512 2.000000000
16 32784 7 10034 512 2.000000000
24 32792 7 10035 512 2.000000000
0 16384 7 10036 512 2.000000000
8 16392 7 10037 512 2.000000000
16 16400 7 10038 512 2.000000000
24 16408 7 10039 512 2.000000000
0 8192 7 10040 512 2.000000000
8 8200 7 10041 512 2.000000000
16 8208 7 10042 512 2.000000000
24 8216 7 10043 512 2.000000000
0 512 7 10044 512 2.000000000
8 520 7 10045 512 2.000000000
16 528 7 10046 512 2.000000000
24 536 7 10047 512 2.000000000
0 256 7 10048 512 2.000000000
8 264 7 10049 512 2.000000000
16 272 7 10050 512 2.000000000
24 280 7 10051 512 2.000000000
0 128 7 10052 512 2.000000000
8 136 7 10053 512 2.000000000
16 144 7 10054 512 2.000000000
24 152 7 10055 512 2.000000000
0 64 7 10056 512 2.000000000
8 72 7 10057 512 2.000000000
16 80 7 10058 512 2.000000000
24 88 7 10059 512 2.000000000
0 32 7 10060 512 2.000000000
8 40 7 10061 512 2.000000000
16 48 7 10062 512 2.000000000
24 56 7 10063 512 2.000000000
0 16 7 10064 512 2.000000000
16 0 7 10065 512 2.000000000
8 24 7 10066 512 2.000000000
24 8 7 10067 512 2.000000000
0 8 7 10068 512 2.000000000
8 0 7 10069 512 2.000000000
16 24 7 10070 512 2.000000000
24 16 7 10071 512 2.000000000
1 32769 7 10072 512 2.000000000
9 32777 7 10073 512 2.000000000
17 32785 7 10074 512 2.000000000
25 32793 7 10075 512 2.000000000
1 16385 7 10076 512 2.000000000
9 16393 7 10077 512 2.000000000
17 16401 7 10078 512 2.000000000
25 16409 7 10079 512 2.000000000
1 8193 7 10080 512 2.000000000
9 8201 7 10081 512 2.000000000
17 8209 7 10082 512 2.000000000
25 8217 7 10083 512 2.000000000
1 513 7 10084 512 2.000000000
9 521 7 10085 512 2.000000000
17 529 7 10086 512 2.000000000
25 537 7 10087 512 2.000000000
1 257 7 10088 512 2.000000000
9 265 7 10089 512 2.000000000
17 273 7 10090 512 2.000000000
25 281 7 10091 512 2.000000000
1 129 7 10092 512 2.000000000
9 137 7 10093 512 2.000000000
17 145 7 10094 512 2.000000000
25 153 7 10095 512 2.000000000
1 65 7 10096 512 2.000000000
9 73 7 10097 512 2.000000000
17 81 7 10098 512 2.000000000
25 89 7 10099 512 2.000000000
1 33 7 10100 512 2.000000000
9 41 7 10101 512 2.000000000
17 49 7 10102 512 2.000000000
25 57 7 10103 512 2.000000000
1 17 7 10104 512 2.000000000
17 1 7 10105 512 2.000000000
9 25 7 10106 512 2.000000000
25 9 7 10107 512 2.000000000
1 9 7 10108 512 2.000000000
9 1 7 10109 512 2.000000000
17 25 7 10110 512 2.000000000
25 17 7 10111 512 2.000000000
2 32770 7 10112 512 2.000000000
10 32778 7 10113 512 2.000000000
18 32786 7 10114 512 2.000000000
26 32794 7 10115 512 2.000000000
2 16386 7 10116 512 2.000000000
10 16394 7 10117 512 2.000000000
18 16402 7 10118 512 2.000000000
26 16410 7 10119 512 2.000000000
2 8194 7 10120 512 2.000000000
10 8202 7 10121 512 2.000000000
18 8210 7 10122 512 2.000000000
26 8218 7 10123 512 2.000000000
2 514 7 10124 512 2.000000000
10 522 7 10125 512 2.000000000
18 530 7 10126 512 2.000000000
26 538 7 10127 512 2.000000000
2 258 7 10128 512 2.000000000
10 266 7 10129 512 2.000000000
18 274 7 10130 512 2.000000000
26 282 7 10131 512 2.000000000
2 130 7 10132 512 2.000000000
10 138 7 10133 512 2.000000000
18 146 7 10134 512 2.000000000
26 154 7 10135 512 2.000000000
2 66 7 10136 512 2.000000000
10 74 7 10137 512 2.000000000
18 82 7 10138 512 2.000000000
26 90 7 10139 512 2.000000000
2 34 7 10140 512 2.000000000
10 42 7 10141 512 2.000000000
18 50 7 10142 512 2.000000000
26 58 7 10143 512 2.000000000
2 18 7 10144 512 2.000000000
18 2 7 10145 512 2.000000000
10 26 7 10146 512 2.000000000
26 10 7 10147 512 2.000000000
2 10 7 10148 512 2.000000000
10 2 7 10149 512 2.000000000
18 26 7 10150 512 2.000000000
26 18 7 10151 512 2.000000000
3 32771 7 10152 512 2.000000000
11 32779 7 10153 512 2.000000000
19 32787 7 10154 512 2.000000000
27 32795 7 10155 512 2.000000000
3 16387 7 10156 512 2.000000000
11 16395 7 10157 512 2.000000000
19 16403 7 10158 512 2.000000000
27 16411 7 10159 512 2.000000000
3 8195 7 10160 512 2.000000000
11 8203 7 10161 512 2.000000000
19 8211 7 10162 512 2.000000000
27 8219 7 10163 512 2.000000000
3 515 7 10164 512 2.000000000
11 523 7 10165 512 2.000000000
19 531 7 10166 512 2.000000000
27 539 7 10167 512 2.000000000
3 259 7 10168 512 2.000000000
11 267 7 10169 512 2.000000000
19 275 7 10170 512 2.000000000
27 283 7 10171 512 2.000000000
3 131 7 10172 512 2.000000000
11 139 7 10173 512 2.000000000
19 147 7 10174 512 2.000000000
27 155 7 10175 512 2.000000000
3 67 7 10176 512 2.000000000
11 75 7 10177 512 2.000000000
19 83 7 10178 512 2.000000000
27 91 7 10179 512 2.000000000
3 35 7 10180 512 2.000000000
11 43 7 10181 512 2.000000000
19 51 7 10182 512 2.000000000
27 59 7 10183 512 2.000000000
3 19 7 10184 512 2.000000000
19 3 7 10185 512 2.000000000
11 27 7 10186 512 2.000000000
27 11 7 10187 512 2.000000000
3 11 7 10188 512 2.000000000
11 3 7 10189 512 2.000000000
19 27 7 10190 512 2.000000000
27 19 7 10191 512 2.000000000
4 32772 7 10192 512 2.000000000
12 32780 7 10193 512 2.000000000
20 32788 7 10194 512 2.000000000
28 32796 7 10195 512 2.000000000
4 16388 7 10196 512 2.000000000
12 16396 7 10197 512 2.000000000
20 16404 7 10198 512 2.000000000
28 16412 7 10199 512 2.000000000
4 8196 7 10200 512 2.000000000
12 8204 7 10201 512 2.000000000
20 8212 7 10202 512 2.000000000
28 8220 7 10203 512 2.000000000
4 516 7 10204 512 2.000000000
12 524 7 10205 512 2.000000000
20 532 7 10206 512 2.000000000
28 540 7 10207 512 2.000000000
4 260 7 10208 512 2.000000000
12 268 7 10209 512 2.000000000
20 276 7 10210 512 2.000000000
28 284 7 10211 512 2.000000000
4 132 7 10212 512 2.000000000
12 140 7 10213 512 2.000000000
20 148 7 10214 512 2.000000000
28 156 7 10215 512 2.000000000
4 68 7 10216 512 2.000000000
12 76 7 10217 512 2.000000000
20 84 7 10218 512 2.000000000
28 92 7 10219 512 2.000000000
4 36 7 10220 512 2.000000000
12 44 7 10221 512 2.000000000
20 52 7 10222 512 2.000000000
28 60 7 10223 512 2.000000000
4 20 7 10224 512 2.000000000
20 4 7 10225 512 2.000000000
12 28 7 10226 512 2.000000000
28 12 7 10227 512 2.000000000
4 12 7 10228 512 2.000000000
12 4 7 10229 512 2.000000000
20 28 7 10230 512 2.000000000
28 20 7 10231 512 2.000000000
5 32773 7 10232 512 2.000000000
13 32781 7 10233 512 2.000000000
21 32789 7 10234 512 2.000000000
29 32797 7 10235 512 2.000000000
5 16389 7 10236 512 2.000000000
13 16397 7 10237 512 2.000000000
21 16405 7 10238 512 2.000000000
29 16413 7 10239 512 2.000000000
5 8197 7 10240 512 2.000000000
13 8205 7 10241 512 2.000000000
21 8213 7 10242 512 2.000000000
29 8221 7 10243 512 2.000000000
5 517 7 10244 512 2.000000000
13 525 7 10245 512 2.000000000
21 533 7 10246 512 2.000000000
29 541 7 10247 512 2.000000000
5 261 7 10248 512 2.000000000
13 269 7 10249 512 2.000000000
21 277 7 10250 512 2.000000000
29 285 7 10251 512 2.000000000
5 133 7 10252 512 2.000000000
13 141 7 10253 512 2.000000000
21 149 7 10254 512 2.000000000
29 157 7 10255 512 2.000000000
5 69 7 10256 512 2.000000000
13 77 7 10257 512 2.000000000
21 85 7 10258 512 2.000000000
29 93 7 10259 512 2.000000000
5 37 7 10260 512 2.000000000
13 45 7 10261 512 2.000000000
21 53 7 10262 512 2.000000000
29 61 7 10263 512 2.000000000
5 21 7 10264 512 2.000000000
21 5 7 10265 512 2.000000000
13 29 7 10266 512 2.000000000
29 13 7 10267 512 2.000000000
5 13 7 10268 512 2.000000000
13 5 7 10269 512 2.000000000
21 29 7 10270 512 2.000000000
29 21 7 10271 512 2.000000000
6 32774 7 10272 512 2.000000000
14 32782 7 10273 512 2.000000000
22 32790 7 10274 512 2.000000000
30 32798 7 10275 512 2.000000000
6 16390 7 10276 512 2.000000000
14 16398 7 10277 512 2.000000000
22 16406 7 10278 512 2.000000000
30 16414 7 10279 512 2.000000000
6 8198 7 10280 512 2.000000000
14 8206 7 10281 512 2.000000000
22 8214 7 10282 512 2.000000000
30 8222 7 10283 512 2.000000000
6 518 7 10284 512 2.000000000
14 526 7 10285 512 2.000000000
22 534 7 10286 512 2.000000000
30 542 7 10287 512 2.000000000
6 262 7 10288 512 2.000000000
14 270 7 10289 512 2.000000000
22 278 7 10290 512 2.000000000
30 286 7 10291 512 2.000000000
6 134 7 10292 512 2.000000000
14 142 7 10293 512 2.000000000
22 150 7 10294 512 2.000000000
30 158 7 10295 512 2.000000000
6 70 7 10296 512 2.000000000
14 78 7 10297 512 2.000000000
22 86 7 10298 512 2.000000000
30 94 7 10299 512 2.000000000
6 38 7 10300 512 2.000000000
14 46 7 10301 512 2.000000000
22 54 7 10302 512 2.000000000
30 62 7 10303 512 2.000000000
6 22 7 10304 512 2.000000000
22 6 7 10305 512 2.000000000
14 30 7 10306 512 2.000000000
30 14 7 10307 512 2.000000000
6 14 7 10308 512 2.000000000
14 6 7 10309 512 2.000000000
22 30 7 10310 512 2.000000000
30 22 7 10311 512 2.000000000
7 32775 7 10312 512 2.000000000
15 32783 7 10313 512 2.000000000
23 32791 7 10314 512 2.000000000
31 32799 7 10315 512 2.000000000
7 16391 7 10316 512 2.000000000
15 16399 7 10317 512 2.000000000
23 16407 7 10318 512 2.000000000
31 16415 7 10319 512 2.000000000
7 8199 7 10320 512 2.000000000
15 8207 7 10321 512 2.000000000
23 8215 7 10322 512 2.000000000
31 8223 7 10323 512 2.000000000
7 519 7 10324 512 2.000000000
15 527 7 10325 512 2.000000000
23 535 7 10326 512 2.000000000
31 543 7 10327 512 2.000000000
7 263 7 10328 512 2.000000000
15 271 7 10329 512 2.000000000
23 279 7 10330 512 2.000000000
31 287 7 10331 512 2.000000000
7 135 7 10332 512 2.000000000
15 143 7 10333 512 2.000000000
23 151 7 10334 512 2.000000000
31 159 7 10335 512 2.000000000
7 71 7 10336 512 2.000000000
15 79 7 10337 512 2.000000000
23 87 7 10338 512 2.000000000
31 95 7 10339 512 2.000000000
7 39 7 10340 512 2.000000000
15 47 7 10341 512 2.000000000
23 55 7 10342 512 2.000000000
31 63 7 10343 512 2.000000000
7 23 7 10344 512 2.000000000
23 7 7 10345 512 2.000000000
15 31 7 10346 512 2.000000000
31 15 7 10347 512 2.000000000
7 15 7 10348 512 2.000000000
15 7 7 10349 512 2.000000000
23 31 7 10350 512 2.000000000
31 23 7 10351 512 2.000000000
0 8 7 10352 512 2.000000000
0 9 7 10353 512 2.000000000
0 10 7 10354 512 2.000000000
0 11 7 10355 512 2.000000000
0 12 7 10356 512 2.000000000
0 13 7 10357 512 2.000000000
0 14 7 10358 512 2.000000000
0 15 7 10359 512 2.000000000
0 16 7 10360 512 2.000000000
0 17 7 10361 512 2.000000000
0 18 7 10362 512 2.000000000
0 19 7 10363 512 2.000000000
0 20 7 10364 512 2.000000000
0 21 7 10365 512 2.000000000
0 22 7 10366 512 2.000000000
0 23 7 10367 512 2.000000000
0 24 7 10368 512 2.000000000
0 25 7 10369 512 2.000000000
0 26 7 10370 512 2.000000000
0 27 7 10371 512 2.000000000
0 28 7 10372 512 2.000000000
0 29 7 10373 512 2.000000000
0 30 7 10374 512 2.000000000
0 31 7 10375 512 2.000000000
0 32 7 10376 512 2.000000000
0 33 7 10377 512 2.000000000
0 34 7 10378 512 2.000000000
0 35 7 10379 512 2.000000000
0 36 7 10380 512 2.000000000
0 37 7 10381 512 2.000000000
0 38 7 10382 512 2.000000000
0 39 7 10383 512 2.000000000
0 40 7 10384 512 2.000000000
0 41 7 10385 512 2.000000000
0 42 7 10386 512 2.000000000
0 43 7 10387 512 2.000000000
0 44 7 10388 512 2.000000000
0 45 7 10389 512 2.000000000
0 46 7 10390 512 2.000000000
0 47 7 10391 512 2.000000000
0 48 7 10392 512 2.000000000
0 49 7 10393 512 2.000000000
0 50 7 10394 512 2.000000000
0 51 7 10395 512 2.000000000
0 52 7 10396 512 2.000000000
0 53 7 10397 512 2.000000000
0 54 7 10398 512 2.000000000
0 55 7 10399 512 2.000000000
0 56 7 10400 512 2.000000000
0 57 7 10401 512 2.000000000
0 58 7 10402 512 2.000000000
0 59 7 10403 512 2.000000000
0 60 7 10404 512 2.000000000
0 61 7 10405 512 2.000000000
0 62 7 10406 512 2.000000000
0 63 7 10407 512 2.000000000
1 8 7 10408 512 2.000000000
1 9 7 10409 512 2.000000000
1 10 7 10410 512 2.000000000
1 11 7 10411 512 2.000000000
1 12 7 10412 512 2.000000000
1 13 7 10413 512 2.000000000
1 14 7 10414 512 2.000000000
1 15 7 10415 512 2.000000000
1 16 7 10416 512 2.000000000
1 17 7 10417 512 2.000000000
1 18 7 10418 512 2.000000000
1 19 7 10419 512 2.000000000
1 20 7 10420 512 2.000000000
1 21 7 10421 512 2.000000000
1 22 7 10422 512 2.000000000
1 23 7 10423 512 2.000000000
1 24 7 10424 512 2.000000000
1 25 7 10425 512 2.000000000
1 26 7 10426 512 2.000000000
1 27 7 10427 512 2.000000000
1 28 7 10428 512 2.000000000
1 29 7 10429 512 2.000000000
1 30 7 10430 512 2.000000000
1 31 7 10431 512 2.000000000
1 32 7 10432 512 2.000000000
1 33 7 10433 512 2.000000000
1 34 7 10434 512 2.000000000
1 35 7 10435 512 2.000000000
1 36 7 10436 512 2.000000000
1 37 7 10437 512 2.000000000
1 38 7 10438 512 2.000000000
1 39 7 10439 512 2.000000000
1 40 7 10440 512 2.000000000
1 41 7 10441 512 2.000000000
1 42 7 10442 512 2.000000000
1 43 7 10443 512 2.000000000
1 44 7 10444 512 2.000000000
1 45 7 10445 512 2.000000000
1 46 7 10446 512 2.000000000
1 47 7 10447 512 2.000000000
1 48 7 10448 512 2.000000000
1 49 7 10449 512 2.000000000
1 50 7 10450 512 2.000000000
1 51 7 10451 512 2.000000000
1 52 7 10452 512 2.000000000
1 53 7 10453 512 2.000000000
1 54 7 10454 512 2.000000000
1 55 7 10455 512 2.000000000
1 56 7 10456 512 2.000000000
1 57 7 10457 512 2.000000000
1 58 7 10458 512 2.000000000
1 59 7 10459 512 2.000000000
1 60 7 10460 512 2.000000000
1 61 7 10461 512 2.000000000
1 62 7 10462 512 2.000000000
1 63 7 10463 512 2.000000000
2 8 7 10464 512 2.000000000
2 9 7 10465 512 2.000000000
2 10 7 10466 512 2.000000000
2 11 7 10467 512 2.000000000
2 12 7 10468 512 2.000000000
2 13 7 10469 512 2.000000000
2 14 7 10470 512 2.000000000
2 15 7 10471 512 2.000000000
2 16 7 10472 512 2.000000000
2 17 7 10473 512 2.000000000
2 18 7 10474 512 2.000000000
2 19 7 10475 512 2.000000000
2 20 7 10476 512 2.000000000
2 21 7 10477 512 2.000000000
2 22 7 10478 512 2.000000000
2 23 7 10479 512 2.000000000
2 24 7 10480 512 2.000000000
2 25 7 10481 512 2.000000000
2 26 7 10482 512 2.000000000
2 27 7 10483 512 2.000000000
2 28 7 10484 512 2.000000000
2 29 7 10485 512 2.000000000
2 30 7 10486 512 2.000000000
2 31 7 10487 512 2.000000000
2 32 7 10488 512 2.000000000
2 33 7 10489 512 2.000000000
2 34 7 10490 512 2.000000000
2 35 7 10491 512 2.000000000
2 36 7 10492 512 2.000000000
2 37 7 10493 512 2.000000000
2 38 7 10494 512 2.000000000
2 39 7 10495 512 2.000000000
2 40 7 10496 512 2.000000000
2 41 7 10497 512 2.000000000
2 42 7 10498 512 2.000000000
2 43 7 10499 512 2.000000000
2 44 7 10500 512 2.000000000
2 45 7 10501 512 2.000000000
2 46 7 10502 512 2.000000000
2 47 7 10503 512 2.000000000
2 48 7 10504 512 2.000000000
2 49 7 10505 512 2.000000000
2 50 7 10506 512 2.000000000
2 51 7 10507 512 2.000000000
2 52 7 10508 512 2.000000000
2 53 7 10509 512 2.000000000
2 54 7 10510 512 2.000000000
2 55 7 10511 512 2.000000000
2 56 7 10512 512 2.000000000
2 57 7 10513 512 2.000000000
2 58 7 10514 512 2.000000000
2 59 7 10515 512 2.000000000
2 60 7 10516 512 2.000000000
2 61 7 10517 512 2.000000000
2 62 7 10518 512 2.000000000
2 63 7 10519 512 2.000000000
3 8 7 10520 512 2.000000000
3 9 7 10521 512 2.000000000
3 10 7 10522 512 2.000000000
3 11 7 10523 512 2.000000000
3 12 7 10524 512 2.000000000
3 13 7 10525 512 2.000000000
3 14 7 10526 512 2.000000000
3 15 7 10527 512 2.000000000
3 16 7 10528 512 2.000000000
3 17 7 10529 512 2.000000000
3 18 7 10530 512 2.000000000
3 19 7 10531 512 2.000000000
3 20 7 10532 512 2.000000000
3 21 7 10533 512 2.000000000
3 22 7 10534 512 2.000000000
3 23 7 10535 512 2.000000000
3 24 7 10536 512 2.000000000
3 25 7 10537 512 2.000000000
3 26 7 10538 512 2.000000000
3 27 7 10539 512 2.000000000
3 28 7 10540 512 2.000000000
3 29 7 10541 512 2.000000000
3 30 7 10542 512 2.000000000
3 31 7 10543 512 2.000000000
3 32 7 10544 512 2.000000000
3 33 7 10545 512 2.000000000
3 34 7 10546 512 2.000000000
3 35 7 10547 512 2.000000000
3 36 7 10548 512 2.000000000
3 37 7 10549 512 2.000000000
3 38 7 10550 512 2.000000000
3 39 7 10551 512 2.000000000
3 40 7 10552 512 2.000000000
3 41 7 10553 512 2.000000000
3 42 7 10554 512 2.000000000
3 43 7 10555 512 2.000000000
3 44 7 10556 512 2.000000000
3 45 7 10557 512 2.000000000
3 46 7 10558 512 2.000000000
3 47 7 10559 512 2.000000000
3 48 7 10560 512 2.000000000
3 49 7 10561 512 2.000000000
3 50 7 10562 512 2.000000000
3 51 7 10563 512 2.000000000
3 52 7 10564 512 2.000000000
3 53 7 10565 512 2.000000000
3 54 7 10566 512 2.000000000
3 55 7 10567 512 2.000000000
3 56 7 10568 512 2.000000000
3 57 7 10569 512 2.000000000
3 58 7 10570 512 2.000000000
3 59 7 10571 512 2.000000000
3 60 7 10572 512 2.000000000
3 61 7 10573 512 2.000000000
3 62 7 10574 512 2.000000000
3 63 7 10575 512 2.000000000
4 8 7 10576 512 2.000000000
4 9 7 10577 512 2.000000000
4 10 7 10578 512 2.000000000
4 11 7 10579 512 2.000000000
4 12 7 10580 512 2.000000000
4 13 7 10581 512 2.000000000
4 14 7 10582 512 2.000000000
4 15 7 10583 512 2.000000000
4 16 7 10584 512 2.000000000
4 17 7 10585 512 2.000000000
4 18 7 10586 512 2.000000000
4 19 7 10587 512 2.000000000
4 20 7 10588 512 2.000000000
4 21 7 10589 512 2.000000000
4 22 7 10590 512 2.000000000
4 23 7 10591 512 2.000000000
4 24 7 10592 512 2.000000000
4 25 7 10593 512 2.000000000
4 26 7 10594 512 2.000000000
4 27 7 10595 512 2.000000000
4 28 7 10596 512 2.000000000
4 29 7 10597 512 2.000000000
4 30 7 10598 512 2.000000000
4 31 7 10599 512 2.000000000
4 32 7 10600 512 2.000000000
4 33 7 10601 512 2.000000000
4 34 7 10602 512 2.000000000
4 35 7 10603 512 2.000000000
4 36 7 10604 512 2.000000000
4 37 7 10605 512 2.000000000
4 38 7 10606 512 2.000000000
4 39 7 10607 512 2.000000000
4 40 7 10608 512 2.000000000
4 41 7 10609 512 2.000000000
4 42 7 10610 512 2.000000000
4 43 7 10611 512 2.000000000
4 44 7 10612 512 2.000000000
4 45 7 10613 512 2.000000000
4 46 7 10614 512 2.000000000
4 47 7 10615 512 2.000000000
4 48 7 10616 512 2.000000000
4 49 7 10617 512 2.000000000
4 50 7 10618 512 2.000000000
4 51 7 10619 512 2.000000000
4 52 7 10620 512 2.000000000
4 53 7 10621 512 2.000000000
4 54 7 10622 512 2.000000000
4 55 7 10623 512 2.000000000
4 56 7 10624 512 2.000000000
4 57 7 10625 512 2.000000000
4 58 7 10626 512 2.000000000
4 59 7 10627 512 2.000000000
4 60 7 10628 512 2.000000000
4 61 7 10629 512 2.000000000
4 62 7 10630 512 2.000000000
4 63 7 10631 512 2.000000000
5 8 7 10632 512 2.000000000
5 9 7 10633 512 2.000000000
5 10 7 10634 512 2.000000000
5 11 7 10635 512 2.000000000
5 12 7 10636 512 2.000000000
5 13 7 10637 512 2.000000000
5 14 7 10638 512 2.000000000
5 15 7 10639 512 2.000000000
5 16 7 10640 512 2.000000000
5 17 7 10641 512 2.000000000
5 18 7 10642 512 2.000000000
5 19 7 10643 512 2.000000000
5 20 7 10644 512 2.000000000
5 21 7 10645 512 2.000000000
5 22 7 10646 512 2.000000000
5 23 7 10647 512 2.000000000
5 24 7 10648 512 2.000000000
5 25 7 10649 512 2.000000000
5 26 7 10650 512 2.000000000
5 27 7 10651 512 2.000000000
5 28 7 10652 512 2.000000000
5 29 7 10653 512 2.000000000
5 30 7 10654 512 2.000000000
5 31 7 10655 512 2.000000000
5 32 7 10656 512 2.000000000
5 33 7 10657 512 2.000000000
5 34 7 10658 512 2.000000000
5 35 7 10659 512 2.000000000
5 36 7 10660 512 2.000000000
5 37 7 10661 512 2.000000000
5 38 7 10662 512 2.000000000
5 39 7 10663 512 2.000000000
5 40 7 10664 512 2.000000000
5 41 7 10665 512 2.000000000
5 42 7 10666 512 2.000000000
5 43 7 10667 512 2.000000000
5 44 7 10668 512 2.000000000
5 45 7 10669 512 2.000000000
5 46 7 10670 512 2.000000000
5 47 7 10671 512 2.000000000
5 48 7 10672 512 2.000000000
5 49 7 10673 512 2.000000000
5 50 7 10674 512 2.000000000
5 51 7 10675 512 2.000000000
5 52 7 10676 512 2.000000000
5 53 7 10677 512 2.000000000
5 54 7 10678 512 2.000000000
5 55 7 10679 512 2.000000000
5 56 7 10680 512 2.000000000
5 57 7 10681 512 2.000000000
5 58 7 10682 512 2.000000000
5 59 7 10683 512 2.000000000
5 60 7 10684 512 2.000000000
5 61 7 10685 512 2.000000000
5 62 7 10686 512 2.000000000
5 63 7 10687 512 2.000000000
6 8 7 10688 512 2.000000000
6 9 7 10689 512 2.000000000
6 10 7 10690 512 2.000000000
6 11 7 10691 512 2.000000000
6 12 7 10692 512 2.000000000
6 13 7 10693 512 2.000000000
6 14 7 10694 512 2.000000000
6 15 7 10695 512 2.000000000
6 16 7 10696 512 2.000000000
6 17 7 10697 512 2.000000000
6 18 7 10698 512 2.000000000
6 19 7 10699 512 2.000000000
6 20 7 10700 512 2.000000000
6 21 7 10701 512 2.000000000
6 22 7 10702 512 2.000000000
6 23 7 10703 512 2.000000000
6 24 7 10704 512 2.000000000
6 25 7 10705 512 2.000000000
6 26 7 10706 512 2.000000000
6 27 7 10707 512 2.000000000
6 28 7 10708 512 2.000000000
6 29 7 10709 512 2.000000000
6 30 7 10710 512 2.000000000
6 31 7 10711 512 2.000000000
6 32 7 10712 512 2.000000000
6 33 7 10713 512 2.000000000
6 34 7 10714 512 2.000000000
6 35 7 10715 512 2.000000000
6 36 7 10716 512 2.000000000
6 37 7 10717 512 2.000000000
6 38 7 10718 512 2.000000000
6 39 7 10719 512 2.000000000
6 40 7 10720 512 2.000000000
6 41 7 10721 512 2.000000000
6 42 7 10722 512 2.000000000
6 43 7 10723 512 2.000000000
6 44 7 10724 512 2.000000000
6 45 7 10725 512 2.000000000
6 46 7 10726 512 2.000000000
6 47 7 10727 512 2.000000000
6 48 7 10728 512 2.000000000
6 49 7 10729 512 2.000000000
6 50 7 10730 512 2.000000000
6 51 7 10731 512 2.000000000
6 52 7 10732 512 2.000000000
6 53 7 10733 512 2.000000000
6 54 7 10734 512 2.000000000
6 55 7 10735 512 2.000000000
6 56 7 10736 512 2.000000000
6 57 7 10737 512 2.000000000
6 58 7 10738 512 2.000000000
6 59 7 10739 512 2.000000000
6 60 7 10740 512 2.000000000
6 61 7 10741 512 2.000000000
6 62 7 10742 512 2.000000000
6 63 7 10743 512 2.000000000
7 8 7 10744 512 2.000000000
7 9 7 10745 512 2.000000000
7 10 7 10746 512 2.000000000
7 11 7 10747 512 2.000000000
7 12 7 10748 512 2.000000000
7 13 7 10749 512 2.000000000
7 14 7 10750 512 2.000000000
7 15 7 10751 512 2.000000000
7 16 7 10752 512 2.000000000
7 17 7 10753 512 2.000000000
7 18 7 10754 512 2.000000000
7 19 7 10755 512 2.000000000
7 20 7 10756 512 2.000000000
7 21 7 10757 512 2.000000000
7 22 7 10758 512 2.000000000
7 23 7 10759 512 2.000000000
7 24 7 10760 512 2.000000000
7 25 7 10761 512 2.000000000
7 26 7 10762 512 2.000000000
7 27 7 10763 512 2.000000000
7 28 7 10764 512 2.000000000
7 29 7 10765 512 2.000000000
7 30 7 10766 512 2.000000000
7 31 7 10767 512 2.000000000
7 32 7 10768 512 2.000000000
7 33 7 10769 512 2.000000000
7 34 7 10770 512 2.000000000
7 35 7 10771 512 2.000000000
7 36 7 10772 512 2.000000000
7 37 7 10773 512 2.000000000
7 38 7 10774 512 2.000000000
7 39 7 10775 512 2.000000000
7 40 7 10776 512 2.000000000
7 41 7 10777 512 2.000000000
7 42 7 10778 512 2.000000000
7 43 7 10779 512 2.000000000
7 44 7 10780 512 2.000000000
7 45 7 10781 512 2.000000000
7 46 7 10782 512 2.000000000
7 47 7 10783 512 2.000000000
7 48 7 10784 512 2.000000000
7 49 7 10785 512 2.000000000
7 50 7 10786 512 2.000000000
7 51 7 10787 512 2.000000000
7 52 7 10788 512 2.000000000
7 53 7 10789 512 2.000000000
7 54 7 10790 512 2.000000000
7 55 7 10791 512 2.000000000
7 56 7 10792 512 2.000000000
7 57 7 10793 512 2.000000000
7 58 7 10794 512 2.000000000
7 59 7 10795 512 2.000000000
7 60 7 10796 512 2.000000000
7 61 7 10797 512 2.000000000
7 62 7 10798 512 2.000000000
7 63 7 10799 512 2.000000000
8 0 7 10800 512 2.000000000
8 1 7 10801 512 2.000000000
8 2 7 10802 512 2.000000000
8 3 7 10803 512 2.000000000
8 4 7 10804 512 2.000000000
8 5 7 10805 512 2.000000000
8 6 7 10806 512 2.000000000
8 7 7 10807 512 2.000000000
8 16 7 10808 512 2.000000000
8 17 7 10809 512 2.000000000
8 18 7 10810 512 2.000000000
8 19 7 10811 512 2.000000000
8 20 7 10812 512 2.000000000
8 21 7 10813 512 2.000000000
8 22 7 10814 512 2.000000000
8 23 7 10815 512 2.000000000
8 24 7 10816 512 2.000000000
8 25 7 10817 512 2.000000000
8 26 7 10818 512 2.000000000
8 27 7 10819 512 2.000000000
8 28 7 10820 512 2.000000000
8 29 7 10821 512 2.000000000
8 30 7 10822 512 2.000000000
8 31 7 10823 512 2.000000000
8 32 7 10824 512 2.000000000
8 33 7 10825 512 2.000000000
8 34 7 10826 512 2.000000000
8 35 7 10827 512 2.000000000
8 36 7 10828 512 2.000000000
8 37 7 10829 512 2.000000000
8 38 7 10830 512 2.000000000
8 39 7 10831 512 2.000000000
8 40 7 10832 512 2.000000000
8 41 7 10833 512 2.000000000
8 42 7 10834 512 2.000000000
8 43 7 10835 512 2.000000000
8 44 7 10836 512 2.000000000
8 45 7 10837 512 2.000000000
8 46 7 10838 512 2.000000000
8 47 7 10839 512 2.000000000
8 48 7 10840 512 2.000000000
8 49 7 10841 512 2.000000000
8 50 7 10842 512 2.000000000
8 51 7 10843 512 2.000000000
8 52 7 10844 512 2.000000000
8 53 7 10845 512 2.000000000
8 54 7 10846 512 2.000000000
8 55 7 10847 512 2.000000000
8 56 7 10848 512 2.000000000
8 57 7 10849 512 2.000000000
8 58 7 10850 512 2.000000000
8 59 7 10851 512 2.000000000
8 60 7 10852 512 2.000000000
8 61 7 10853 512 2.000000000
8 62 7 10854 512 2.000000000
8 63 7 10855 512 2.000000000
9 0 7 10856 512 2.000000000
9 1 7 10857 512 2.000000000
9 2 7 10858 512 2.000000000
9 3 7 10859 512 2.000000000
9 4 7 10860 512 2.000000000
9 5 7 10861 512 2.000000000
9 6 7 10862 512 2.000000000
9 7 7 10863 512 2.000000000
9 16 7 10864 512 2.000000000
9 17 7 10865 512 2.000000000
9 18 7 10866 512 2.000000000
9 19 7 10867 512 2.000000000
9 20 7 10868 512 2.000000000
9 21 7 10869 512 2.000000000
9 22 7 10870 512 2.000000000
9 23 7 10871 512 2.000000000
9 24 7 10872 512 2.000000000
9 25 7 10873 512 2.000000000
9 26 7 10874 512 2.000000000
9 27 7 10875 512 2.000000000
9 28 7 10876 512 2.000000000
9 29 7 10877 512 2.000000000
9 30 7 10878 512 2.000000000
9 31 7 10879 512 2.000000000
9 32 7 10880 512 2.000000000
9 33 7 10881 512 2.000000000
9 34 7 10882 512 2.000000000
9 35 7 10883 512 2.000000000
9 36 7 10884 512 2.000000000
9 37 7 10885 512 2.000000000
9 38 7 10886 512 2.000000000
9 39 7 10887 512 2.000000000
9 40 7 10888 512 2.000000000
9 41 7 10889 512 2.000000000
9 42 7 10890 512 2.000000000
9 43 7 10891 512 2.000000000
9 44 7 10892 512 2.000000000
9 45 7 10893 512 2.000000000
9 46 7 10894 512 2.000000000
9 47 7 10895 512 2.000000000
9 48 7 10896 512 2.000000000
9 49 7 10897 512 2.000000000
9 50 7 10898 512 2.000000000
9 51 7 10899 512 2.000000000
9 52 7 10900 512 2.000000000
9 53 7 10901 512 2.000000000
9 54 7 10902 512 2.000000000
9 55 7 10903 512 2.000000000
9 56 7 10904 512 2.000000000
9 57 7 10905 512 2.000000000
9 58 7 10906 512 2.000000000
9 59 7 10907 512 2.000000000
9 60 7 10908 512 2.000000000
9 61 7 10909 512 2.000000000
9 62 7 10910 512 2.000000000
9 63 7 10911 512 2.000000000
10 0 7 10912 512 2.000000000
10 1 7 10913 512 2.000000000
10 2 7 10914 512 2.000000000
10 3 7 10915 512 2.000000000
10 4 7 10916 512 2.000000000
10 5 7 10917 512 2.000000000
10 6 7 10918 512 2.000000000
10 7 7 10919 512 2.000000000
10 16 7 10920 512 2.000000000
10 17 7 10921 512 2.000000000
10 18 7 10922 512 2.000000000
10 19 7 10923 512 2.000000000
10 20 7 10924 512 2.000000000
10 21 7 10925 512 2.000000000
10 22 7 10926 512 2.000000000
10 23 7 10927 512 2.000000000
10 24 7 10928 512 2.000000000
10 25 7 10929 512 2.000000000
10 26 7 10930 512 2.000000000
10 27 7 10931 512 2.000000000
10 28 7 10932 512 2.000000000
10 29 7 10933 512 2.000000000
10 30 7 10934 512 2.000000000
10 31 7 10935 512 2.000000000
10 32 7 10936 512 2.000000000
10 33 7 10937 512 2.000000000
10 34 7 10938 512 2.000000000
10 35 7 10939 512 2.000000000
10 36 7 10940 512 2.000000000
10 37 7 10941 512 2.000000000
10 38 7 10942 512 2.000000000
10 39 7 10943 512 2.000000000
10 40 7 10944 512 2.000000000
10 41 7 10945 512 2.000000000
10 42 7 10946 512 2.000000000
10 43 7 10947 512 2.000000000
10 44 7 10948 512 2.000000000
10 45 7 10949 512 2.000000000
10 46 7 10950 512 2.000000000
10 47 7 10951 512 2.000000000
10 48 7 10952 512 2.000000000
10 49 7 10953 512 2.000000000
10 50 7 10954 512 2.000000000
10 51 7 10955 512 2.000000000
10 52 7 10956 512 2.000000000
10 53 7 10957 512 2.000000000
10 54 7 10958 512 2.000000000
10 55 7 10959 512 2.000000000
10 56 7 10960 512 2.000000000
10 57 7 10961 512 2.000000000
10 58 7 10962 512 2.000000000
10 59 7 10963 512 2.000000000
10 60 7 10964 512 2.000000000
10 61 7 10965 512 2.000000000
10 62 7 10966 512 2.000000000
10 63 7 10967 512 2.000000000
11 0 7 10968 512 2.000000000
11 1 7 10969 512 2.000000000
11 2 7 10970 512 2.000000000
11 3 7 10971 512 2.000000000
11 4 7 10972 512 2.000000000
11 5 7 10973 512 2.000000000
11 6 7 10974 512 2.000000000
11 7 7 10975 512 2.000000000
11 16 7 10976 512 2.000000000
11 17 7 10977 512 2.000000000
11 18 7 10978 512 2.000000000
11 19 7 10979 512 2.000000000
11 20 7 10980 512 2.000000000
11 21 7 10981 512 2.000000000
11 22 7 10982 512 2.000000000
11 23 7 10983 512 2.000000000
11 24 7 10984 512 2.000000000
11 25 7 10985 512 2.000000000
11 26 7 10986 512 2.000000000
11 27 7 10987 512 2.000000000
11 28 7 10988 512 2.000000000
11 29 7 10989 512 2.000000000
11 30 7 10990 512 2.000000000
11 31 7 10991 512 2.000000000
11 32 7 10992 512 2.000000000
11 33 7 10993 512 2.000000000
11 34 7 10994 512 2.000000000
11 35 7 10995 512 2.000000000
11 36 7 10996 512 2.000000000
11 37 7 10997 512 2.000000000
11 38 7 10998 512 2.000000000
11 39 7 10999 512 2.000000000
11 40 7 11000 512 2.000000000
11 41 7 11001 512 2.000000000
11 42 7 11002 512 2.000000000
11 43 7 11003 512 2.000000000
11 44 7 11004 512 2.000000000
11 45 7 11005 512 2.000000000
11 46 7 11006 512 2.000000000
11 47 7 11007 512 2.000000000
11 48 7 11008 512 2.000000000
11 49 7 11009 512 2.000000000
11 50 7 11010 512 2.000000000
11 51 7 11011 512 2.000000000
11 52 7 11012 512 2.000000000
11 53 7 11013 512 2.000000000
11 54 7 11014 512 2.000000000
11 55 7 11015 512 2.000000000
11 56 7 11016 512 2.000000000
11 57 7 11017 512 2.000000000
11 58 7 11018 512 2.000000000
11 59 7 11019 512 2.000000000
11 60 7 11020 512 2.000000000
11 61 7 11021 512 2.000000000
11 62 7 11022 512 2.000000000
11 63 7 11023 512 2.000000000
12 0 7 11024 512 2.000000000
12 1 7 11025 512 2.000000000
12 2 7 11026 512 2.000000000
12 3 7 11027 512 2.000000000
12 4 7 11028 512 2.000000000
12 5 7 11029 512 2.000000000
12 6 7 11030 512 2.000000000
12 7 7 11031 512 2.000000000
12 16 7 11032 512 2.000000000
12 17 7 11033 512 2.000000000
12 18 7 11034 512 2.000000000
12 19 7 11035 512 2.000000000
12 20 7 11036 512 2.000000000
12 21 7 11037 512 2.000000000
12 22 7 11038 512 2.000000000
12 23 7 11039 512 2.000000000
12 24 7 11040 512 2.000000000
12 25 7 11041 512 2.000000000
12 26 7 11042 512 2.000000000
12 27 7 11043 512 2.000000000
12 28 7 11044 512 2.000000000
12 29 7 11045 512 2.000000000
12 30 7 11046 512 2.000000000
12 31 7 11047 512 2.000000000
12 32 7 11048 512 2.000000000
12 33 7 11049 512 2.000000000
12 34 7 11050 512 2.000000000
12 35 7 11051 512 2.000000000
12 36 7 11052 512 2.000000000
12 37 7 11053 512 2.000000000
12 38 7 11054 512 2.000000000
12 39 7 11055 512 2.000000000
12 40 7 11056 512 2.000000000
12 41 7 11057 512 2.000000000
12 42 7 11058 512 2.000000000
12 43 7 11059 512 2.000000000
12 44 7 11060 512 2.000000000
12 45 7 11061 512 2.000000000
12 46 7 11062 512 2.000000000
12 47 7 11063 512 2.000000000
12 48 7 11064 512 2.000000000
12 49 7 11065 512 2.000000000
12 50 7 11066 512 2.000000000
12 51 7 11067 512 2.000000000
12 52 7 11068 512 2.000000000
12 53 7 11069 512 2.000000000
12 54 7 11070 512 2.000000000
12 55 7 11071 512 2.000000000
12 56 7 11072 512 2.000000000
12 57 7 11073 512 2.000000000
12 58 7 11074 512 2.000000000
12 59 7 11075 512 2.000000000
12 60 7 11076 512 2.000000000
12 61 7 11077 512 2.000000000
12 62 7 11078 512 2.000000000
12 63 7 11079 512 2.000000000
13 0 7 11080 512 2.000000000
13 1 7 11081 512 2.000000000
13 2 7 11082 512 2.000000000
13 3 7 11083 512 2.000000000
13 4 7 11084 512 2.000000000
13 5 7 11085 512 2.000000000
13 6 7 11086 512 2.000000000
13 7 7 11087 512 2.000000000
13 16 7 11088 512 2.000000000
13 17 7 11089 512 2.000000000
13 18 7 11090 512 2.000000000
13 19 7 11091 512 2.000000000
13 20 7 11092 512 2.000000000
13 21 7 11093 512 2.000000000
13 22 7 11094 512 2.000000000
13 23 7 11095 512 2.000000000
13 24 7 11096 512 2.000000000
13 25 7 11097 512 2.000000000
13 26 7 11098 512 2.000000000
13 27 7 11099 512 2.000000000
13 28 7 11100 512 2.000000000
13 29 7 11101 512 2.000000000
13 30 7 11102 512 2.000000000
13 31 7 11103 512 2.000000000
13 32 7 11104 512 2.000000000
13 33 7 11105 512 2.000000000
13 34 7 11106 512 2.000000000
13 35 7 11107 512 2.000000000
13 36 7 11108 512 2.000000000
13 37 7 11109 512 2.000000000
13 38 7 11110 512 2.000000000
13 39 7 11111 512 2.000000000
13 40 7 11112 512 2.000000000
13 41 7 11113 512 2.000000000
13 42 7 11114 512 2.000000000
13 43 7 11115 512 2.000000000
13 44 7 11116 512 2.000000000
13 45 7 11117 512 2.000000000
13 46 7 11118 512 2.000000000
13 47 7 11119 512 2.000000000
13 48 7 11120 512 2.000000000
13 49 7 11121 512 2.000000000
13 50 7 11122 512 2.000000000
13 51 7 11123 512 2.000000000
13 52 7 11124 512 2.000000000
13 53 7 11125 512 2.000000000
13 54 7 11126 512 2.000000000
13 55 7 11127 512 2.000000000
13 56 7 11128 512 2.000000000
13 57 7 11129 512 2.000000000
13 58 7 11130 512 2.000000000
13 59 7 11131 512 2.000000000
13 60 7 11132 512 2.000000000
13 61 7 11133 512 2.000000000
13 62 7 11134 512 2.000000000
13 63 7 11135 512 2.000000000
14 0 7 11136 512 2.000000000
14 1 7 11137 512 2.000000000
14 2 7 11138 512 2.000000000
14 3 7 11139 512 2.000000000
14 4 7 11140 512 2.000000000
14 5 7 11141 512 2.000000000
14 6 7 11142 512 2.000000000
14 7 7 11143 512 2.000000000
14 16 7 11144 512 2.000000000
14 17 7 11145 512 2.000000000
14 18 7 11146 512 2.000000000
14 19 7 11147 512 2.000000000
14 20 7 11148 512 2.000000000
14 21 7 11149 512 2.000000000
14 22 7 11150 512 2.000000000
14 23 7 11151 512 2.000000000
14 24 7 11152 512 2.000000000
14 25 7 11153 512 2.000000000
14 26 7 11154 512 2.000000000
14 27 7 11155 512 2.000000000
14 28 7 11156 512 2.000000000
14 29 7 11157 512 2.000000000
14 30 7 11158 512 2.000000000
14 31 7 11159 512 2.000000000
14 32 7 11160 512 2.000000000
14 33 7 11161 512 2.000000000
14 34 7 11162 512 2.000000000
14 35 7 11163 512 2.000000000
14 36 7 11164 512 2.000000000
14 37 7 11165 512 2.000000000
14 38 7 11166 512 2.000000000
14 39 7 11167 512 2.000000000
14 40 7 11168 512 2.000000000
14 41 7 11169 512 2.000000000
14 42 7 11170 512 2.000000000
14 43 7 11171 512 2.000000000
14 44 7 11172 512 2.000000000
14 45 7 11173 512 2.000000000
14 46 7 11174 512 2.000000000
14 47 7 11175 512 2.000000000
14 48 7 11176 512 2.000000000
14 49 7 11177 512 2.000000000
14 50 7 11178 512 2.000000000
14 51 7 11179 512 2.000000000
14 52 7 11180 512 2.000000000
14 53 7 11181 512 2.000000000
14 54 7 11182 512 2.000000000
14 55 7 11183 512 2.000000000
14 56 7 11184 512 2.000000000
14 57 7 11185 512 2.000000000
14 58 7 11186 512 2.000000000
14 59 7 11187 512 2.000000000
14 60 7 11188 512 2.000000000
14 61 7 11189 512 2.000000000
14 62 7 11190 512 2.000000000
14 63 7 11191 512 2.000000000
15 0 7 11192 512 2.000000000
15 1 7 11193 512 2.000000000
15 2 7 11194 512 2.000000000
15 3 7 11195 512 2.000000000
15 4 7 11196 512 2.000000000
15 5 7 11197 512 2.000000000
15 6 7 11198 512 2.000000000
15 7 7 11199 512 2.000000000
15 16 7 11200 512 2.000000000
15 17 7 11201 512 2.000000000
15 18 7 11202 512 2.000000000
15 19 7 11203 512 2.000000000
15 20 7 11204 512 2.000000000
15 21 7 11205 512 2.000000000
15 22 7 11206 512 2.000000000
15 23 7 11207 512 2.000000000
15 24 7 11208 512 2.000000000
15 25 7 11209 512 2.000000000
15 26 7 11210 512 2.000000000
15 27 7 11211 512 2.000000000
15 28 7 11212 512 2.000000000
15 29 7 11213 512 2.000000000
15 30 7 11214 512 2.000000000
15 31 7 11215 512 2.000000000
15 32 7 11216 512 2.000000000
15 33 7 11217 512 2.000000000
15 34 7 11218 512 2.000000000
15 35 7 11219 512 2.000000000
15 36 7 11220 512 2.000000000
15 37 7 11221 512 2.000000000
15 38 7 11222 512 2.000000000
15 39 7 11223 512 2.000000000
15 40 7 11224 512 2.000000000
15 41 7 11225 512 2.000000000
15 42 7 11226 512 2.000000000
15 43 7 11227 512 2.000000000
15 44 7 11228 512 2.000000000
15 45 7 11229 512 2.000000000
15 46 7 11230 512 2.000000000
15 47 7 11231 512 2.000000000
15 48 7 11232 512 2.000000000
15 49 7 11233 512 2.000000000
15 50 7 11234 512 2.000000000
15 51 7 11235 512 2.000000000
15 52 7 11236 512 2.000000000
15 53 7 11237 512 2.000000000
15 54 7 11238 512 2.000000000
15 55 7 11239 512 2.000000000
15 56 7 11240 512 2.000000000
15 57 7 11241 512 2.000000000
15 58 7 11242 512 2.000000000
15 59 7 11243 512 2.000000000
15 60 7 11244 512 2.000000000
15 61 7 11245 512 2.000000000
15 62 7 11246 512 2.000000000
15 63 7 11247 512 2.000000000
16 0 7 11248 512 2.000000000
16 1 7 11249 512 2.000000000
16 2 7 11250 512 2.000000000
16 3 7 11251 512 2.000000000
16 4 7 11252 512 2.000000000
16 5 7 11253 512 2.000000000
16 6 7 11254 512 2.000000000
16 7 7 11255 512 2.000000000
16 8 7 11256 512 2.000000000
16 9 7 11257 512 2.000000000
16 10 7 11258 512 2.000000000
16 11 7 11259 512 2.000000000
16 12 7 11260 512 2.000000000
16 13 7 11261 512 2.000000000
16 14 7 11262 512 2.000000000
16 15 7 11263 512 2.000000000
16 24 7 11264 512 2.000000000
16 25 7 11265 512 2.000000000
16 26 7 11266 512 2.000000000
16 27 7 11267 512 2.000000000
16 28 7 11268 512 2.000000000
16 29 7 11269 512 2.000000000
16 30 7 11270 512 2.000000000
16 31 7 11271 512 2.000000000
16 32 7 11272 512 2.000000000
16 33 7 11273 512 2.000000000
16 34 7 11274 512 2.000000000
16 35 7 11275 512 2.000000000
16 36 7 11276 512 2.000000000
16 37 7 11277 512 2.000000000
16 38 7 11278 512 2.000000000
16 39 7 11279 512 2.000000000
16 40 7 11280 512 2.000000000
16 41 7 11281 512 2.000000000
16 42 7 11282 512 2.000000000
16 43 7 11283 512 2.000000000
16 44 7 11284 512 2.000000000
16 45 7 11285 512 2.000000000
16 46 7 11286 512 2.000000000
16 47 7 11287 512 2.000000000
16 48 7 11288 512 2.000000000
16 49 7 11289 512 2.000000000
16 50 7 11290 512 2.000000000
16 51 7 11291 512 2.000000000
16 52 7 11292 512 2.000000000
16 53 7 11293 512 2.000000000
16 54 7 11294 512 2.000000000
16 55 7 11295 512 2.000000000
16 56 7 11296 512 2.000000000
16 57 7 11297 512 2.000000000
16 58 7 11298 512 2.000000000
16 59 7 11299 512 2.000000000
16 60 7 11300 512 2.000000000
16 61 7 11301 512 2.000000000
16 62 7 11302 512 2.000000000
16 63 7 11303 512 2.000000000
17 0 7 11304 512 2.000000000
17 1 7 11305 512 2.000000000
17 2 7 11306 512 2.000000000
17 3 7 11307 512 2.000000000
17 4 7 11308 512 2.000000000
17 5 7 11309 512 2.000000000
17 6 7 11310 512 2.000000000
17 7 7 11311 512 2.000000000
17 8 7 11312 512 2.000000000
17 9 7 11313 512 2.000000000
17 10 7 11314 512 2.000000000
17 11 7 11315 512 2.000000000
17 12 7 11316 512 2.000000000
17 13 7 11317 512 2.000000000
17 14 7 11318 512 2.000000000
17 15 7 11319 512 2.000000000
17 24 7 11320 512 2.000000000
17 25 7 11321 512 2.000000000
17 26 7 11322 512 2.000000000
17 27 7 11323 512 2.000000000
17 28 7 11324 512 2.000000000
17 29 7 11325 512 2.000000000
17 30 7 11326 512 2.000000000
17 31 7 11327 512 2.000000000
17 32 7 11328 512 2.000000000
17 33 7 11329 512 2.000000000
17 34 7 11330 512 2.000000000
17 35 7 11331 512 2.000000000
17 36 7 11332 512 2.000000000
17 37 7 11333 512 2.000000000
17 38 7 11334 512 2.000000000
17 39 7 11335 512 2.000000000
17 40 7 11336 512 2.000000000
17 41 7 11337 512 2.000000000
17 42 7 11338 512 2.000000000
17 43 7 11339 512 2.000000000
17 44 7 11340 512 2.000000000
17 45 7 11341 512 2.000000000
17 46 7 11342 512 2.000000000
17 47 7 11343 512 2.000000000
17 48 7 11344 512 2.000000000
17 49 7 11345 512 2.000000000
17 50 7 11346 512 2.000000000
17 51 7 11347 512 2.000000000
17 52 7 11348 512 2.000000000
17 53 7 11349 512 2.000000000
17 54 7 11350 512 2.000000000
17 55 7 11351 512 2.000000000
17 56 7 11352 512 2.000000000
17 57 7 11353 512 2.000000000
17 58 7 11354 512 2.000000000
17 59 7 11355 512 2.000000000
17 60 7 11356 512 2.000000000
17 61 7 11357 512 2.000000000
17 62 7 11358 512 2.000000000
17 63 7 11359 512 2.000000000
18 0 7 11360 512 2.000000000
18 1 7 11361 512 2.000000000
18 2 7 11362 512 2.000000000
18 3 7 11363 512 2.000000000
18 4 7 11364 512 2.000000000
18 5 7 11365 512 2.000000000
18 6 7 11366 512 2.000000000
18 7 7 11367 512 2.000000000
18 8 7 11368 512 2.000000000
18 9 7 11369 512 2.000000000
18 10 7 11370 512 2.000000000
18 11 7 11371 512 2.000000000
18 12 7 11372 512 2.000000000
18 13 7 11373 512 2.000000000
18 14 7 11374 512 2.000000000
18 15 7 11375 512 2.000000000
18 24 7 11376 512 2.000000000
18 25 7 11377 512 2.000000000
18 26 7 11378 512 2.000000000
18 27 7 11379 512 2.000000000
18 28 7 11380 512 2.000000000
18 29 7 11381 512 2.000000000
18 30 7 11382 512 2.000000000
18 31 7 11383 512 2.000000000
18 32 7 11384 512 2.000000000
18 33 7 11385 512 2.000000000
18 34 7 11386 512 2.000000000
18 35 7 11387 512 2.000000000
18 36 7 11388 512 2.000000000
18 37 7 11389 512 2.000000000
18 38 7 11390 512 2.000000000
18 39 7 11391 512 2.000000000
18 40 7 11392 512 2.000000000
18 41 7 11393 512 2.000000000
18 42 7 11394 512 2.000000000
18 43 7 11395 512 2.000000000
18 44 7 11396 512 2.000000000
18 45 7 11397 512 2.000000000
18 46 7 11398 512 2.000000000
18 47 7 11399 512 2.000000000
18 48 7 11400 512 2.000000000
18 49 7 11401 512 2.000000000
18 50 7 11402 512 2.000000000
18 51 7 11403 512 2.000000000
18 52 7 11404 512 2.000000000
18 53 7 11405 512 2.000000000
18 54 7 11406 512 2.000000000
18 55 7 11407 512 2.000000000
18 56 7 11408 512 2.000000000
18 57 7 11409 512 2.000000000
18 58 7 11410 512 2.000000000
18 59 7 11411 512 2.000000000
18 60 7 11412 512 2.000000000
18 61 7 11413 512 2.000000000
18 62 7 11414 512 2.000000000
18 63 7 11415 512 2.000000000
19 0 7 11416 512 2.000000000
19 1 7 11417 512 2.000000000
19 2 7 11418 512 2.000000000
19 3 7 11419 512 2.000000000
19 4 7 11420 512 2.000000000
19 5 7 11421 512 2.000000000
19 6 7 11422 512 2.000000000
19 7 7 11423 512 2.000000000
19 8 7 11424 512 2.000000000
19 9 7 11425 512 2.000000000
19 10 7 11426 512 2.000000000
19 11 7 11427 512 2.000000000
19 12 7 11428 512 2.000000000
19 13 7 11429 512 2.000000000
19 14 7 11430 512 2.000000000
19 15 7 11431 512 2.000000000
19 24 7 11432 512 2.000000000
19 25 7 11433 512 2.000000000
19 26 7 11434 512 2.000000000
19 27 7 11435 512 2.000000000
19 28 7 11436 512 2.000000000
19 29 7 11437 512 2.000000000
19 30 7 11438 512 2.000000000
19 31 7 11439 512 2.000000000
19 32 7 11440 512 2.000000000
19 33 7 11441 512 2.000000000
19 34 7 11442 512 2.000000000
19 35 7 11443 512 2.000000000
19 36 7 11444 512 2.000000000
19 37 7 11445 512 2.000000000
19 38 7 11446 512 2.000000000
19 39 7 11447 512 2.000000000
19 40 7 11448 512 2.000000000
19 41 7 11449 512 2.000000000
19 42 7 11450 512 2.000000000
19 43 7 11451 512 2.000000000
19 44 7 11452 512 2.000000000
19 45 7 11453 512 2.000000000
19 46 7 11454 512 2.000000000
19 47 7 11455 512 2.000000000
19 48 7 11456 512 2.000000000
19 49 7 11457 512 2.000000000
19 50 7 11458 512 2.000000000
19 51 7 11459 512 2.000000000
19 52 7 11460 512 2.000000000
19 53 7 11461 512 2.000000000
19 54 7 11462 512 2.000000000
19 55 7 11463 512 2.000000000
19 56 7 11464 512 2.000000000
19 57 7 11465 512 2.000000000
19 58 7 11466 512 2.000000000
19 59 7 11467 512 2.000000000
19 60 7 11468 512 2.000000000
19 61 7 11469 512 2.000000000
19 62 7 11470 512 2.000000000
19 63 7 11471 512 2.000000000
20 0 7 11472 512 2.000000000
20 1 7 11473 512 2.000000000
20 2 7 11474 512 2.000000000
20 3 7 11475 512 2.000000000
20 4 7 11476 512 2.000000000
20 5 7 11477 512 2.000000000
20 6 7 11478 512 2.000000000
20 7 7 11479 512 2.000000000
20 8 7 11480 512 2.000000000
20 9 7 11481 512 2.000000000
20 10 7 11482 512 2.000000000
20 11 7 11483 512 2.000000000
20 12 7 11484 512 2.000000000
20 13 7 11485 512 2.000000000
20 14 7 11486 512 2.000000000
20 15 7 11487 512 2.000000000
20 24 7 11488 512 2.000000000
20 25 7 11489 512 2.000000000
20 26 7 11490 512 2.000000000
20 27 7 11491 512 2.000000000
20 28 7 11492 512 2.000000000
20 29 7 11493 512 2.000000000
20 30 7 11494 512 2.000000000
20 31 7 11495 512 2.000000000
20 32 7 11496 512 2.000000000
20 33 7 11497 512 2.000000000
20 34 7 11498 512 2.000000000
20 35 7 11499 512 2.000000000
20 36 7 11500 512 2.000000000
20 37 7 11501 512 2.000000000
20 38 7 11502 512 2.000000000
20 39 7 11503 512 2.000000000
20 40 7 11504 512 2.000000000
20 41 7 11505 512 2.000000000
20 42 7 11506 512 2.000000000
20 43 7 11507 512 2.000000000
20 44 7 11508 512 2.000000000
20 45 7 11509 512 2.000000000
20 46 7 11510 512 2.000000000
20 47 7 11511 512 2.000000000
20 48 7 11512 512 2.000000000
20 49 7 11513 512 2.000000000
20 50 7 11514 512 2.000000000
20 51 7 11515 512 2.000000000
20 52 7 11516 512 2.000000000
20 53 7 11517 512 2.000000000
20 54 7 11518 512 2.000000000
20 55 7 11519 512 2.000000000
20 56 7 11520 512 2.000000000
20 57 7 11521 512 2.000000000
20 58 7 11522 512 2.000000000
20 59 7 11523 512 2.000000000
20 60 7 11524 512 2.000000000
20 61 7 11525 512 2.000000000
20 62 7 11526 512 2.000000000
20 63 7 11527 512 2.000000000
21 0 7 11528 512 2.000000000
21 1 7 11529 512 2.000000000
21 2 7 11530 512 2.000000000
21 3 7 11531 512 2.000000000
21 4 7 11532 512 2.000000000
21 5 7 11533 512 2.000000000
21 6 7 11534 512 2.000000000
21 7 7 11535 512 2.000000000
21 8 7 11536 512 2.000000000
21 9 7 11537 512 2.000000000
21 10 7 11538 512 2.000000000
21 11 7 11539 512 2.000000000
21 12 7 11540 512 2.000000000
21 13 7 11541 512 2.000000000
21 14 7 11542 512 2.000000000
21 15 7 11543 512 2.000000000
21 24 7 11544 512 2.000000000
21 25 7 11545 512 2.000000000
21 26 7 11546 512 2.000000000
21 27 7 11547 512 2.000000000
21 28 7 11548 512 2.000000000
21 29 7 11549 512 2.000000000
21 30 7 11550 512 2.000000000
21 31 7 11551 512 2.000000000
21 32 7 11552 512 2.000000000
21 33 7 11553 512 2.000000000
21 34 7 11554 512 2.000000000
21 35 7 11555 512 2.000000000
21 36 7 11556 512 2.000000000
21 37 7 11557 512 2.000000000
21 38 7 11558 512 2.000000000
21 39 7 11559 512 2.000000000
21 40 7 11560 512 2.000000000
21 41 7 11561 512 2.000000000
21 42 7 11562 512 2.000000000
21 43 7 11563 512 2.000000000
21 44 7 11564 512 2.000000000
21 45 7 11565 512 2.000000000
21 46 7 11566 512 2.000000000
21 47 7 11567 512 2.000000000
21 48 7 11568 512 2.000000000
21 49 7 11569 512 2.000000000
21 50 7 11570 512 2.000000000
21 51 7 11571 512 2.000000000
21 52 7 11572 512 2.000000000
21 53 7 11573 512 2.000000000
21 54 7 11574 512 2.000000000
21 55 7 11575 512 2.000000000
21 56 7 11576 512 2.000000000
21 57 7 11577 512 2.000000000
21 58 7 11578 512 2.000000000
21 59 7 11579 512 2.000000000
21 60 7 11580 512 2.000000000
21 61 7 11581 512 2.000000000
21 62 7 11582 512 2.000000000
21 63 7 11583 512 2.000000000
22 0 7 11584 512 2.000000000
22 1 7 11585 512 2.000000000
22 2 7 11586 512 2.000000000
22 3 7 11587 512 2.000000000
22 4 7 11588 512 2.000000000
22 5 7 11589 512 2.000000000
22 6 7 11590 512 2.000000000
22 7 7 11591 512 2.000000000
22 8 7 11592 512 2.000000000
22 9 7 11593 512 2.000000000
22 10 7 11594 512 2.000000000
22 11 7 11595 512 2.000000000
22 12 7 11596 512 2.000000000
22 13 7 11597 512 2.000000000
22 14 7 11598 512 2.000000000
22 15 7 11599 512 2.000000000
22 24 7 11600 512 2.000000000
22 25 7 11601 512 2.000000000
22 26 7 11602 512 2.000000000
22 27 7 11603 512 2.000000000
22 28 7 11604 512 2.000000000
22 29 7 11605 512 2.000000000
22 30 7 11606 512 2.000000000
22 31 7 11607 512 2.000000000
22 32 7 11608 512 2.000000000
22 33 7 11609 512 2.000000000
22 34 7 11610 512 2.000000000
22 35 7 11611 512 2.000000000
22 36 7 11612 512 2.000000000
22 37 7 11613 512 2.000000000
22 38 7 11614 512 2.000000000
22 39 7 11615 512 2.000000000
22 40 7 11616 512 2.000000000
22 41 7 11617 512 2.000000000
22 42 7 11618 512 2.000000000
22 43 7 11619 512 2.000000000
22 44 7 11620 512 2.000000000
22 45 7 11621 512 2.000000000
22 46 7 11622 512 2.000000000
22 47 7 11623 512 2.000000000
22 48 7 11624 512 2.000000000
22 49 7 11625 512 2.000000000
22 50 7 11626 512 2.000000000
22 51 7 11627 512 2.000000000
22 52 7 11628 512 2.000000000
22 53 7 11629 512 2.000000000
22 54 7 11630 512 2.000000000
22 55 7 11631 512 2.000000000
22 56 7 11632 512 2.000000000
22 57 7 11633 512 2.000000000
22 58 7 11634 512 2.000000000
22 59 7 11635 512 2.000000000
22 60 7 11636 512 2.000000000
22 61 7 11637 512 2.000000000
22 62 7 11638 512 2.000000000
22 63 7 11639 512 2.000000000
23 0 7 11640 512 2.000000000
23 1 7 11641 512 2.000000000
23 2 7 11642 512 2.000000000
23 3 7 11643 512 2.000000000
23 4 7 11644 512 2.000000000
23 5 7 11645 512 2.000000000
23 6 7 11646 512 2.000000000
23 7 7 11647 512 2.000000000
23 8 7 11648 512 2.000000000
23 9 7 11649 512 2.000000000
23 10 7 11650 512 2.000000000
23 11 7 11651 512 2.000000000
23 12 7 11652 512 2.000000000
23 13 7 11653 512 2.000000000
23 14 7 11654 512 2.000000000
23 15 7 11655 512 2.000000000
23 24 7 11656 512 2.000000000
23 25 7 11657 512 2.000000000
23 26 7 11658 512 2.000000000
23 27 7 11659 512 2.000000000
23 28 7 11660 512 2.000000000
23 29 7 11661 512 2.000000000
23 30 7 11662 512 2.000000000
23 31 7 11663 512 2.000000000
23 32 7 11664 512 2.000000000
23 33 7 11665 512 2.000000000
23 34 7 11666 512 2.000000000
23 35 7 11667 512 2.000000000
23 36 7 11668 512 2.000000000
23 37 7 11669 512 2.000000000
23 38 7 11670 512 2.000000000
23 39 7 11671 512 2.000000000
23 40 7 11672 512 2.000000000
23 41 7 11673 512 2.000000000
23 42 7 11674 512 2.000000000
23 43 7 11675 512 2.000000000
23 44 7 11676 512 2.000000000
23 45 7 11677 512 2.000000000
23 46 7 11678 512 2.000000000
23 47 7 11679 512 2.000000000
23 48 7 11680 512 2.000000000
23 49 7 11681 512 2.000000000
23 50 7 11682 512 2.000000000
23 51 7 11683 512 2.000000000
23 52 7 11684 512 2.000000000
23 53 7 11685 512 2.000000000
23 54 7 11686 512 2.000000000
23 55 7 11687 512 2.000000000
23 56 7 11688 512 2.000000000
23 57 7 11689 512 2.000000000
23 58 7 11690 512 2.000000000
23 59 7 11691 512 2.000000000
23 60 7 11692 512 2.000000000
23 61 7 11693 512 2.000000000
23 62 7 11694 512 2.000000000
23 63 7 11695 512 2.000000000
24 0 7 11696 512 2.000000000
24 1 7 11697 512 2.000000000
24 2 7 11698 512 2.000000000
24 3 7 11699 512 2.000000000
24 4 7 11700 512 2.000000000
24 5 7 11701 512 2.000000000
24 6 7 11702 512 2.000000000
24 7 7 11703 512 2.000000000
24 8 7 11704 512 2.000000000
24 9 7 11705 512 2.000000000
24 10 7 11706 512 2.000000000
24 11 7 11707 512 2.000000000
24 12 7 11708 512 2.000000000
24 13 7 11709 512 2.000000000
24 14 7 11710 512 2.000000000
24 15 7 11711 512 2.000000000
24 16 7 11712 512 2.000000000
24 17 7 11713 512 2.000000000
24 18 7 11714 512 2.000000000
24 19 7 11715 512 2.000000000
24 20 7 11716 512 2.000000000
24 21 7 11717 512 2.000000000
24 22 7 11718 512 2.000000000
24 23 7 11719 512 2.000000000
24 32 7 11720 512 2.000000000
24 33 7 11721 512 2.000000000
24 34 7 11722 512 2.000000000
24 35 7 11723 512 2.000000000
24 36 7 11724 512 2.000000000
24 37 7 11725 512 2.000000000
24 38 7 11726 512 2.000000000
24 39 7 11727 512 2.000000000
24 40 7 11728 512 2.000000000
24 41 7 11729 512 2.000000000
24 42 7 11730 512 2.000000000
24 43 7 11731 512 2.000000000
24 44 7 11732 512 2.000000000
24 45 7 11733 512 2.000000000
24 46 7 11734 512 2.000000000
24 47 7 11735 512 2.000000000
24 48 7 11736 512 2.000000000
24 49 7 11737 512 2.000000000
24 50 7 11738 512 2.000000000
24 51 7 11739 512 2.000000000
24 52 7 11740 512 2.000000000
24 53 7 11741 512 2.000000000
24 54 7 11742 512 2.000000000
24 55 7 11743 512 2.000000000
24 56 7 11744 512 2.000000000
24 57 7 11745 512 2.000000000
24 58 7 11746 512 2.000000000
24 59 7 11747 512 2.000000000
24 60 7 11748 512 2.000000000
24 61 7 11749 512 2.000000000
24 62 7 11750 512 2.000000000
24 63 7 11751 512 2.000000000
25 0 7 11752 512 2.000000000
25 1 7 11753 512 2.000000000
25 2 7 11754 512 2.000000000
25 3 7 11755 512 2.000000000
25 4 7 11756 512 2.000000000
25 5 7 11757 512 2.000000000
25 6 7 11758 512 2.000000000
25 7 7 11759 512 2.000000000
25 8 7 11760 512 2.000000000
25 9 7 11761 512 2.000000000
25 10 7 11762 512 2.000000000
25 11 7 11763 512 2.000000000
25 12 7 11764 512 2.000000000
25 13 7 11765 512 2.000000000
25 14 7 11766 512 2.000000000
25 15 7 11767 512 2.000000000
25 16 7 11768 512 2.000000000
25 17 7 11769 512 2.000000000
25 18 7 11770 512 2.000000000
25 19 7 11771 512 2.000000000
25 20 7 11772 512 2.000000000
25 21 7 11773 512 2.000000000
25 22 7 11774 512 2.000000000
25 23 7 11775 512 2.000000000
25 32 7 11776 512 2.000000000
25 33 7 11777 512 2.000000000
25 34 7 11778 512 2.000000000
25 35 7 11779 512 2.000000000
25 36 7 11780 512 2.000000000
25 37 7 11781 512 2.000000000
25 38 7 11782 512 2.000000000
25 39 7 11783 512 2.000000000
25 40 7 11784 512 2.000000000
25 41 7 11785 512 2.000000000
25 42 7 11786 512 2.000000000
25 43 7 11787 512 2.000000000
25 44 7 11788 512 2.000000000
25 45 7 11789 512 2.000000000
25 46 7 11790 512 2.000000000
25 47 7 11791 512 2.000000000
25 48 7 11792 512 2.000000000
25 49 7 11793 512 2.000000000
25 50 7 11794 512 2.000000000
25 51 7 11795 512 2.000000000
25 52 7 11796 512 2.000000000
25 53 7 11797 512 2.000000000
25 54 7 11798 512 2.000000000
25 55 7 11799 512 2.000000000
25 56 7 11800 512 2.000000000
25 57 7 11801 512 2.000000000
25 58 7 11802 512 2.000000000
25 59 7 11803 512 2.000000000
25 60 7 11804 512 2.000000000
25 61 7 11805 512 2.000000000
25 62 7 11806 512 2.000000000
25 63 7 11807 512 2.000000000
26 0 7 11808 512 2.000000000
26 1 7 11809 512 2.000000000
26 2 7 11810 512 2.000000000
26 3 7 11811 512 2.000000000
26 4 7 11812 512 2.000000000
26 5 7 11813 512 2.000000000
26 6 7 11814 512 2.000000000
26 7 7 11815 512 2.000000000
26 8 7 11816 512 2.000000000
26 9 7 11817 512 2.000000000
26 10 7 11818 512 2.000000000
26 11 7 11819 512 2.000000000
26 12 7 11820 512 2.000000000
26 13 7 11821 512 2.000000000
26 14 7 11822 512 2.000000000
26 15 7 11823 512 2.000000000
26 16 7 11824 512 2.000000000
26 17 7 11825 512 2.000000000
26 18 7 11826 512 2.000000000
26 19 7 11827 512 2.000000000
26 20 7 11828 512 2.000000000
26 21 7 11829 512 2.000000000
26 22 7 11830 512 2.000000000
26 23 7 11831 512 2.000000000
26 32 7 11832 512 2.000000000
26 33 7 11833 512 2.000000000
26 34 7 11834 512 2.000000000
26 35 7 11835 512 2.000000000
26 36 7 11836 512 2.000000000
26 37 7 11837 512 2.000000000
26 38 7 11838 512 2.000000000
26 39 7 11839 512 2.000000000
26 40 7 11840 512 2.000000000
26 41 7 11841 512 2.000000000
26 42 7 11842 512 2.000000000
26 43 7 11843 512 2.000000000
26 44 7 11844 512 2.000000000
26 45 7 11845 512 2.000000000
26 46 7 11846 512 2.000000000
26 47 7 11847 512 2.000000000
26 48 7 11848 512 2.000000000
26 49 7 11849 512 2.000000000
26 50 7 11850 512 2.000000000
26 51 7 11851 512 2.000000000
26 52 7 11852 512 2.000000000
26 53 7 11853 512 2.000000000
26 54 7 11854 512 2.000000000
26 55 7 11855 512 2.000000000
26 56 7 11856 512 2.000000000
26 57 7 11857 512 2.000000000
26 58 7 11858 512 2.000000000
26 59 7 11859 512 2.000000000
26 60 7 11860 512 2.000000000
26 61 7 11861 512 2.000000000
26 62 7 11862 512 2.000000000
26 63 7 11863 512 2.000000000
27 0 7 11864 512 2.000000000
27 1 7 11865 512 2.000000000
27 2 7 11866 512 2.000000000
27 3 7 11867 512 2.000000000
27 4 7 11868 512 2.000000000
27 5 7 11869 512 2.000000000
27 6 7 11870 512 2.000000000
27 7 7 11871 512 2.000000000
27 8 7 11872 512 2.000000000
27 9 7 11873 512 2.000000000
27 10 7 11874 512 2.000000000
27 11 7 11875 512 2.000000000
27 12 7 11876 512 2.000000000
27 13 7 11877 512 2.000000000
27 14 7 11878 512 2.000000000
27 15 7 11879 512 2.000000000
27 16 7 11880 512 2.000000000
27 17 7 11881 512 2.000000000
27 18 7 11882 512 2.000000000
27 19 7 11883 512 2.000000000
27 20 7 11884 512 2.000000000
27 21 7 11885 512 2.000000000
27 22 7 11886 512 2.000000000
27 23 7 11887 512 2.000000000
27 32 7 11888 512 2.000000000
27 33 7 11889 512 2.000000000
27 34 7 11890 512 2.000000000
27 35 7 11891 512 2.000000000
27 36 7 11892 512 2.000000000
27 37 7 11893 512 2.000000000
27 38 7 11894 512 2.000000000
27 39 7 11895 512 2.000000000
27 40 7 11896 512 2.000000000
27 41 7 11897 512 2.000000000
27 42 7 11898 512 2.000000000
27 43 7 11899 512 2.000000000
27 44 7 11900 512 2.000000000
27 45 7 11901 512 2.000000000
27 46 7 11902 512 2.000000000
27 47 7 11903 512 2.000000000
27 48 7 11904 512 2.000000000
27 49 7 11905 512 2.000000000
27 50 7 11906 512 2.000000000
27 51 7 11907 512 2.000000000
27 52 7 11908 512 2.000000000
27 53 7 11909 512 2.000000000
27 54 7 11910 512 2.000000000
27 55 7 11911 512 2.000000000
27 56 7 11912 512 2.000000000
27 57 7 11913 512 2.000000000
27 58 7 11914 512 2.000000000
27 59 7 11915 512 2.000000000
27 60 7 11916 512 2.000000000
27 61 7 11917 512 2.000000000
27 62 7 11918 512 2.000000000
27 63 7 11919 512 2.000000000
28 0 7 11920 512 2.000000000
28 1 7 11921 512 2.000000000
28 2 7 11922 512 2.000000000
28 3 7 11923 512 2.000000000
28 4 7 11924 512 2.000000000
28 5 7 11925 512 2.000000000
28 6 7 11926 512 2.000000000
28 7 7 11927 512 2.000000000
28 8 7 11928 512 2.000000000
28 9 7 11929 512 2.000000000
28 10 7 11930 512 2.000000000
28 11 7 11931 512 2.000000000
28 12 7 11932 512 2.000000000
28 13 7 11933 512 2.000000000
28 14 7 11934 512 2.000000000
28 15 7 11935 512 2.000000000
28 16 7 11936 512 2.000000000
28 17 7 11937 512 2.000000000
28 18 7 11938 512 2.000000000
28 19 7 11939 512 2.000000000
28 20 7 11940 512 2.000000000
28 21 7 11941 512 2.000000000
28 22 7 11942 512 2.000000000
28 23 7 11943 512 2.000000000
28 32 7 11944 512 2.000000000
28 33 7 11945 512 2.000000000
28 34 7 11946 512 2.000000000
28 35 7 11947 512 2.000000000
28 36 7 11948 512 2.000000000
28 37 7 11949 512 2.000000000
28 38 7 11950 512 2.000000000
28 39 7 11951 512 2.000000000
28 40 7 11952 512 2.000000000
28 41 7 11953 512 2.000000000
28 42 7 11954 512 2.000000000
28 43 7 11955 512 2.000000000
28 44 7 11956 512 2.000000000
28 45 7 11957 512 2.000000000
28 46 7 11958 512 2.000000000
28 47 7 11959 512 2.000000000
28 48 7 11960 512 2.000000000
28 49 7 11961 512 2.000000000
28 50 7 11962 512 2.000000000
28 51 7 11963 512 2.000000000
28 52 7 11964 512 2.000000000
28 53 7 11965 512 2.000000000
28 54 7 11966 512 2.000000000
28 55 7 11967 512 2.000000000
28 56 7 11968 512 2.000000000
28 57 7 11969 512 2.000000000
28 58 7 11970 512 2.000000000
28 59 7 11971 512 2.000000000
28 60 7 11972 512 2.000000000
28 61 7 11973 512 2.000000000
28 62 7 11974 512 2.000000000
28 63 7 11975 512 2.000000000
29 0 7 11976 512 2.000000000
29 1 7 11977 512 2.000000000
29 2 7 11978 512 2.000000000
29 3 7 11979 512 2.000000000
29 4 7 11980 512 2.000000000
29 5 7 11981 512 2.000000000
29 6 7 11982 512 2.000000000
29 7 7 11983 512 2.000000000
29 8 7 11984 512 2.000000000
29 9 7 11985 512 2.000000000
29 10 7 11986 512 2.000000000
29 11 7 11987 512 2.000000000
29 12 7 11988 512 2.000000000
29 13 7 11989 512 2.000000000
29 14 7 11990 512 2.000000000
29 15 7 11991 512 2.000000000
29 16 7 11992 512 2.000000000
29 17 7 11993 512 2.000000000
29 18 7 11994 512 2.000000000
29 19 7 11995 512 2.000000000
29 20 7 11996 512 2.000000000
29 21 7 11997 512 2.000000000
29 22 7 11998 512 2.000000000
29 23 7 11999 512 2.000000000
29 32 7 12000 512 2.000000000
29 33 7 12001 512 2.000000000
29 34 7 12002 512 2.000000000
29 35 7 12003 512 2.000000000
29 36 7 12004 512 2.000000000
29 37 7 12005 512 2.000000000
29 38 7 12006 512 2.000000000
29 39 7 12007 512 2.000000000
29 40 7 12008 512 2.000000000
29 41 7 12009 512 2.000000000
29 42 7 12010 512 2.000000000
29 43 7 12011 512 2.000000000
29 44 7 12012 512 2.000000000
29 45 7 12013 512 2.000000000
29 46 7 12014 512 2.000000000
29 47 7 12015 512 2.000000000
29 48 7 12016 512 2.000000000
29 49 7 12017 512 2.000000000
29 50 7 12018 512 2.000000000
29 51 7 12019 512 2.000000000
29 52 7 12020 512 2.000000000
29 53 7 12021 512 2.000000000
29 54 7 12022 512 2.000000000
29 55 7 12023 512 2.000000000
29 56 7 12024 512 2.000000000
29 57 7 12025 512 2.000000000
29 58 7 12026 512 2.000000000
29 59 7 12027 512 2.000000000
29 60 7 12028 512 2.000000000
29 61 7 12029 512 2.000000000
29 62 7 12030 512 2.000000000
29 63 7 12031 512 2.000000000
30 0 7 12032 512 2.000000000
30 1 7 12033 512 2.000000000
30 2 7 12034 512 2.000000000
30 3 7 12035 512 2.000000000
30 4 7 12036 512 2.000000000
30 5 7 12037 512 2.000000000
30 6 7 12038 512 2.000000000
30 7 7 12039 512 2.000000000
30 8 7 12040 512 2.000000000
30 9 7 12041 512 2.000000000
30 10 7 12042 512 2.000000000
30 11 7 12043 512 2.000000000
30 12 7 12044 512 2.000000000
30 13 7 12045 512 2.000000000
30 14 7 12046 512 2.000000000
30 15 7 12047 512 2.000000000
30 16 7 12048 512 2.000000000
30 17 7 12049 512 2.000000000
30 18 7 12050 512 2.000000000
30 19 7 12051 512 2.000000000
30 20 7 12052 512 2.000000000
30 21 7 12053 512 2.000000000
30 22 7 12054 512 2.000000000
30 23 7 12055 512 2.000000000
30 32 7 12056 512 2.000000000
30 33 7 12057 512 2.000000000
30 34 7 12058 512 2.000000000
30 35 7 12059 512 2.000000000
30 36 7 12060 512 2.000000000
30 37 7 12061 512 2.000000000
30 38 7 12062 512 2.000000000
30 39 7 12063 512 2.000000000
30 40 7 12064 512 2.000000000
30 41 7 12065 512 2.000000000
30 42 7 12066 512 2.000000000
30 43 7 12067 512 2.000000000
30 44 7 12068 512 2.000000000
30 45 7 12069 512 2.000000000
30 46 7 12070 512 2.000000000
30 47 7 12071 512 2.000000000
30 48 7 12072 512 2.000000000
30 49 7 12073 512 2.000000000
30 50 7 12074 512 2.000000000
30 51 7 12075 512 2.000000000
30 52 7 12076 512 2.000000000
30 53 7 12077 512 2.000000000
30 54 7 12078 512 2.000000000
30 55 7 12079 512 2.000000000
30 56 7 12080 512 2.000000000
30 57 7 12081 512 2.000000000
30 58 7 12082 512 2.000000000
30 59 7 12083 512 2.000000000
30 60 7 12084 512 2.000000000
30 61 7 12085 512 2.000000000
30 62 7 12086 512 2.000000000
30 63 7 12087 512 2.000000000
31 0 7 12088 512 2.000000000
31 1 7 12089 512 2.000000000
31 2 7 12090 512 2.000000000
31 3 7 12091 512 2.000000000
31 4 7 12092 512 2.000000000
31 5 7 12093 512 2.000000000
31 6 7 12094 512 2.000000000
31 7 7 12095 512 2.000000000
31 8 7 12096 512 2.000000000
31 9 7 12097 512 2.000000000
31 10 7 12098 512 2.000000000
31 11 7 12099 512 2.000000000
31 12 7 12100 512 2.000000000
31 13 7 12101 512 2.000000000
31 14 7 12102 512 2.000000000
31 15 7 12103 512 2.000000000
31 16 7 12104 512 2.000000000
31 17 7 12105 512 2.000000000
31 18 7 12106 512 2.000000000
31 19 7 12107 512 2.000000000
31 20 7 12108 512 2.000000000
31 21 7 12109 512 2.000000000
31 22 7 12110 512 2.000000000
31 23 7 12111 512 2.000000000
31 32 7 12112 512 2.000000000
31 33 7 12113 512 2.000000000
31 34 7 12114 512 2.000000000
31 35 7 12115 512 2.000000000
31 36 7 12116 512 2.000000000
31 37 7 12117 512 2.000000000
31 38 7 12118 512 2.000000000
31 39 7 12119 512 2.000000000
31 40 7 12120 512 2.000000000
31 41 7 12121 512 2.000000000
31 42 7 12122 512 2.000000000
31 43 7 12123 512 2.000000000
31 44 7 12124 512 2.000000000
31 45 7 12125 512 2.000000000
31 46 7 12126 512 2.000000000
31 47 7 12127 512 2.000000000
31 48 7 12128 512 2.000000000
31 49 7 12129 512 2.000000000
31 50 7 12130 512 2.000000000
31 51 7 12131 512 2.000000000
31 52 7 12132 512 2.000000000
31 53 7 12133 512 2.000000000
31 54 7 12134 512 2.000000000
31 55 7 12135 512 2.000000000
31 56 7 12136 512 2.000000000
31 57 7 12137 512 2.000000000
31 58 7 12138 512 2.000000000
31 59 7 12139 512 2.000000000
31 60 7 12140 512 2.000000000
31 61 7 12141 512 2.000000000
31 62 7 12142 512 2.000000000
31 63 7 12143 512 2.000000000
0 64 7 12144 512 2.000000000
1 65 7 12145 512 2.000000000
2 66 7 12146 512 2.000000000
3 67 7 12147 512 2.000000000
4 68 7 12148 512 2.000000000
5 69 7 12149 512 2.000000000
6 70 7 12150 512 2.000000000
7 71 7 12151 512 2.000000000
8 72 7 12152 512 2.000000000
9 73 7 12153 512 2.000000000
10 74 7 12154 512 2.000000000
11 75 7 12155 512 2.000000000
12 76 7 12156 512 2.000000000
13 77 7 12157 512 2.000000000
14 78 7 12158 512 2.000000000
15 79 7 12159 512 2.000000000
16 80 7 12160 512 2.000000000
17 81 7 12161 512 2.000000000
18 82 7 12162 512 2.000000000
19 83 7 12163 512 2.000000000
20 84 7 12164 512 2.000000000
21 85 7 12165 512 2.000000000
22 86 7 12166 512 2.000000000
23 87 7 12167 512 2.000000000
24 88 7 12168 512 2.000000000
25 89 7 12169 512 2.000000000
26 90 7 12170 512 2.000000000
27 91 7 12171 512 2.000000000
28 92 7 12172 512 2.000000000
29 93 7 12173 512 2.000000000
30 94 7 12174 512 2.000000000
31 95 7 12175 512 2.000000000
