2176
0 4096 7 10000 1 2.000000000
1 4097 7 10001 1 2.000000000
2 4098 7 10002 1 2.000000000
3 4099 7 10003 1 2.000000000
4 4100 7 10004 1 2.000000000
5 4101 7 10005 1 2.000000000
6 4102 7 10006 1 2.000000000
7 4103 7 10007 1 2.000000000
8 4104 7 10008 1 2.000000000
9 4105 7 10009 1 2.000000000
10 4106 7 10010 1 2.000000000
11 4107 7 10011 1 2.000000000
12 4108 7 10012 1 2.000000000
13 4109 7 10013 1 2.000000000
14 4110 7 10014 1 2.000000000
15 4111 7 10015 1 2.000000000
16 4112 7 10016 1 2.000000000
17 4113 7 10017 1 2.000000000
18 4114 7 10018 1 2.000000000
19 4115 7 10019 1 2.000000000
20 4116 7 10020 1 2.000000000
21 4117 7 10021 1 2.000000000
22 4118 7 10022 1 2.000000000
23 4119 7 10023 1 2.000000000
24 4120 7 10024 1 2.000000000
25 4121 7 10025 1 2.000000000
26 4122 7 10026 1 2.000000000
27 4123 7 10027 1 2.000000000
28 4124 7 10028 1 2.000000000
29 4125 7 10029 1 2.000000000
30 4126 7 10030 1 2.000000000
31 4127 7 10031 1 2.000000000
0 32768 7 10032 1 2.000000000
8 32776 7 10033 1 2.000000000
16 32784 7 10034 1 2.000000000
24 32792 7 10035 1 2.000000000
0 16384 7 10036 1 2.000000000
8 16392 7 10037 1 2.000000000
16 16400 7 10038 1 2.000000000
24 16408 7 10039 1 2.000000000
0 8192 7 10040 1 2.000000000
8 8200 7 10041 1 2.000000000
16 8208 7 10042 1 2.000000000
24 8216 7 10043 1 2.000000000
0 512 7 10044 1 2.000000000
8 520 7 10045 1 2.000000000
16 528 7 10046 1 2.000000000
24 536 7 10047 1 2.000000000
0 256 7 10048 1 2.000000000
8 264 7 10049 1 2.000000000
16 272 7 10050 1 2.000000000
24 280 7 10051 1 2.000000000
0 128 7 10052 1 2.000000000
8 136 7 10053 1 2.000000000
16 144 7 10054 1 2.000000000
24 152 7 10055 1 2.000000000
0 64 7 10056 1 2.000000000
8 72 7 10057 1 2.000000000
16 80 7 10058 1 2.000000000
24 88 7 10059 1 2.000000000
0 32 7 10060 1 2.000000000
8 40 7 10061 1 2.000000000
16 48 7 10062 1 2.000000000
24 56 7 10063 1 2.000000000
0 16 7 10064 1 2.000000000
16 0 7 10065 1 2.000000000
8 24 7 10066 1 2.000000000
24 8 7 10067 1 2.000000000
0 8 7 10068 1 2.000000000
8 0 7 10069 1 2.000000000
16 24 7 10070 1 2.000000000
24 16 7 10071 1 2.000000000
1 32769 7 10072 1 2.000000000
9 32777 7 10073 1 2.000000000
17 32785 7 10074 1 2.000000000
25 32793 7 10075 1 2.000000000
1 16385 7 10076 1 2.000000000
9 16393 7 10077 1 2.000000000
17 16401 7 10078 1 2.000000000
25 16409 7 10079 1 2.000000000
1 8193 7 10080 1 2.000000000
9 8201 7 10081 1 2.000000000
17 8209 7 10082 1 2.000000000
25 8217 7 10083 1 2.000000000
1 513 7 10084 1 2.000000000
9 521 7 10085 1 2.000000000
17 529 7 10086 1 2.000000000
25 537 7 10087 1 2.000000000
1 257 7 10088 1 2.000000000
9 265 7 10089 1 2.000000000
17 273 7 10090 1 2.000000000
25 281 7 10091 1 2.000000000
1 129 7 10092 1 2.000000000
9 137 7 10093 1 2.000000000
17 145 7 10094 1 2.000000000
25 153 7 10095 1 2.000000000
1 65 7 10096 1 2.000000000
9 73 7 10097 1 2.000000000
17 81 7 10098 1 2.000000000
25 89 7 10099 1 2.000000000
1 33 7 10100 1 2.000000000
9 41 7 10101 1 2.000000000
17 49 7 10102 1 2.000000000
25 57 7 10103 1 2.000000000
1 17 7 10104 1 2.000000000
17 1 7 10105 1 2.000000000
9 25 7 10106 1 2.000000000
25 9 7 10107 1 2.000000000
1 9 7 10108 1 2.000000000
9 1 7 10109 1 2.000000000
17 25 7 10110 1 2.000000000
25 17 7 10111 1 2.000000000
2 32770 7 10112 1 2.000000000
10 32778 7 10113 1 2.000000000
18 32786 7 10114 1 2.000000000
26 32794 7 10115 1 2.000000000
2 16386 7 10116 1 2.000000000
10 16394 7 10117 1 2.000000000
18 16402 7 10118 1 2.000000000
26 16410 7 10119 1 2.000000000
2 8194 7 10120 1 2.000000000
10 8202 7 10121 1 2.000000000
18 8210 7 10122 1 2.000000000
26 8218 7 10123 1 2.000000000
2 514 7 10124 1 2.000000000
10 522 7 10125 1 2.000000000
18 530 7 10126 1 2.000000000
26 538 7 10127 1 2.000000000
2 258 7 10128 1 2.000000000
10 266 7 10129 1 2.000000000
18 274 7 10130 1 2.000000000
26 282 7 10131 1 2.000000000
2 130 7 10132 1 2.000000000
10 138 7 10133 1 2.000000000
18 146 7 10134 1 2.000000000
26 154 7 10135 1 2.000000000
2 66 7 10136 1 2.000000000
10 74 7 10137 1 2.000000000
18 82 7 10138 1 2.000000000
26 90 7 10139 1 2.000000000
2 34 7 10140 1 2.000000000
10 42 7 10141 1 2.000000000
18 50 7 10142 1 2.000000000
26 58 7 10143 1 2.000000000
2 18 7 10144 1 2.000000000
18 2 7 10145 1 2.000000000
10 26 7 10146 1 2.000000000
26 10 7 10147 1 2.000000000
2 10 7 10148 1 2.000000000
10 2 7 10149 1 2.000000000
18 26 7 10150 1 2.000000000
26 18 7 10151 1 2.000000000
3 32771 7 10152 1 2.000000000
11 32779 7 10153 1 2.000000000
19 32787 7 10154 1 2.000000000
27 32795 7 10155 1 2.000000000
3 16387 7 10156 1 2.000000000
11 16395 7 10157 1 2.000000000
19 16403 7 10158 1 2.000000000
27 16411 7 10159 1 2.000000000
3 8195 7 10160 1 2.000000000
11 8203 7 10161 1 2.000000000
19 8211 7 10162 1 2.000000000
27 8219 7 10163 1 2.000000000
3 515 7 10164 1 2.000000000
11 523 7 10165 1 2.000000000
19 531 7 10166 1 2.000000000
27 539 7 10167 1 2.000000000
3 259 7 10168 1 2.000000000
11 267 7 10169 1 2.000000000
19 275 7 10170 1 2.000000000
27 283 7 10171 1 2.000000000
3 131 7 10172 1 2.000000000
11 139 7 10173 1 2.000000000
19 147 7 10174 1 2.000000000
27 155 7 10175 1 2.000000000
3 67 7 10176 1 2.000000000
11 75 7 10177 1 2.000000000
19 83 7 10178 1 2.000000000
27 91 7 10179 1 2.000000000
3 35 7 10180 1 2.000000000
11 43 7 10181 1 2.000000000
19 51 7 10182 1 2.000000000
27 59 7 10183 1 2.000000000
3 19 7 10184 1 2.000000000
19 3 7 10185 1 2.000000000
11 27 7 10186 1 2.000000000
27 11 7 10187 1 2.000000000
3 11 7 10188 1 2.000000000
11 3 7 10189 1 2.000000000
19 27 7 10190 1 2.000000000
27 19 7 10191 1 2.000000000
4 32772 7 10192 1 2.000000000
12 32780 7 10193 1 2.000000000
20 32788 7 10194 1 2.000000000
28 32796 7 10195 1 2.000000000
4 16388 7 10196 1 2.000000000
12 16396 7 10197 1 2.000000000
20 16404 7 10198 1 2.000000000
28 16412 7 10199 1 2.000000000
4 8196 7 10200 1 2.000000000
12 8204 7 10201 1 2.000000000
20 8212 7 10202 1 2.000000000
28 8220 7 10203 1 2.000000000
4 516 7 10204 1 2.000000000
12 524 7 10205 1 2.000000000
20 532 7 10206 1 2.000000000
28 540 7 10207 1 2.000000000
4 260 7 10208 1 2.000000000
12 268 7 10209 1 2.000000000
20 276 7 10210 1 2.000000000
28 284 7 10211 1 2.000000000
4 132 7 10212 1 2.000000000
12 140 7 10213 1 2.000000000
20 148 7 10214 1 2.000000000
28 156 7 10215 1 2.000000000
4 68 7 10216 1 2.000000000
12 76 7 10217 1 2.000000000
20 84 7 10218 1 2.000000000
28 92 7 10219 1 2.000000000
4 36 7 10220 1 2.000000000
12 44 7 10221 1 2.000000000
20 52 7 10222 1 2.000000000
28 60 7 10223 1 2.000000000
4 20 7 10224 1 2.000000000
20 4 7 10225 1 2.000000000
12 28 7 10226 1 2.000000000
28 12 7 10227 1 2.000000000
4 12 7 10228 1 2.000000000
12 4 7 10229 1 2.000000000
20 28 7 10230 1 2.000000000
28 20 7 10231 1 2.000000000
5 32773 7 10232 1 2.000000000
13 32781 7 10233 1 2.000000000
21 32789 7 10234 1 2.000000000
29 32797 7 10235 1 2.000000000
5 16389 7 10236 1 2.000000000
13 16397 7 10237 1 2.000000000
21 16405 7 10238 1 2.000000000
29 16413 7 10239 1 2.000000000
5 8197 7 10240 1 2.000000000
13 8205 7 10241 1 2.000000000
21 8213 7 10242 1 2.000000000
29 8221 7 10243 1 2.000000000
5 517 7 10244 1 2.000000000
13 525 7 10245 1 2.000000000
21 533 7 10246 1 2.000000000
29 541 7 10247 1 2.000000000
5 261 7 10248 1 2.000000000
13 269 7 10249 1 2.000000000
21 277 7 10250 1 2.000000000
29 285 7 10251 1 2.000000000
5 133 7 10252 1 2.000000000
13 141 7 10253 1 2.000000000
21 149 7 10254 1 2.000000000
29 157 7 10255 1 2.000000000
5 69 7 10256 1 2.000000000
13 77 7 10257 1 2.000000000
21 85 7 10258 1 2.000000000
29 93 7 10259 1 2.000000000
5 37 7 10260 1 2.000000000
13 45 7 10261 1 2.000000000
21 53 7 10262 1 2.000000000
29 61 7 10263 1 2.000000000
5 21 7 10264 1 2.000000000
21 5 7 10265 1 2.000000000
13 29 7 10266 1 2.000000000
29 13 7 10267 1 2.000000000
5 13 7 10268 1 2.000000000
13 5 7 10269 1 2.000000000
21 29 7 10270 1 2.000000000
29 21 7 10271 1 2.000000000
6 32774 7 10272 1 2.000000000
14 32782 7 10273 1 2.000000000
22 32790 7 10274 1 2.000000000
30 32798 7 10275 1 2.000000000
6 16390 7 10276 1 2.000000000
14 16398 7 10277 1 2.000000000
22 16406 7 10278 1 2.000000000
30 16414 7 10279 1 2.000000000
6 8198 7 10280 1 2.000000000
14 8206 7 10281 1 2.000000000
22 8214 7 10282 1 2.000000000
30 8222 7 10283 1 2.000000000
6 518 7 10284 1 2.000000000
14 526 7 10285 1 2.000000000
22 534 7 10286 1 2.000000000
30 542 7 10287 1 2.000000000
6 262 7 10288 1 2.000000000
14 270 7 10289 1 2.000000000
22 278 7 10290 1 2.000000000
30 286 7 10291 1 2.000000000
6 134 7 10292 1 2.000000000
14 142 7 10293 1 2.000000000
22 150 7 10294 1 2.000000000
30 158 7 10295 1 2.000000000
6 70 7 10296 1 2.000000000
14 78 7 10297 1 2.000000000
22 86 7 10298 1 2.000000000
30 94 7 10299 1 2.000000000
6 38 7 10300 1 2.000000000
14 46 7 10301 1 2.000000000
22 54 7 10302 1 2.000000000
30 62 7 10303 1 2.000000000
6 22 7 10304 1 2.000000000
22 6 7 10305 1 2.000000000
14 30 7 10306 1 2.000000000
30 14 7 10307 1 2.000000000
6 14 7 10308 1 2.000000000
14 6 7 10309 1 2.000000000
22 30 7 10310 1 2.000000000
30 22 7 10311 1 2.000000000
7 32775 7 10312 1 2.000000000
15 32783 7 10313 1 2.000000000
23 32791 7 10314 1 2.000000000
31 32799 7 10315 1 2.000000000
7 16391 7 10316 1 2.000000000
15 16399 7 10317 1 2.000000000
23 16407 7 10318 1 2.000000000
31 16415 7 10319 1 2.000000000
7 8199 7 10320 1 2.000000000
15 8207 7 10321 1 2.000000000
23 8215 7 10322 1 2.000000000
31 8223 7 10323 1 2.000000000
7 519 7 10324 1 2.000000000
15 527 7 10325 1 2.000000000
23 535 7 10326 1 2.000000000
31 543 7 10327 1 2.000000000
7 263 7 10328 1 2.000000000
15 271 7 10329 1 2.000000000
23 279 7 10330 1 2.000000000
31 287 7 10331 1 2.000000000
7 135 7 10332 1 2.000000000
15 143 7 10333 1 2.000000000
23 151 7 10334 1 2.000000000
31 159 7 10335 1 2.000000000
7 71 7 10336 1 2.000000000
15 79 7 10337 1 2.000000000
23 87 7 10338 1 2.000000000
31 95 7 10339 1 2.000000000
7 39 7 10340 1 2.000000000
15 47 7 10341 1 2.000000000
23 55 7 10342 1 2.000000000
31 63 7 10343 1 2.000000000
7 23 7 10344 1 2.000000000
23 7 7 10345 1 2.000000000
15 31 7 10346 1 2.000000000
31 15 7 10347 1 2.000000000
7 15 7 10348 1 2.000000000
15 7 7 10349 1 2.000000000
23 31 7 10350 1 2.000000000
31 23 7 10351 1 2.000000000
0 8 7 10352 1 2.000000000
0 9 7 10353 1 2.000000000
0 10 7 10354 1 2.000000000
0 11 7 10355 1 2.000000000
0 12 7 10356 1 2.000000000
0 13 7 10357 1 2.000000000
0 14 7 10358 1 2.000000000
0 15 7 10359 1 2.000000000
0 16 7 10360 1 2.000000000
0 17 7 10361 1 2.000000000
0 18 7 10362 1 2.000000000
0 19 7 10363 1 2.000000000
0 20 7 10364 1 2.000000000
0 21 7 10365 1 2.000000000
0 22 7 10366 1 2.000000000
0 23 7 10367 1 2.000000000
0 24 7 10368 1 2.000000000
0 25 7 10369 1 2.000000000
0 26 7 10370 1 2.000000000
0 27 7 10371 1 2.000000000
0 28 7 10372 1 2.000000000
0 29 7 10373 1 2.000000000
0 30 7 10374 1 2.000000000
0 31 7 10375 1 2.000000000
0 32 7 10376 1 2.000000000
0 33 7 10377 1 2.000000000
0 34 7 10378 1 2.000000000
0 35 7 10379 1 2.000000000
0 36 7 10380 1 2.000000000
0 37 7 10381 1 2.000000000
0 38 7 10382 1 2.000000000
0 39 7 10383 1 2.000000000
0 40 7 10384 1 2.000000000
0 41 7 10385 1 2.000000000
0 42 7 10386 1 2.000000000
0 43 7 10387 1 2.000000000
0 44 7 10388 1 2.000000000
0 45 7 10389 1 2.000000000
0 46 7 10390 1 2.000000000
0 47 7 10391 1 2.000000000
0 48 7 10392 1 2.000000000
0 49 7 10393 1 2.000000000
0 50 7 10394 1 2.000000000
0 51 7 10395 1 2.000000000
0 52 7 10396 1 2.000000000
0 53 7 10397 1 2.000000000
0 54 7 10398 1 2.000000000
0 55 7 10399 1 2.000000000
0 56 7 10400 1 2.000000000
0 57 7 10401 1 2.000000000
0 58 7 10402 1 2.000000000
0 59 7 10403 1 2.000000000
0 60 7 10404 1 2.000000000
0 61 7 10405 1 2.000000000
0 62 7 10406 1 2.000000000
0 63 7 10407 1 2.000000000
1 8 7 10408 1 2.000000000
1 9 7 10409 1 2.000000000
1 10 7 10410 1 2.000000000
1 11 7 10411 1 2.000000000
1 12 7 10412 1 2.000000000
1 13 7 10413 1 2.000000000
1 14 7 10414 1 2.000000000
1 15 7 10415 1 2.000000000
1 16 7 10416 1 2.000000000
1 17 7 10417 1 2.000000000
1 18 7 10418 1 2.000000000
1 19 7 10419 1 2.000000000
1 20 7 10420 1 2.000000000
1 21 7 10421 1 2.000000000
1 22 7 10422 1 2.000000000
1 23 7 10423 1 2.000000000
1 24 7 10424 1 2.000000000
1 25 7 10425 1 2.000000000
1 26 7 10426 1 2.000000000
1 27 7 10427 1 2.000000000
1 28 7 10428 1 2.000000000
1 29 7 10429 1 2.000000000
1 30 7 10430 1 2.000000000
1 31 7 10431 1 2.000000000
1 32 7 10432 1 2.000000000
1 33 7 10433 1 2.000000000
1 34 7 10434 1 2.000000000
1 35 7 10435 1 2.000000000
1 36 7 10436 1 2.000000000
1 37 7 10437 1 2.000000000
1 38 7 10438 1 2.000000000
1 39 7 10439 1 2.000000000
1 40 7 10440 1 2.000000000
1 41 7 10441 1 2.000000000
1 42 7 10442 1 2.000000000
1 43 7 10443 1 2.000000000
1 44 7 10444 1 2.000000000
1 45 7 10445 1 2.000000000
1 46 7 10446 1 2.000000000
1 47 7 10447 1 2.000000000
1 48 7 10448 1 2.000000000
1 49 7 10449 1 2.000000000
1 50 7 10450 1 2.000000000
1 51 7 10451 1 2.000000000
1 52 7 10452 1 2.000000000
1 53 7 10453 1 2.000000000
1 54 7 10454 1 2.000000000
1 55 7 10455 1 2.000000000
1 56 7 10456 1 2.000000000
1 57 7 10457 1 2.000000000
1 58 7 10458 1 2.000000000
1 59 7 10459 1 2.000000000
1 60 7 10460 1 2.000000000
1 61 7 10461 1 2.000000000
1 62 7 10462 1 2.000000000
1 63 7 10463 1 2.000000000
2 8 7 10464 1 2.000000000
2 9 7 10465 1 2.000000000
2 10 7 10466 1 2.000000000
2 11 7 10467 1 2.000000000
2 12 7 10468 1 2.000000000
2 13 7 10469 1 2.000000000
2 14 7 10470 1 2.000000000
2 15 7 10471 1 2.000000000
2 16 7 10472 1 2.000000000
2 17 7 10473 1 2.000000000
2 18 7 10474 1 2.000000000
2 19 7 10475 1 2.000000000
2 20 7 10476 1 2.000000000
2 21 7 10477 1 2.000000000
2 22 7 10478 1 2.000000000
2 23 7 10479 1 2.000000000
2 24 7 10480 1 2.000000000
2 25 7 10481 1 2.000000000
2 26 7 10482 1 2.000000000
2 27 7 10483 1 2.000000000
2 28 7 10484 1 2.000000000
2 29 7 10485 1 2.000000000
2 30 7 10486 1 2.000000000
2 31 7 10487 1 2.000000000
2 32 7 10488 1 2.000000000
2 33 7 10489 1 2.000000000
2 34 7 10490 1 2.000000000
2 35 7 10491 1 2.000000000
2 36 7 10492 1 2.000000000
2 37 7 10493 1 2.000000000
2 38 7 10494 1 2.000000000
2 39 7 10495 1 2.000000000
2 40 7 10496 1 2.000000000
2 41 7 10497 1 2.000000000
2 42 7 10498 1 2.000000000
2 43 7 10499 1 2.000000000
2 44 7 10500 1 2.000000000
2 45 7 10501 1 2.000000000
2 46 7 10502 1 2.000000000
2 47 7 10503 1 2.000000000
2 48 7 10504 1 2.000000000
2 49 7 10505 1 2.000000000
2 50 7 10506 1 2.000000000
2 51 7 10507 1 2.000000000
2 52 7 10508 1 2.000000000
2 53 7 10509 1 2.000000000
2 54 7 10510 1 2.000000000
2 55 7 10511 1 2.000000000
2 56 7 10512 1 2.000000000
2 57 7 10513 1 2.000000000
2 58 7 10514 1 2.000000000
2 59 7 10515 1 2.000000000
2 60 7 10516 1 2.000000000
2 61 7 10517 1 2.000000000
2 62 7 10518 1 2.000000000
2 63 7 10519 1 2.000000000
3 8 7 10520 1 2.000000000
3 9 7 10521 1 2.000000000
3 10 7 10522 1 2.000000000
3 11 7 10523 1 2.000000000
3 12 7 10524 1 2.000000000
3 13 7 10525 1 2.000000000
3 14 7 10526 1 2.000000000
3 15 7 10527 1 2.000000000
3 16 7 10528 1 2.000000000
3 17 7 10529 1 2.000000000
3 18 7 10530 1 2.000000000
3 19 7 10531 1 2.000000000
3 20 7 10532 1 2.000000000
3 21 7 10533 1 2.000000000
3 22 7 10534 1 2.000000000
3 23 7 10535 1 2.000000000
3 24 7 10536 1 2.000000000
3 25 7 10537 1 2.000000000
3 26 7 10538 1 2.000000000
3 27 7 10539 1 2.000000000
3 28 7 10540 1 2.000000000
3 29 7 10541 1 2.000000000
3 30 7 10542 1 2.000000000
3 31 7 10543 1 2.000000000
3 32 7 10544 1 2.000000000
3 33 7 10545 1 2.000000000
3 34 7 10546 1 2.000000000
3 35 7 10547 1 2.000000000
3 36 7 10548 1 2.000000000
3 37 7 10549 1 2.000000000
3 38 7 10550 1 2.000000000
3 39 7 10551 1 2.000000000
3 40 7 10552 1 2.000000000
3 41 7 10553 1 2.000000000
3 42 7 10554 1 2.000000000
3 43 7 10555 1 2.000000000
3 44 7 10556 1 2.000000000
3 45 7 10557 1 2.000000000
3 46 7 10558 1 2.000000000
3 47 7 10559 1 2.000000000
3 48 7 10560 1 2.000000000
3 49 7 10561 1 2.000000000
3 50 7 10562 1 2.000000000
3 51 7 10563 1 2.000000000
3 52 7 10564 1 2.000000000
3 53 7 10565 1 2.000000000
3 54 7 10566 1 2.000000000
3 55 7 10567 1 2.000000000
3 56 7 10568 1 2.000000000
3 57 7 10569 1 2.000000000
3 58 7 10570 1 2.000000000
3 59 7 10571 1 2.000000000
3 60 7 10572 1 2.000000000
3 61 7 10573 1 2.000000000
3 62 7 10574 1 2.000000000
3 63 7 10575 1 2.000000000
4 8 7 10576 1 2.000000000
4 9 7 10577 1 2.000000000
4 10 7 10578 1 2.000000000
4 11 7 10579 1 2.000000000
4 12 7 10580 1 2.000000000
4 13 7 10581 1 2.000000000
4 14 7 10582 1 2.000000000
4 15 7 10583 1 2.000000000
4 16 7 10584 1 2.000000000
4 17 7 10585 1 2.000000000
4 18 7 10586 1 2.000000000
4 19 7 10587 1 2.000000000
4 20 7 10588 1 2.000000000
4 21 7 10589 1 2.000000000
4 22 7 10590 1 2.000000000
4 23 7 10591 1 2.000000000
4 24 7 10592 1 2.000000000
4 25 7 10593 1 2.000000000
4 26 7 10594 1 2.000000000
4 27 7 10595 1 2.000000000
4 28 7 10596 1 2.000000000
4 29 7 10597 1 2.000000000
4 30 7 10598 1 2.000000000
4 31 7 10599 1 2.000000000
4 32 7 10600 1 2.000000000
4 33 7 10601 1 2.000000000
4 34 7 10602 1 2.000000000
4 35 7 10603 1 2.000000000
4 36 7 10604 1 2.000000000
4 37 7 10605 1 2.000000000
4 38 7 10606 1 2.000000000
4 39 7 10607 1 2.000000000
4 40 7 10608 1 2.000000000
4 41 7 10609 1 2.000000000
4 42 7 10610 1 2.000000000
4 43 7 10611 1 2.000000000
4 44 7 10612 1 2.000000000
4 45 7 10613 1 2.000000000
4 46 7 10614 1 2.000000000
4 47 7 10615 1 2.000000000
4 48 7 10616 1 2.000000000
4 49 7 10617 1 2.000000000
4 50 7 10618 1 2.000000000
4 51 7 10619 1 2.000000000
4 52 7 10620 1 2.000000000
4 53 7 10621 1 2.000000000
4 54 7 10622 1 2.000000000
4 55 7 10623 1 2.000000000
4 56 7 10624 1 2.000000000
4 57 7 10625 1 2.000000000
4 58 7 10626 1 2.000000000
4 59 7 10627 1 2.000000000
4 60 7 10628 1 2.000000000
4 61 7 10629 1 2.000000000
4 62 7 10630 1 2.000000000
4 63 7 10631 1 2.000000000
5 8 7 10632 1 2.000000000
5 9 7 10633 1 2.000000000
5 10 7 10634 1 2.000000000
5 11 7 10635 1 2.000000000
5 12 7 10636 1 2.000000000
5 13 7 10637 1 2.000000000
5 14 7 10638 1 2.000000000
5 15 7 10639 1 2.000000000
5 16 7 10640 1 2.000000000
5 17 7 10641 1 2.000000000
5 18 7 10642 1 2.000000000
5 19 7 10643 1 2.000000000
5 20 7 10644 1 2.000000000
5 21 7 10645 1 2.000000000
5 22 7 10646 1 2.000000000
5 23 7 10647 1 2.000000000
5 24 7 10648 1 2.000000000
5 25 7 10649 1 2.000000000
5 26 7 10650 1 2.000000000
5 27 7 10651 1 2.000000000
5 28 7 10652 1 2.000000000
5 29 7 10653 1 2.000000000
5 30 7 10654 1 2.000000000
5 31 7 10655 1 2.000000000
5 32 7 10656 1 2.000000000
5 33 7 10657 1 2.000000000
5 34 7 10658 1 2.000000000
5 35 7 10659 1 2.000000000
5 36 7 10660 1 2.000000000
5 37 7 10661 1 2.000000000
5 38 7 10662 1 2.000000000
5 39 7 10663 1 2.000000000
5 40 7 10664 1 2.000000000
5 41 7 10665 1 2.000000000
5 42 7 10666 1 2.000000000
5 43 7 10667 1 2.000000000
5 44 7 10668 1 2.000000000
5 45 7 10669 1 2.000000000
5 46 7 10670 1 2.000000000
5 47 7 10671 1 2.000000000
5 48 7 10672 1 2.000000000
5 49 7 10673 1 2.000000000
5 50 7 10674 1 2.000000000
5 51 7 10675 1 2.000000000
5 52 7 10676 1 2.000000000
5 53 7 10677 1 2.000000000
5 54 7 10678 1 2.000000000
5 55 7 10679 1 2.000000000
5 56 7 10680 1 2.000000000
5 57 7 10681 1 2.000000000
5 58 7 10682 1 2.000000000
5 59 7 10683 1 2.000000000
5 60 7 10684 1 2.000000000
5 61 7 10685 1 2.000000000
5 62 7 10686 1 2.000000000
5 63 7 10687 1 2.000000000
6 8 7 10688 1 2.000000000
6 9 7 10689 1 2.000000000
6 10 7 10690 1 2.000000000
6 11 7 10691 1 2.000000000
6 12 7 10692 1 2.000000000
6 13 7 10693 1 2.000000000
6 14 7 10694 1 2.000000000
6 15 7 10695 1 2.000000000
6 16 7 10696 1 2.000000000
6 17 7 10697 1 2.000000000
6 18 7 10698 1 2.000000000
6 19 7 10699 1 2.000000000
6 20 7 10700 1 2.000000000
6 21 7 10701 1 2.000000000
6 22 7 10702 1 2.000000000
6 23 7 10703 1 2.000000000
6 24 7 10704 1 2.000000000
6 25 7 10705 1 2.000000000
6 26 7 10706 1 2.000000000
6 27 7 10707 1 2.000000000
6 28 7 10708 1 2.000000000
6 29 7 10709 1 2.000000000
6 30 7 10710 1 2.000000000
6 31 7 10711 1 2.000000000
6 32 7 10712 1 2.000000000
6 33 7 10713 1 2.000000000
6 34 7 10714 1 2.000000000
6 35 7 10715 1 2.000000000
6 36 7 10716 1 2.000000000
6 37 7 10717 1 2.000000000
6 38 7 10718 1 2.000000000
6 39 7 10719 1 2.000000000
6 40 7 10720 1 2.000000000
6 41 7 10721 1 2.000000000
6 42 7 10722 1 2.000000000
6 43 7 10723 1 2.000000000
6 44 7 10724 1 2.000000000
6 45 7 10725 1 2.000000000
6 46 7 10726 1 2.000000000
6 47 7 10727 1 2.000000000
6 48 7 10728 1 2.000000000
6 49 7 10729 1 2.000000000
6 50 7 10730 1 2.000000000
6 51 7 10731 1 2.000000000
6 52 7 10732 1 2.000000000
6 53 7 10733 1 2.000000000
6 54 7 10734 1 2.000000000
6 55 7 10735 1 2.000000000
6 56 7 10736 1 2.000000000
6 57 7 10737 1 2.000000000
6 58 7 10738 1 2.000000000
6 59 7 10739 1 2.000000000
6 60 7 10740 1 2.000000000
6 61 7 10741 1 2.000000000
6 62 7 10742 1 2.000000000
6 63 7 10743 1 2.000000000
7 8 7 10744 1 2.000000000
7 9 7 10745 1 2.000000000
7 10 7 10746 1 2.000000000
7 11 7 10747 1 2.000000000
7 12 7 10748 1 2.000000000
7 13 7 10749 1 2.000000000
7 14 7 10750 1 2.000000000
7 15 7 10751 1 2.000000000
7 16 7 10752 1 2.000000000
7 17 7 10753 1 2.000000000
7 18 7 10754 1 2.000000000
7 19 7 10755 1 2.000000000
7 20 7 10756 1 2.000000000
7 21 7 10757 1 2.000000000
7 22 7 10758 1 2.000000000
7 23 7 10759 1 2.000000000
7 24 7 10760 1 2.000000000
7 25 7 10761 1 2.000000000
7 26 7 10762 1 2.000000000
7 27 7 10763 1 2.000000000
7 28 7 10764 1 2.000000000
7 29 7 10765 1 2.000000000
7 30 7 10766 1 2.000000000
7 31 7 10767 1 2.000000000
7 32 7 10768 1 2.000000000
7 33 7 10769 1 2.000000000
7 34 7 10770 1 2.000000000
7 35 7 10771 1 2.000000000
7 36 7 10772 1 2.000000000
7 37 7 10773 1 2.000000000
7 38 7 10774 1 2.000000000
7 39 7 10775 1 2.000000000
7 40 7 10776 1 2.000000000
7 41 7 10777 1 2.000000000
7 42 7 10778 1 2.000000000
7 43 7 10779 1 2.000000000
7 44 7 10780 1 2.000000000
7 45 7 10781 1 2.000000000
7 46 7 10782 1 2.000000000
7 47 7 10783 1 2.000000000
7 48 7 10784 1 2.000000000
7 49 7 10785 1 2.000000000
7 50 7 10786 1 2.000000000
7 51 7 10787 1 2.000000000
7 52 7 10788 1 2.000000000
7 53 7 10789 1 2.000000000
7 54 7 10790 1 2.000000000
7 55 7 10791 1 2.000000000
7 56 7 10792 1 2.000000000
7 57 7 10793 1 2.000000000
7 58 7 10794 1 2.000000000
7 59 7 10795 1 2.000000000
7 60 7 10796 1 2.000000000
7 61 7 10797 1 2.000000000
7 62 7 10798 1 2.000000000
7 63 7 10799 1 2.000000000
8 0 7 10800 1 2.000000000
8 1 7 10801 1 2.000000000
8 2 7 10802 1 2.000000000
8 3 7 10803 1 2.000000000
8 4 7 10804 1 2.000000000
8 5 7 10805 1 2.000000000
8 6 7 10806 1 2.000000000
8 7 7 10807 1 2.000000000
8 16 7 10808 1 2.000000000
8 17 7 10809 1 2.000000000
8 18 7 10810 1 2.000000000
8 19 7 10811 1 2.000000000
8 20 7 10812 1 2.000000000
8 21 7 10813 1 2.000000000
8 22 7 10814 1 2.000000000
8 23 7 10815 1 2.000000000
8 24 7 10816 1 2.000000000
8 25 7 10817 1 2.000000000
8 26 7 10818 1 2.000000000
8 27 7 10819 1 2.000000000
8 28 7 10820 1 2.000000000
8 29 7 10821 1 2.000000000
8 30 7 10822 1 2.000000000
8 31 7 10823 1 2.000000000
8 32 7 10824 1 2.000000000
8 33 7 10825 1 2.000000000
8 34 7 10826 1 2.000000000
8 35 7 10827 1 2.000000000
8 36 7 10828 1 2.000000000
8 37 7 10829 1 2.000000000
8 38 7 10830 1 2.000000000
8 39 7 10831 1 2.000000000
8 40 7 10832 1 2.000000000
8 41 7 10833 1 2.000000000
8 42 7 10834 1 2.000000000
8 43 7 10835 1 2.000000000
8 44 7 10836 1 2.000000000
8 45 7 10837 1 2.000000000
8 46 7 10838 1 2.000000000
8 47 7 10839 1 2.000000000
8 48 7 10840 1 2.000000000
8 49 7 10841 1 2.000000000
8 50 7 10842 1 2.000000000
8 51 7 10843 1 2.000000000
8 52 7 10844 1 2.000000000
8 53 7 10845 1 2.000000000
8 54 7 10846 1 2.000000000
8 55 7 10847 1 2.000000000
8 56 7 10848 1 2.000000000
8 57 7 10849 1 2.000000000
8 58 7 10850 1 2.000000000
8 59 7 10851 1 2.000000000
8 60 7 10852 1 2.000000000
8 61 7 10853 1 2.000000000
8 62 7 10854 1 2.000000000
8 63 7 10855 1 2.000000000
9 0 7 10856 1 2.000000000
9 1 7 10857 1 2.000000000
9 2 7 10858 1 2.000000000
9 3 7 10859 1 2.000000000
9 4 7 10860 1 2.000000000
9 5 7 10861 1 2.000000000
9 6 7 10862 1 2.000000000
9 7 7 10863 1 2.000000000
9 16 7 10864 1 2.000000000
9 17 7 10865 1 2.000000000
9 18 7 10866 1 2.000000000
9 19 7 10867 1 2.000000000
9 20 7 10868 1 2.000000000
9 21 7 10869 1 2.000000000
9 22 7 10870 1 2.000000000
9 23 7 10871 1 2.000000000
9 24 7 10872 1 2.000000000
9 25 7 10873 1 2.000000000
9 26 7 10874 1 2.000000000
9 27 7 10875 1 2.000000000
9 28 7 10876 1 2.000000000
9 29 7 10877 1 2.000000000
9 30 7 10878 1 2.000000000
9 31 7 10879 1 2.000000000
9 32 7 10880 1 2.000000000
9 33 7 10881 1 2.000000000
9 34 7 10882 1 2.000000000
9 35 7 10883 1 2.000000000
9 36 7 10884 1 2.000000000
9 37 7 10885 1 2.000000000
9 38 7 10886 1 2.000000000
9 39 7 10887 1 2.000000000
9 40 7 10888 1 2.000000000
9 41 7 10889 1 2.000000000
9 42 7 10890 1 2.000000000
9 43 7 10891 1 2.000000000
9 44 7 10892 1 2.000000000
9 45 7 10893 1 2.000000000
9 46 7 10894 1 2.000000000
9 47 7 10895 1 2.000000000
9 48 7 10896 1 2.000000000
9 49 7 10897 1 2.000000000
9 50 7 10898 1 2.000000000
9 51 7 10899 1 2.000000000
9 52 7 10900 1 2.000000000
9 53 7 10901 1 2.000000000
9 54 7 10902 1 2.000000000
9 55 7 10903 1 2.000000000
9 56 7 10904 1 2.000000000
9 57 7 10905 1 2.000000000
9 58 7 10906 1 2.000000000
9 59 7 10907 1 2.000000000
9 60 7 10908 1 2.000000000
9 61 7 10909 1 2.000000000
9 62 7 10910 1 2.000000000
9 63 7 10911 1 2.000000000
10 0 7 10912 1 2.000000000
10 1 7 10913 1 2.000000000
10 2 7 10914 1 2.000000000
10 3 7 10915 1 2.000000000
10 4 7 10916 1 2.000000000
10 5 7 10917 1 2.000000000
10 6 7 10918 1 2.000000000
10 7 7 10919 1 2.000000000
10 16 7 10920 1 2.000000000
10 17 7 10921 1 2.000000000
10 18 7 10922 1 2.000000000
10 19 7 10923 1 2.000000000
10 20 7 10924 1 2.000000000
10 21 7 10925 1 2.000000000
10 22 7 10926 1 2.000000000
10 23 7 10927 1 2.000000000
10 24 7 10928 1 2.000000000
10 25 7 10929 1 2.000000000
10 26 7 10930 1 2.000000000
10 27 7 10931 1 2.000000000
10 28 7 10932 1 2.000000000
10 29 7 10933 1 2.000000000
10 30 7 10934 1 2.000000000
10 31 7 10935 1 2.000000000
10 32 7 10936 1 2.000000000
10 33 7 10937 1 2.000000000
10 34 7 10938 1 2.000000000
10 35 7 10939 1 2.000000000
10 36 7 10940 1 2.000000000
10 37 7 10941 1 2.000000000
10 38 7 10942 1 2.000000000
10 39 7 10943 1 2.000000000
10 40 7 10944 1 2.000000000
10 41 7 10945 1 2.000000000
10 42 7 10946 1 2.000000000
10 43 7 10947 1 2.000000000
10 44 7 10948 1 2.000000000
10 45 7 10949 1 2.000000000
10 46 7 10950 1 2.000000000
10 47 7 10951 1 2.000000000
10 48 7 10952 1 2.000000000
10 49 7 10953 1 2.000000000
10 50 7 10954 1 2.000000000
10 51 7 10955 1 2.000000000
10 52 7 10956 1 2.000000000
10 53 7 10957 1 2.000000000
10 54 7 10958 1 2.000000000
10 55 7 10959 1 2.000000000
10 56 7 10960 1 2.000000000
10 57 7 10961 1 2.000000000
10 58 7 10962 1 2.000000000
10 59 7 10963 1 2.000000000
10 60 7 10964 1 2.000000000
10 61 7 10965 1 2.000000000
10 62 7 10966 1 2.000000000
10 63 7 10967 1 2.000000000
11 0 7 10968 1 2.000000000
11 1 7 10969 1 2.000000000
11 2 7 10970 1 2.000000000
11 3 7 10971 1 2.000000000
11 4 7 10972 1 2.000000000
11 5 7 10973 1 2.000000000
11 6 7 10974 1 2.000000000
11 7 7 10975 1 2.000000000
11 16 7 10976 1 2.000000000
11 17 7 10977 1 2.000000000
11 18 7 10978 1 2.000000000
11 19 7 10979 1 2.000000000
11 20 7 10980 1 2.000000000
11 21 7 10981 1 2.000000000
11 22 7 10982 1 2.000000000
11 23 7 10983 1 2.000000000
11 24 7 10984 1 2.000000000
11 25 7 10985 1 2.000000000
11 26 7 10986 1 2.000000000
11 27 7 10987 1 2.000000000
11 28 7 10988 1 2.000000000
11 29 7 10989 1 2.000000000
11 30 7 10990 1 2.000000000
11 31 7 10991 1 2.000000000
11 32 7 10992 1 2.000000000
11 33 7 10993 1 2.000000000
11 34 7 10994 1 2.000000000
11 35 7 10995 1 2.000000000
11 36 7 10996 1 2.000000000
11 37 7 10997 1 2.000000000
11 38 7 10998 1 2.000000000
11 39 7 10999 1 2.000000000
11 40 7 11000 1 2.000000000
11 41 7 11001 1 2.000000000
11 42 7 11002 1 2.000000000
11 43 7 11003 1 2.000000000
11 44 7 11004 1 2.000000000
11 45 7 11005 1 2.000000000
11 46 7 11006 1 2.000000000
11 47 7 11007 1 2.000000000
11 48 7 11008 1 2.000000000
11 49 7 11009 1 2.000000000
11 50 7 11010 1 2.000000000
11 51 7 11011 1 2.000000000
11 52 7 11012 1 2.000000000
11 53 7 11013 1 2.000000000
11 54 7 11014 1 2.000000000
11 55 7 11015 1 2.000000000
11 56 7 11016 1 2.000000000
11 57 7 11017 1 2.000000000
11 58 7 11018 1 2.000000000
11 59 7 11019 1 2.000000000
11 60 7 11020 1 2.000000000
11 61 7 11021 1 2.000000000
11 62 7 11022 1 2.000000000
11 63 7 11023 1 2.000000000
12 0 7 11024 1 2.000000000
12 1 7 11025 1 2.000000000
12 2 7 11026 1 2.000000000
12 3 7 11027 1 2.000000000
12 4 7 11028 1 2.000000000
12 5 7 11029 1 2.000000000
12 6 7 11030 1 2.000000000
12 7 7 11031 1 2.000000000
12 16 7 11032 1 2.000000000
12 17 7 11033 1 2.000000000
12 18 7 11034 1 2.000000000
12 19 7 11035 1 2.000000000
12 20 7 11036 1 2.000000000
12 21 7 11037 1 2.000000000
12 22 7 11038 1 2.000000000
12 23 7 11039 1 2.000000000
12 24 7 11040 1 2.000000000
12 25 7 11041 1 2.000000000
12 26 7 11042 1 2.000000000
12 27 7 11043 1 2.000000000
12 28 7 11044 1 2.000000000
12 29 7 11045 1 2.000000000
12 30 7 11046 1 2.000000000
12 31 7 11047 1 2.000000000
12 32 7 11048 1 2.000000000
12 33 7 11049 1 2.000000000
12 34 7 11050 1 2.000000000
12 35 7 11051 1 2.000000000
12 36 7 11052 1 2.000000000
12 37 7 11053 1 2.000000000
12 38 7 11054 1 2.000000000
12 39 7 11055 1 2.000000000
12 40 7 11056 1 2.000000000
12 41 7 11057 1 2.000000000
12 42 7 11058 1 2.000000000
12 43 7 11059 1 2.000000000
12 44 7 11060 1 2.000000000
12 45 7 11061 1 2.000000000
12 46 7 11062 1 2.000000000
12 47 7 11063 1 2.000000000
12 48 7 11064 1 2.000000000
12 49 7 11065 1 2.000000000
12 50 7 11066 1 2.000000000
12 51 7 11067 1 2.000000000
12 52 7 11068 1 2.000000000
12 53 7 11069 1 2.000000000
12 54 7 11070 1 2.000000000
12 55 7 11071 1 2.000000000
12 56 7 11072 1 2.000000000
12 57 7 11073 1 2.000000000
12 58 7 11074 1 2.000000000
12 59 7 11075 1 2.000000000
12 60 7 11076 1 2.000000000
12 61 7 11077 1 2.000000000
12 62 7 11078 1 2.000000000
12 63 7 11079 1 2.000000000
13 0 7 11080 1 2.000000000
13 1 7 11081 1 2.000000000
13 2 7 11082 1 2.000000000
13 3 7 11083 1 2.000000000
13 4 7 11084 1 2.000000000
13 5 7 11085 1 2.000000000
13 6 7 11086 1 2.000000000
13 7 7 11087 1 2.000000000
13 16 7 11088 1 2.000000000
13 17 7 11089 1 2.000000000
13 18 7 11090 1 2.000000000
13 19 7 11091 1 2.000000000
13 20 7 11092 1 2.000000000
13 21 7 11093 1 2.000000000
13 22 7 11094 1 2.000000000
13 23 7 11095 1 2.000000000
13 24 7 11096 1 2.000000000
13 25 7 11097 1 2.000000000
13 26 7 11098 1 2.000000000
13 27 7 11099 1 2.000000000
13 28 7 11100 1 2.000000000
13 29 7 11101 1 2.000000000
13 30 7 11102 1 2.000000000
13 31 7 11103 1 2.000000000
13 32 7 11104 1 2.000000000
13 33 7 11105 1 2.000000000
13 34 7 11106 1 2.000000000
13 35 7 11107 1 2.000000000
13 36 7 11108 1 2.000000000
13 37 7 11109 1 2.000000000
13 38 7 11110 1 2.000000000
13 39 7 11111 1 2.000000000
13 40 7 11112 1 2.000000000
13 41 7 11113 1 2.000000000
13 42 7 11114 1 2.000000000
13 43 7 11115 1 2.000000000
13 44 7 11116 1 2.000000000
13 45 7 11117 1 2.000000000
13 46 7 11118 1 2.000000000
13 47 7 11119 1 2.000000000
13 48 7 11120 1 2.000000000
13 49 7 11121 1 2.000000000
13 50 7 11122 1 2.000000000
13 51 7 11123 1 2.000000000
13 52 7 11124 1 2.000000000
13 53 7 11125 1 2.000000000
13 54 7 11126 1 2.000000000
13 55 7 11127 1 2.000000000
13 56 7 11128 1 2.000000000
13 57 7 11129 1 2.000000000
13 58 7 11130 1 2.000000000
13 59 7 11131 1 2.000000000
13 60 7 11132 1 2.000000000
13 61 7 11133 1 2.000000000
13 62 7 11134 1 2.000000000
13 63 7 11135 1 2.000000000
14 0 7 11136 1 2.000000000
14 1 7 11137 1 2.000000000
14 2 7 11138 1 2.000000000
14 3 7 11139 1 2.000000000
14 4 7 11140 1 2.000000000
14 5 7 11141 1 2.000000000
14 6 7 11142 1 2.000000000
14 7 7 11143 1 2.000000000
14 16 7 11144 1 2.000000000
14 17 7 11145 1 2.000000000
14 18 7 11146 1 2.000000000
14 19 7 11147 1 2.000000000
14 20 7 11148 1 2.000000000
14 21 7 11149 1 2.000000000
14 22 7 11150 1 2.000000000
14 23 7 11151 1 2.000000000
14 24 7 11152 1 2.000000000
14 25 7 11153 1 2.000000000
14 26 7 11154 1 2.000000000
14 27 7 11155 1 2.000000000
14 28 7 11156 1 2.000000000
14 29 7 11157 1 2.000000000
14 30 7 11158 1 2.000000000
14 31 7 11159 1 2.000000000
14 32 7 11160 1 2.000000000
14 33 7 11161 1 2.000000000
14 34 7 11162 1 2.000000000
14 35 7 11163 1 2.000000000
14 36 7 11164 1 2.000000000
14 37 7 11165 1 2.000000000
14 38 7 11166 1 2.000000000
14 39 7 11167 1 2.000000000
14 40 7 11168 1 2.000000000
14 41 7 11169 1 2.000000000
14 42 7 11170 1 2.000000000
14 43 7 11171 1 2.000000000
14 44 7 11172 1 2.000000000
14 45 7 11173 1 2.000000000
14 46 7 11174 1 2.000000000
14 47 7 11175 1 2.000000000
14 48 7 11176 1 2.000000000
14 49 7 11177 1 2.000000000
14 50 7 11178 1 2.000000000
14 51 7 11179 1 2.000000000
14 52 7 11180 1 2.000000000
14 53 7 11181 1 2.000000000
14 54 7 11182 1 2.000000000
14 55 7 11183 1 2.000000000
14 56 7 11184 1 2.000000000
14 57 7 11185 1 2.000000000
14 58 7 11186 1 2.000000000
14 59 7 11187 1 2.000000000
14 60 7 11188 1 2.000000000
14 61 7 11189 1 2.000000000
14 62 7 11190 1 2.000000000
14 63 7 11191 1 2.000000000
15 0 7 11192 1 2.000000000
15 1 7 11193 1 2.000000000
15 2 7 11194 1 2.000000000
15 3 7 11195 1 2.000000000
15 4 7 11196 1 2.000000000
15 5 7 11197 1 2.000000000
15 6 7 11198 1 2.000000000
15 7 7 11199 1 2.000000000
15 16 7 11200 1 2.000000000
15 17 7 11201 1 2.000000000
15 18 7 11202 1 2.000000000
15 19 7 11203 1 2.000000000
15 20 7 11204 1 2.000000000
15 21 7 11205 1 2.000000000
15 22 7 11206 1 2.000000000
15 23 7 11207 1 2.000000000
15 24 7 11208 1 2.000000000
15 25 7 11209 1 2.000000000
15 26 7 11210 1 2.000000000
15 27 7 11211 1 2.000000000
15 28 7 11212 1 2.000000000
15 29 7 11213 1 2.000000000
15 30 7 11214 1 2.000000000
15 31 7 11215 1 2.000000000
15 32 7 11216 1 2.000000000
15 33 7 11217 1 2.000000000
15 34 7 11218 1 2.000000000
15 35 7 11219 1 2.000000000
15 36 7 11220 1 2.000000000
15 37 7 11221 1 2.000000000
15 38 7 11222 1 2.000000000
15 39 7 11223 1 2.000000000
15 40 7 11224 1 2.000000000
15 41 7 11225 1 2.000000000
15 42 7 11226 1 2.000000000
15 43 7 11227 1 2.000000000
15 44 7 11228 1 2.000000000
15 45 7 11229 1 2.000000000
15 46 7 11230 1 2.000000000
15 47 7 11231 1 2.000000000
15 48 7 11232 1 2.000000000
15 49 7 11233 1 2.000000000
15 50 7 11234 1 2.000000000
15 51 7 11235 1 2.000000000
15 52 7 11236 1 2.000000000
15 53 7 11237 1 2.000000000
15 54 7 11238 1 2.000000000
15 55 7 11239 1 2.000000000
15 56 7 11240 1 2.000000000
15 57 7 11241 1 2.000000000
15 58 7 11242 1 2.000000000
15 59 7 11243 1 2.000000000
15 60 7 11244 1 2.000000000
15 61 7 11245 1 2.000000000
15 62 7 11246 1 2.000000000
15 63 7 11247 1 2.000000000
16 0 7 11248 1 2.000000000
16 1 7 11249 1 2.000000000
16 2 7 11250 1 2.000000000
16 3 7 11251 1 2.000000000
16 4 7 11252 1 2.000000000
16 5 7 11253 1 2.000000000
16 6 7 11254 1 2.000000000
16 7 7 11255 1 2.000000000
16 8 7 11256 1 2.000000000
16 9 7 11257 1 2.000000000
16 10 7 11258 1 2.000000000
16 11 7 11259 1 2.000000000
16 12 7 11260 1 2.000000000
16 13 7 11261 1 2.000000000
16 14 7 11262 1 2.000000000
16 15 7 11263 1 2.000000000
16 24 7 11264 1 2.000000000
16 25 7 11265 1 2.000000000
16 26 7 11266 1 2.000000000
16 27 7 11267 1 2.000000000
16 28 7 11268 1 2.000000000
16 29 7 11269 1 2.000000000
16 30 7 11270 1 2.000000000
16 31 7 11271 1 2.000000000
16 32 7 11272 1 2.000000000
16 33 7 11273 1 2.000000000
16 34 7 11274 1 2.000000000
16 35 7 11275 1 2.000000000
16 36 7 11276 1 2.000000000
16 37 7 11277 1 2.000000000
16 38 7 11278 1 2.000000000
16 39 7 11279 1 2.000000000
16 40 7 11280 1 2.000000000
16 41 7 11281 1 2.000000000
16 42 7 11282 1 2.000000000
16 43 7 11283 1 2.000000000
16 44 7 11284 1 2.000000000
16 45 7 11285 1 2.000000000
16 46 7 11286 1 2.000000000
16 47 7 11287 1 2.000000000
16 48 7 11288 1 2.000000000
16 49 7 11289 1 2.000000000
16 50 7 11290 1 2.000000000
16 51 7 11291 1 2.000000000
16 52 7 11292 1 2.000000000
16 53 7 11293 1 2.000000000
16 54 7 11294 1 2.000000000
16 55 7 11295 1 2.000000000
16 56 7 11296 1 2.000000000
16 57 7 11297 1 2.000000000
16 58 7 11298 1 2.000000000
16 59 7 11299 1 2.000000000
16 60 7 11300 1 2.000000000
16 61 7 11301 1 2.000000000
16 62 7 11302 1 2.000000000
16 63 7 11303 1 2.000000000
17 0 7 11304 1 2.000000000
17 1 7 11305 1 2.000000000
17 2 7 11306 1 2.000000000
17 3 7 11307 1 2.000000000
17 4 7 11308 1 2.000000000
17 5 7 11309 1 2.000000000
17 6 7 11310 1 2.000000000
17 7 7 11311 1 2.000000000
17 8 7 11312 1 2.000000000
17 9 7 11313 1 2.000000000
17 10 7 11314 1 2.000000000
17 11 7 11315 1 2.000000000
17 12 7 11316 1 2.000000000
17 13 7 11317 1 2.000000000
17 14 7 11318 1 2.000000000
17 15 7 11319 1 2.000000000
17 24 7 11320 1 2.000000000
17 25 7 11321 1 2.000000000
17 26 7 11322 1 2.000000000
17 27 7 11323 1 2.000000000
17 28 7 11324 1 2.000000000
17 29 7 11325 1 2.000000000
17 30 7 11326 1 2.000000000
17 31 7 11327 1 2.000000000
17 32 7 11328 1 2.000000000
17 33 7 11329 1 2.000000000
17 34 7 11330 1 2.000000000
17 35 7 11331 1 2.000000000
17 36 7 11332 1 2.000000000
17 37 7 11333 1 2.000000000
17 38 7 11334 1 2.000000000
17 39 7 11335 1 2.000000000
17 40 7 11336 1 2.000000000
17 41 7 11337 1 2.000000000
17 42 7 11338 1 2.000000000
17 43 7 11339 1 2.000000000
17 44 7 11340 1 2.000000000
17 45 7 11341 1 2.000000000
17 46 7 11342 1 2.000000000
17 47 7 11343 1 2.000000000
17 48 7 11344 1 2.000000000
17 49 7 11345 1 2.000000000
17 50 7 11346 1 2.000000000
17 51 7 11347 1 2.000000000
17 52 7 11348 1 2.000000000
17 53 7 11349 1 2.000000000
17 54 7 11350 1 2.000000000
17 55 7 11351 1 2.000000000
17 56 7 11352 1 2.000000000
17 57 7 11353 1 2.000000000
17 58 7 11354 1 2.000000000
17 59 7 11355 1 2.000000000
17 60 7 11356 1 2.000000000
17 61 7 11357 1 2.000000000
17 62 7 11358 1 2.000000000
17 63 7 11359 1 2.000000000
18 0 7 11360 1 2.000000000
18 1 7 11361 1 2.000000000
18 2 7 11362 1 2.000000000
18 3 7 11363 1 2.000000000
18 4 7 11364 1 2.000000000
18 5 7 11365 1 2.000000000
18 6 7 11366 1 2.000000000
18 7 7 11367 1 2.000000000
18 8 7 11368 1 2.000000000
18 9 7 11369 1 2.000000000
18 10 7 11370 1 2.000000000
18 11 7 11371 1 2.000000000
18 12 7 11372 1 2.000000000
18 13 7 11373 1 2.000000000
18 14 7 11374 1 2.000000000
18 15 7 11375 1 2.000000000
18 24 7 11376 1 2.000000000
18 25 7 11377 1 2.000000000
18 26 7 11378 1 2.000000000
18 27 7 11379 1 2.000000000
18 28 7 11380 1 2.000000000
18 29 7 11381 1 2.000000000
18 30 7 11382 1 2.000000000
18 31 7 11383 1 2.000000000
18 32 7 11384 1 2.000000000
18 33 7 11385 1 2.000000000
18 34 7 11386 1 2.000000000
18 35 7 11387 1 2.000000000
18 36 7 11388 1 2.000000000
18 37 7 11389 1 2.000000000
18 38 7 11390 1 2.000000000
18 39 7 11391 1 2.000000000
18 40 7 11392 1 2.000000000
18 41 7 11393 1 2.000000000
18 42 7 11394 1 2.000000000
18 43 7 11395 1 2.000000000
18 44 7 11396 1 2.000000000
18 45 7 11397 1 2.000000000
18 46 7 11398 1 2.000000000
18 47 7 11399 1 2.000000000
18 48 7 11400 1 2.000000000
18 49 7 11401 1 2.000000000
18 50 7 11402 1 2.000000000
18 51 7 11403 1 2.000000000
18 52 7 11404 1 2.000000000
18 53 7 11405 1 2.000000000
18 54 7 11406 1 2.000000000
18 55 7 11407 1 2.000000000
18 56 7 11408 1 2.000000000
18 57 7 11409 1 2.000000000
18 58 7 11410 1 2.000000000
18 59 7 11411 1 2.000000000
18 60 7 11412 1 2.000000000
18 61 7 11413 1 2.000000000
18 62 7 11414 1 2.000000000
18 63 7 11415 1 2.000000000
19 0 7 11416 1 2.000000000
19 1 7 11417 1 2.000000000
19 2 7 11418 1 2.000000000
19 3 7 11419 1 2.000000000
19 4 7 11420 1 2.000000000
19 5 7 11421 1 2.000000000
19 6 7 11422 1 2.000000000
19 7 7 11423 1 2.000000000
19 8 7 11424 1 2.000000000
19 9 7 11425 1 2.000000000
19 10 7 11426 1 2.000000000
19 11 7 11427 1 2.000000000
19 12 7 11428 1 2.000000000
19 13 7 11429 1 2.000000000
19 14 7 11430 1 2.000000000
19 15 7 11431 1 2.000000000
19 24 7 11432 1 2.000000000
19 25 7 11433 1 2.000000000
19 26 7 11434 1 2.000000000
19 27 7 11435 1 2.000000000
19 28 7 11436 1 2.000000000
19 29 7 11437 1 2.000000000
19 30 7 11438 1 2.000000000
19 31 7 11439 1 2.000000000
19 32 7 11440 1 2.000000000
19 33 7 11441 1 2.000000000
19 34 7 11442 1 2.000000000
19 35 7 11443 1 2.000000000
19 36 7 11444 1 2.000000000
19 37 7 11445 1 2.000000000
19 38 7 11446 1 2.000000000
19 39 7 11447 1 2.000000000
19 40 7 11448 1 2.000000000
19 41 7 11449 1 2.000000000
19 42 7 11450 1 2.000000000
19 43 7 11451 1 2.000000000
19 44 7 11452 1 2.000000000
19 45 7 11453 1 2.000000000
19 46 7 11454 1 2.000000000
19 47 7 11455 1 2.000000000
19 48 7 11456 1 2.000000000
19 49 7 11457 1 2.000000000
19 50 7 11458 1 2.000000000
19 51 7 11459 1 2.000000000
19 52 7 11460 1 2.000000000
19 53 7 11461 1 2.000000000
19 54 7 11462 1 2.000000000
19 55 7 11463 1 2.000000000
19 56 7 11464 1 2.000000000
19 57 7 11465 1 2.000000000
19 58 7 11466 1 2.000000000
19 59 7 11467 1 2.000000000
19 60 7 11468 1 2.000000000
19 61 7 11469 1 2.000000000
19 62 7 11470 1 2.000000000
19 63 7 11471 1 2.000000000
20 0 7 11472 1 2.000000000
20 1 7 11473 1 2.000000000
20 2 7 11474 1 2.000000000
20 3 7 11475 1 2.000000000
20 4 7 11476 1 2.000000000
20 5 7 11477 1 2.000000000
20 6 7 11478 1 2.000000000
20 7 7 11479 1 2.000000000
20 8 7 11480 1 2.000000000
20 9 7 11481 1 2.000000000
20 10 7 11482 1 2.000000000
20 11 7 11483 1 2.000000000
20 12 7 11484 1 2.000000000
20 13 7 11485 1 2.000000000
20 14 7 11486 1 2.000000000
20 15 7 11487 1 2.000000000
20 24 7 11488 1 2.000000000
20 25 7 11489 1 2.000000000
20 26 7 11490 1 2.000000000
20 27 7 11491 1 2.000000000
20 28 7 11492 1 2.000000000
20 29 7 11493 1 2.000000000
20 30 7 11494 1 2.000000000
20 31 7 11495 1 2.000000000
20 32 7 11496 1 2.000000000
20 33 7 11497 1 2.000000000
20 34 7 11498 1 2.000000000
20 35 7 11499 1 2.000000000
20 36 7 11500 1 2.000000000
20 37 7 11501 1 2.000000000
20 38 7 11502 1 2.000000000
20 39 7 11503 1 2.000000000
20 40 7 11504 1 2.000000000
20 41 7 11505 1 2.000000000
20 42 7 11506 1 2.000000000
20 43 7 11507 1 2.000000000
20 44 7 11508 1 2.000000000
20 45 7 11509 1 2.000000000
20 46 7 11510 1 2.000000000
20 47 7 11511 1 2.000000000
20 48 7 11512 1 2.000000000
20 49 7 11513 1 2.000000000
20 50 7 11514 1 2.000000000
20 51 7 11515 1 2.000000000
20 52 7 11516 1 2.000000000
20 53 7 11517 1 2.000000000
20 54 7 11518 1 2.000000000
20 55 7 11519 1 2.000000000
20 56 7 11520 1 2.000000000
20 57 7 11521 1 2.000000000
20 58 7 11522 1 2.000000000
20 59 7 11523 1 2.000000000
20 60 7 11524 1 2.000000000
20 61 7 11525 1 2.000000000
20 62 7 11526 1 2.000000000
20 63 7 11527 1 2.000000000
21 0 7 11528 1 2.000000000
21 1 7 11529 1 2.000000000
21 2 7 11530 1 2.000000000
21 3 7 11531 1 2.000000000
21 4 7 11532 1 2.000000000
21 5 7 11533 1 2.000000000
21 6 7 11534 1 2.000000000
21 7 7 11535 1 2.000000000
21 8 7 11536 1 2.000000000
21 9 7 11537 1 2.000000000
21 10 7 11538 1 2.000000000
21 11 7 11539 1 2.000000000
21 12 7 11540 1 2.000000000
21 13 7 11541 1 2.000000000
21 14 7 11542 1 2.000000000
21 15 7 11543 1 2.000000000
21 24 7 11544 1 2.000000000
21 25 7 11545 1 2.000000000
21 26 7 11546 1 2.000000000
21 27 7 11547 1 2.000000000
21 28 7 11548 1 2.000000000
21 29 7 11549 1 2.000000000
21 30 7 11550 1 2.000000000
21 31 7 11551 1 2.000000000
21 32 7 11552 1 2.000000000
21 33 7 11553 1 2.000000000
21 34 7 11554 1 2.000000000
21 35 7 11555 1 2.000000000
21 36 7 11556 1 2.000000000
21 37 7 11557 1 2.000000000
21 38 7 11558 1 2.000000000
21 39 7 11559 1 2.000000000
21 40 7 11560 1 2.000000000
21 41 7 11561 1 2.000000000
21 42 7 11562 1 2.000000000
21 43 7 11563 1 2.000000000
21 44 7 11564 1 2.000000000
21 45 7 11565 1 2.000000000
21 46 7 11566 1 2.000000000
21 47 7 11567 1 2.000000000
21 48 7 11568 1 2.000000000
21 49 7 11569 1 2.000000000
21 50 7 11570 1 2.000000000
21 51 7 11571 1 2.000000000
21 52 7 11572 1 2.000000000
21 53 7 11573 1 2.000000000
21 54 7 11574 1 2.000000000
21 55 7 11575 1 2.000000000
21 56 7 11576 1 2.000000000
21 57 7 11577 1 2.000000000
21 58 7 11578 1 2.000000000
21 59 7 11579 1 2.000000000
21 60 7 11580 1 2.000000000
21 61 7 11581 1 2.000000000
21 62 7 11582 1 2.000000000
21 63 7 11583 1 2.000000000
22 0 7 11584 1 2.000000000
22 1 7 11585 1 2.000000000
22 2 7 11586 1 2.000000000
22 3 7 11587 1 2.000000000
22 4 7 11588 1 2.000000000
22 5 7 11589 1 2.000000000
22 6 7 11590 1 2.000000000
22 7 7 11591 1 2.000000000
22 8 7 11592 1 2.000000000
22 9 7 11593 1 2.000000000
22 10 7 11594 1 2.000000000
22 11 7 11595 1 2.000000000
22 12 7 11596 1 2.000000000
22 13 7 11597 1 2.000000000
22 14 7 11598 1 2.000000000
22 15 7 11599 1 2.000000000
22 24 7 11600 1 2.000000000
22 25 7 11601 1 2.000000000
22 26 7 11602 1 2.000000000
22 27 7 11603 1 2.000000000
22 28 7 11604 1 2.000000000
22 29 7 11605 1 2.000000000
22 30 7 11606 1 2.000000000
22 31 7 11607 1 2.000000000
22 32 7 11608 1 2.000000000
22 33 7 11609 1 2.000000000
22 34 7 11610 1 2.000000000
22 35 7 11611 1 2.000000000
22 36 7 11612 1 2.000000000
22 37 7 11613 1 2.000000000
22 38 7 11614 1 2.000000000
22 39 7 11615 1 2.000000000
22 40 7 11616 1 2.000000000
22 41 7 11617 1 2.000000000
22 42 7 11618 1 2.000000000
22 43 7 11619 1 2.000000000
22 44 7 11620 1 2.000000000
22 45 7 11621 1 2.000000000
22 46 7 11622 1 2.000000000
22 47 7 11623 1 2.000000000
22 48 7 11624 1 2.000000000
22 49 7 11625 1 2.000000000
22 50 7 11626 1 2.000000000
22 51 7 11627 1 2.000000000
22 52 7 11628 1 2.000000000
22 53 7 11629 1 2.000000000
22 54 7 11630 1 2.000000000
22 55 7 11631 1 2.000000000
22 56 7 11632 1 2.000000000
22 57 7 11633 1 2.000000000
22 58 7 11634 1 2.000000000
22 59 7 11635 1 2.000000000
22 60 7 11636 1 2.000000000
22 61 7 11637 1 2.000000000
22 62 7 11638 1 2.000000000
22 63 7 11639 1 2.000000000
23 0 7 11640 1 2.000000000
23 1 7 11641 1 2.000000000
23 2 7 11642 1 2.000000000
23 3 7 11643 1 2.000000000
23 4 7 11644 1 2.000000000
23 5 7 11645 1 2.000000000
23 6 7 11646 1 2.000000000
23 7 7 11647 1 2.000000000
23 8 7 11648 1 2.000000000
23 9 7 11649 1 2.000000000
23 10 7 11650 1 2.000000000
23 11 7 11651 1 2.000000000
23 12 7 11652 1 2.000000000
23 13 7 11653 1 2.000000000
23 14 7 11654 1 2.000000000
23 15 7 11655 1 2.000000000
23 24 7 11656 1 2.000000000
23 25 7 11657 1 2.000000000
23 26 7 11658 1 2.000000000
23 27 7 11659 1 2.000000000
23 28 7 11660 1 2.000000000
23 29 7 11661 1 2.000000000
23 30 7 11662 1 2.000000000
23 31 7 11663 1 2.000000000
23 32 7 11664 1 2.000000000
23 33 7 11665 1 2.000000000
23 34 7 11666 1 2.000000000
23 35 7 11667 1 2.000000000
23 36 7 11668 1 2.000000000
23 37 7 11669 1 2.000000000
23 38 7 11670 1 2.000000000
23 39 7 11671 1 2.000000000
23 40 7 11672 1 2.000000000
23 41 7 11673 1 2.000000000
23 42 7 11674 1 2.000000000
23 43 7 11675 1 2.000000000
23 44 7 11676 1 2.000000000
23 45 7 11677 1 2.000000000
23 46 7 11678 1 2.000000000
23 47 7 11679 1 2.000000000
23 48 7 11680 1 2.000000000
23 49 7 11681 1 2.000000000
23 50 7 11682 1 2.000000000
23 51 7 11683 1 2.000000000
23 52 7 11684 1 2.000000000
23 53 7 11685 1 2.000000000
23 54 7 11686 1 2.000000000
23 55 7 11687 1 2.000000000
23 56 7 11688 1 2.000000000
23 57 7 11689 1 2.000000000
23 58 7 11690 1 2.000000000
23 59 7 11691 1 2.000000000
23 60 7 11692 1 2.000000000
23 61 7 11693 1 2.000000000
23 62 7 11694 1 2.000000000
23 63 7 11695 1 2.000000000
24 0 7 11696 1 2.000000000
24 1 7 11697 1 2.000000000
24 2 7 11698 1 2.000000000
24 3 7 11699 1 2.000000000
24 4 7 11700 1 2.000000000
24 5 7 11701 1 2.000000000
24 6 7 11702 1 2.000000000
24 7 7 11703 1 2.000000000
24 8 7 11704 1 2.000000000
24 9 7 11705 1 2.000000000
24 10 7 11706 1 2.000000000
24 11 7 11707 1 2.000000000
24 12 7 11708 1 2.000000000
24 13 7 11709 1 2.000000000
24 14 7 11710 1 2.000000000
24 15 7 11711 1 2.000000000
24 16 7 11712 1 2.000000000
24 17 7 11713 1 2.000000000
24 18 7 11714 1 2.000000000
24 19 7 11715 1 2.000000000
24 20 7 11716 1 2.000000000
24 21 7 11717 1 2.000000000
24 22 7 11718 1 2.000000000
24 23 7 11719 1 2.000000000
24 32 7 11720 1 2.000000000
24 33 7 11721 1 2.000000000
24 34 7 11722 1 2.000000000
24 35 7 11723 1 2.000000000
24 36 7 11724 1 2.000000000
24 37 7 11725 1 2.000000000
24 38 7 11726 1 2.000000000
24 39 7 11727 1 2.000000000
24 40 7 11728 1 2.000000000
24 41 7 11729 1 2.000000000
24 42 7 11730 1 2.000000000
24 43 7 11731 1 2.000000000
24 44 7 11732 1 2.000000000
24 45 7 11733 1 2.000000000
24 46 7 11734 1 2.000000000
24 47 7 11735 1 2.000000000
24 48 7 11736 1 2.000000000
24 49 7 11737 1 2.000000000
24 50 7 11738 1 2.000000000
24 51 7 11739 1 2.000000000
24 52 7 11740 1 2.000000000
24 53 7 11741 1 2.000000000
24 54 7 11742 1 2.000000000
24 55 7 11743 1 2.000000000
24 56 7 11744 1 2.000000000
24 57 7 11745 1 2.000000000
24 58 7 11746 1 2.000000000
24 59 7 11747 1 2.000000000
24 60 7 11748 1 2.000000000
24 61 7 11749 1 2.000000000
24 62 7 11750 1 2.000000000
24 63 7 11751 1 2.000000000
25 0 7 11752 1 2.000000000
25 1 7 11753 1 2.000000000
25 2 7 11754 1 2.000000000
25 3 7 11755 1 2.000000000
25 4 7 11756 1 2.000000000
25 5 7 11757 1 2.000000000
25 6 7 11758 1 2.000000000
25 7 7 11759 1 2.000000000
25 8 7 11760 1 2.000000000
25 9 7 11761 1 2.000000000
25 10 7 11762 1 2.000000000
25 11 7 11763 1 2.000000000
25 12 7 11764 1 2.000000000
25 13 7 11765 1 2.000000000
25 14 7 11766 1 2.000000000
25 15 7 11767 1 2.000000000
25 16 7 11768 1 2.000000000
25 17 7 11769 1 2.000000000
25 18 7 11770 1 2.000000000
25 19 7 11771 1 2.000000000
25 20 7 11772 1 2.000000000
25 21 7 11773 1 2.000000000
25 22 7 11774 1 2.000000000
25 23 7 11775 1 2.000000000
25 32 7 11776 1 2.000000000
25 33 7 11777 1 2.000000000
25 34 7 11778 1 2.000000000
25 35 7 11779 1 2.000000000
25 36 7 11780 1 2.000000000
25 37 7 11781 1 2.000000000
25 38 7 11782 1 2.000000000
25 39 7 11783 1 2.000000000
25 40 7 11784 1 2.000000000
25 41 7 11785 1 2.000000000
25 42 7 11786 1 2.000000000
25 43 7 11787 1 2.000000000
25 44 7 11788 1 2.000000000
25 45 7 11789 1 2.000000000
25 46 7 11790 1 2.000000000
25 47 7 11791 1 2.000000000
25 48 7 11792 1 2.000000000
25 49 7 11793 1 2.000000000
25 50 7 11794 1 2.000000000
25 51 7 11795 1 2.000000000
25 52 7 11796 1 2.000000000
25 53 7 11797 1 2.000000000
25 54 7 11798 1 2.000000000
25 55 7 11799 1 2.000000000
25 56 7 11800 1 2.000000000
25 57 7 11801 1 2.000000000
25 58 7 11802 1 2.000000000
25 59 7 11803 1 2.000000000
25 60 7 11804 1 2.000000000
25 61 7 11805 1 2.000000000
25 62 7 11806 1 2.000000000
25 63 7 11807 1 2.000000000
26 0 7 11808 1 2.000000000
26 1 7 11809 1 2.000000000
26 2 7 11810 1 2.000000000
26 3 7 11811 1 2.000000000
26 4 7 11812 1 2.000000000
26 5 7 11813 1 2.000000000
26 6 7 11814 1 2.000000000
26 7 7 11815 1 2.000000000
26 8 7 11816 1 2.000000000
26 9 7 11817 1 2.000000000
26 10 7 11818 1 2.000000000
26 11 7 11819 1 2.000000000
26 12 7 11820 1 2.000000000
26 13 7 11821 1 2.000000000
26 14 7 11822 1 2.000000000
26 15 7 11823 1 2.000000000
26 16 7 11824 1 2.000000000
26 17 7 11825 1 2.000000000
26 18 7 11826 1 2.000000000
26 19 7 11827 1 2.000000000
26 20 7 11828 1 2.000000000
26 21 7 11829 1 2.000000000
26 22 7 11830 1 2.000000000
26 23 7 11831 1 2.000000000
26 32 7 11832 1 2.000000000
26 33 7 11833 1 2.000000000
26 34 7 11834 1 2.000000000
26 35 7 11835 1 2.000000000
26 36 7 11836 1 2.000000000
26 37 7 11837 1 2.000000000
26 38 7 11838 1 2.000000000
26 39 7 11839 1 2.000000000
26 40 7 11840 1 2.000000000
26 41 7 11841 1 2.000000000
26 42 7 11842 1 2.000000000
26 43 7 11843 1 2.000000000
26 44 7 11844 1 2.000000000
26 45 7 11845 1 2.000000000
26 46 7 11846 1 2.000000000
26 47 7 11847 1 2.000000000
26 48 7 11848 1 2.000000000
26 49 7 11849 1 2.000000000
26 50 7 11850 1 2.000000000
26 51 7 11851 1 2.000000000
26 52 7 11852 1 2.000000000
26 53 7 11853 1 2.000000000
26 54 7 11854 1 2.000000000
26 55 7 11855 1 2.000000000
26 56 7 11856 1 2.000000000
26 57 7 11857 1 2.000000000
26 58 7 11858 1 2.000000000
26 59 7 11859 1 2.000000000
26 60 7 11860 1 2.000000000
26 61 7 11861 1 2.000000000
26 62 7 11862 1 2.000000000
26 63 7 11863 1 2.000000000
27 0 7 11864 1 2.000000000
27 1 7 11865 1 2.000000000
27 2 7 11866 1 2.000000000
27 3 7 11867 1 2.000000000
27 4 7 11868 1 2.000000000
27 5 7 11869 1 2.000000000
27 6 7 11870 1 2.000000000
27 7 7 11871 1 2.000000000
27 8 7 11872 1 2.000000000
27 9 7 11873 1 2.000000000
27 10 7 11874 1 2.000000000
27 11 7 11875 1 2.000000000
27 12 7 11876 1 2.000000000
27 13 7 11877 1 2.000000000
27 14 7 11878 1 2.000000000
27 15 7 11879 1 2.000000000
27 16 7 11880 1 2.000000000
27 17 7 11881 1 2.000000000
27 18 7 11882 1 2.000000000
27 19 7 11883 1 2.000000000
27 20 7 11884 1 2.000000000
27 21 7 11885 1 2.000000000
27 22 7 11886 1 2.000000000
27 23 7 11887 1 2.000000000
27 32 7 11888 1 2.000000000
27 33 7 11889 1 2.000000000
27 34 7 11890 1 2.000000000
27 35 7 11891 1 2.000000000
27 36 7 11892 1 2.000000000
27 37 7 11893 1 2.000000000
27 38 7 11894 1 2.000000000
27 39 7 11895 1 2.000000000
27 40 7 11896 1 2.000000000
27 41 7 11897 1 2.000000000
27 42 7 11898 1 2.000000000
27 43 7 11899 1 2.000000000
27 44 7 11900 1 2.000000000
27 45 7 11901 1 2.000000000
27 46 7 11902 1 2.000000000
27 47 7 11903 1 2.000000000
27 48 7 11904 1 2.000000000
27 49 7 11905 1 2.000000000
27 50 7 11906 1 2.000000000
27 51 7 11907 1 2.000000000
27 52 7 11908 1 2.000000000
27 53 7 11909 1 2.000000000
27 54 7 11910 1 2.000000000
27 55 7 11911 1 2.000000000
27 56 7 11912 1 2.000000000
27 57 7 11913 1 2.000000000
27 58 7 11914 1 2.000000000
27 59 7 11915 1 2.000000000
27 60 7 11916 1 2.000000000
27 61 7 11917 1 2.000000000
27 62 7 11918 1 2.000000000
27 63 7 11919 1 2.000000000
28 0 7 11920 1 2.000000000
28 1 7 11921 1 2.000000000
28 2 7 11922 1 2.000000000
28 3 7 11923 1 2.000000000
28 4 7 11924 1 2.000000000
28 5 7 11925 1 2.000000000
28 6 7 11926 1 2.000000000
28 7 7 11927 1 2.000000000
28 8 7 11928 1 2.000000000
28 9 7 11929 1 2.000000000
28 10 7 11930 1 2.000000000
28 11 7 11931 1 2.000000000
28 12 7 11932 1 2.000000000
28 13 7 11933 1 2.000000000
28 14 7 11934 1 2.000000000
28 15 7 11935 1 2.000000000
28 16 7 11936 1 2.000000000
28 17 7 11937 1 2.000000000
28 18 7 11938 1 2.000000000
28 19 7 11939 1 2.000000000
28 20 7 11940 1 2.000000000
28 21 7 11941 1 2.000000000
28 22 7 11942 1 2.000000000
28 23 7 11943 1 2.000000000
28 32 7 11944 1 2.000000000
28 33 7 11945 1 2.000000000
28 34 7 11946 1 2.000000000
28 35 7 11947 1 2.000000000
28 36 7 11948 1 2.000000000
28 37 7 11949 1 2.000000000
28 38 7 11950 1 2.000000000
28 39 7 11951 1 2.000000000
28 40 7 11952 1 2.000000000
28 41 7 11953 1 2.000000000
28 42 7 11954 1 2.000000000
28 43 7 11955 1 2.000000000
28 44 7 11956 1 2.000000000
28 45 7 11957 1 2.000000000
28 46 7 11958 1 2.000000000
28 47 7 11959 1 2.000000000
28 48 7 11960 1 2.000000000
28 49 7 11961 1 2.000000000
28 50 7 11962 1 2.000000000
28 51 7 11963 1 2.000000000
28 52 7 11964 1 2.000000000
28 53 7 11965 1 2.000000000
28 54 7 11966 1 2.000000000
28 55 7 11967 1 2.000000000
28 56 7 11968 1 2.000000000
28 57 7 11969 1 2.000000000
28 58 7 11970 1 2.000000000
28 59 7 11971 1 2.000000000
28 60 7 11972 1 2.000000000
28 61 7 11973 1 2.000000000
28 62 7 11974 1 2.000000000
28 63 7 11975 1 2.000000000
29 0 7 11976 1 2.000000000
29 1 7 11977 1 2.000000000
29 2 7 11978 1 2.000000000
29 3 7 11979 1 2.000000000
29 4 7 11980 1 2.000000000
29 5 7 11981 1 2.000000000
29 6 7 11982 1 2.000000000
29 7 7 11983 1 2.000000000
29 8 7 11984 1 2.000000000
29 9 7 11985 1 2.000000000
29 10 7 11986 1 2.000000000
29 11 7 11987 1 2.000000000
29 12 7 11988 1 2.000000000
29 13 7 11989 1 2.000000000
29 14 7 11990 1 2.000000000
29 15 7 11991 1 2.000000000
29 16 7 11992 1 2.000000000
29 17 7 11993 1 2.000000000
29 18 7 11994 1 2.000000000
29 19 7 11995 1 2.000000000
29 20 7 11996 1 2.000000000
29 21 7 11997 1 2.000000000
29 22 7 11998 1 2.000000000
29 23 7 11999 1 2.000000000
29 32 7 12000 1 2.000000000
29 33 7 12001 1 2.000000000
29 34 7 12002 1 2.000000000
29 35 7 12003 1 2.000000000
29 36 7 12004 1 2.000000000
29 37 7 12005 1 2.000000000
29 38 7 12006 1 2.000000000
29 39 7 12007 1 2.000000000
29 40 7 12008 1 2.000000000
29 41 7 12009 1 2.000000000
29 42 7 12010 1 2.000000000
29 43 7 12011 1 2.000000000
29 44 7 12012 1 2.000000000
29 45 7 12013 1 2.000000000
29 46 7 12014 1 2.000000000
29 47 7 12015 1 2.000000000
29 48 7 12016 1 2.000000000
29 49 7 12017 1 2.000000000
29 50 7 12018 1 2.000000000
29 51 7 12019 1 2.000000000
29 52 7 12020 1 2.000000000
29 53 7 12021 1 2.000000000
29 54 7 12022 1 2.000000000
29 55 7 12023 1 2.000000000
29 56 7 12024 1 2.000000000
29 57 7 12025 1 2.000000000
29 58 7 12026 1 2.000000000
29 59 7 12027 1 2.000000000
29 60 7 12028 1 2.000000000
29 61 7 12029 1 2.000000000
29 62 7 12030 1 2.000000000
29 63 7 12031 1 2.000000000
30 0 7 12032 1 2.000000000
30 1 7 12033 1 2.000000000
30 2 7 12034 1 2.000000000
30 3 7 12035 1 2.000000000
30 4 7 12036 1 2.000000000
30 5 7 12037 1 2.000000000
30 6 7 12038 1 2.000000000
30 7 7 12039 1 2.000000000
30 8 7 12040 1 2.000000000
30 9 7 12041 1 2.000000000
30 10 7 12042 1 2.000000000
30 11 7 12043 1 2.000000000
30 12 7 12044 1 2.000000000
30 13 7 12045 1 2.000000000
30 14 7 12046 1 2.000000000
30 15 7 12047 1 2.000000000
30 16 7 12048 1 2.000000000
30 17 7 12049 1 2.000000000
30 18 7 12050 1 2.000000000
30 19 7 12051 1 2.000000000
30 20 7 12052 1 2.000000000
30 21 7 12053 1 2.000000000
30 22 7 12054 1 2.000000000
30 23 7 12055 1 2.000000000
30 32 7 12056 1 2.000000000
30 33 7 12057 1 2.000000000
30 34 7 12058 1 2.000000000
30 35 7 12059 1 2.000000000
30 36 7 12060 1 2.000000000
30 37 7 12061 1 2.000000000
30 38 7 12062 1 2.000000000
30 39 7 12063 1 2.000000000
30 40 7 12064 1 2.000000000
30 41 7 12065 1 2.000000000
30 42 7 12066 1 2.000000000
30 43 7 12067 1 2.000000000
30 44 7 12068 1 2.000000000
30 45 7 12069 1 2.000000000
30 46 7 12070 1 2.000000000
30 47 7 12071 1 2.000000000
30 48 7 12072 1 2.000000000
30 49 7 12073 1 2.000000000
30 50 7 12074 1 2.000000000
30 51 7 12075 1 2.000000000
30 52 7 12076 1 2.000000000
30 53 7 12077 1 2.000000000
30 54 7 12078 1 2.000000000
30 55 7 12079 1 2.000000000
30 56 7 12080 1 2.000000000
30 57 7 12081 1 2.000000000
30 58 7 12082 1 2.000000000
30 59 7 12083 1 2.000000000
30 60 7 12084 1 2.000000000
30 61 7 12085 1 2.000000000
30 62 7 12086 1 2.000000000
30 63 7 12087 1 2.000000000
31 0 7 12088 1 2.000000000
31 1 7 12089 1 2.000000000
31 2 7 12090 1 2.000000000
31 3 7 12091 1 2.000000000
31 4 7 12092 1 2.000000000
31 5 7 12093 1 2.000000000
31 6 7 12094 1 2.000000000
31 7 7 12095 1 2.000000000
31 8 7 12096 1 2.000000000
31 9 7 12097 1 2.000000000
31 10 7 12098 1 2.000000000
31 11 7 12099 1 2.000000000
31 12 7 12100 1 2.000000000
31 13 7 12101 1 2.000000000
31 14 7 12102 1 2.000000000
31 15 7 12103 1 2.000000000
31 16 7 12104 1 2.000000000
31 17 7 12105 1 2.000000000
31 18 7 12106 1 2.000000000
31 19 7 12107 1 2.000000000
31 20 7 12108 1 2.000000000
31 21 7 12109 1 2.000000000
31 22 7 12110 1 2.000000000
31 23 7 12111 1 2.000000000
31 32 7 12112 1 2.000000000
31 33 7 12113 1 2.000000000
31 34 7 12114 1 2.000000000
31 35 7 12115 1 2.000000000
31 36 7 12116 1 2.000000000
31 37 7 12117 1 2.000000000
31 38 7 12118 1 2.000000000
31 39 7 12119 1 2.000000000
31 40 7 12120 1 2.000000000
31 41 7 12121 1 2.000000000
31 42 7 12122 1 2.000000000
31 43 7 12123 1 2.000000000
31 44 7 12124 1 2.000000000
31 45 7 12125 1 2.000000000
31 46 7 12126 1 2.000000000
31 47 7 12127 1 2.000000000
31 48 7 12128 1 2.000000000
31 49 7 12129 1 2.000000000
31 50 7 12130 1 2.000000000
31 51 7 12131 1 2.000000000
31 52 7 12132 1 2.000000000
31 53 7 12133 1 2.000000000
31 54 7 12134 1 2.000000000
31 55 7 12135 1 2.000000000
31 56 7 12136 1 2.000000000
31 57 7 12137 1 2.000000000
31 58 7 12138 1 2.000000000
31 59 7 12139 1 2.000000000
31 60 7 12140 1 2.000000000
31 61 7 12141 1 2.000000000
31 62 7 12142 1 2.000000000
31 63 7 12143 1 2.000000000
0 64 7 12144 1 2.000000000
1 65 7 12145 1 2.000000000
2 66 7 12146 1 2.000000000
3 67 7 12147 1 2.000000000
4 68 7 12148 1 2.000000000
5 69 7 12149 1 2.000000000
6 70 7 12150 1 2.000000000
7 71 7 12151 1 2.000000000
8 72 7 12152 1 2.000000000
9 73 7 12153 1 2.000000000
10 74 7 12154 1 2.000000000
11 75 7 12155 1 2.000000000
12 76 7 12156 1 2.000000000
13 77 7 12157 1 2.000000000
14 78 7 12158 1 2.000000000
15 79 7 12159 1 2.000000000
16 80 7 12160 1 2.000000000
17 81 7 12161 1 2.000000000
18 82 7 12162 1 2.000000000
19 83 7 12163 1 2.000000000
20 84 7 12164 1 2.000000000
21 85 7 12165 1 2.000000000
22 86 7 12166 1 2.000000000
23 87 7 12167 1 2.000000000
24 88 7 12168 1 2.000000000
25 89 7 12169 1 2.000000000
26 90 7 12170 1 2.000000000
27 91 7 12171 1 2.000000000
28 92 7 12172 1 2.000000000
29 93 7 12173 1 2.000000000
30 94 7 12174 1 2.000000000
31 95 7 12175 1 2.000000000
