960
0 64 7 10000 256 2.000000000
1 65 7 10001 256 2.000000000
2 66 7 10002 256 2.000000000
3 67 7 10003 256 2.000000000
4 68 7 10004 256 2.000000000
5 69 7 10005 256 2.000000000
6 70 7 10006 256 2.000000000
7 71 7 10007 256 2.000000000
8 72 7 10008 256 2.000000000
9 73 7 10009 256 2.000000000
10 74 7 10010 256 2.000000000
11 75 7 10011 256 2.000000000
12 76 7 10012 256 2.000000000
13 77 7 10013 256 2.000000000
14 78 7 10014 256 2.000000000
15 79 7 10015 256 2.000000000
0 256 7 10016 256 2.000000000
8 264 7 10017 256 2.000000000
0 128 7 10018 256 2.000000000
8 136 7 10019 256 2.000000000
0 8 7 10020 256 2.000000000
8 0 7 10021 256 2.000000000
1 257 7 10022 256 2.000000000
9 265 7 10023 256 2.000000000
1 129 7 10024 256 2.000000000
9 137 7 10025 256 2.000000000
1 9 7 10026 256 2.000000000
9 1 7 10027 256 2.000000000
2 258 7 10028 256 2.000000000
10 266 7 10029 256 2.000000000
2 130 7 10030 256 2.000000000
10 138 7 10031 256 2.000000000
2 10 7 10032 256 2.000000000
10 2 7 10033 256 2.000000000
3 259 7 10034 256 2.000000000
11 267 7 10035 256 2.000000000
3 131 7 10036 256 2.000000000
11 139 7 10037 256 2.000000000
3 11 7 10038 256 2.000000000
11 3 7 10039 256 2.000000000
4 260 7 10040 256 2.000000000
12 268 7 10041 256 2.000000000
4 132 7 10042 256 2.000000000
12 140 7 10043 256 2.000000000
4 12 7 10044 256 2.000000000
12 4 7 10045 256 2.000000000
5 261 7 10046 256 2.000000000
13 269 7 10047 256 2.000000000
5 133 7 10048 256 2.000000000
13 141 7 10049 256 2.000000000
5 13 7 10050 256 2.000000000
13 5 7 10051 256 2.000000000
6 262 7 10052 256 2.000000000
14 270 7 10053 256 2.000000000
6 134 7 10054 256 2.000000000
14 142 7 10055 256 2.000000000
6 14 7 10056 256 2.000000000
14 6 7 10057 256 2.000000000
7 263 7 10058 256 2.000000000
15 271 7 10059 256 2.000000000
7 135 7 10060 256 2.000000000
15 143 7 10061 256 2.000000000
7 15 7 10062 256 2.000000000
15 7 7 10063 256 2.000000000
0 8 7 10064 256 2.000000000
0 9 7 10065 256 2.000000000
0 10 7 10066 256 2.000000000
0 11 7 10067 256 2.000000000
0 12 7 10068 256 2.000000000
0 13 7 10069 256 2.000000000
0 14 7 10070 256 2.000000000
0 15 7 10071 256 2.000000000
0 128 7 10072 256 2.000000000
0 129 7 10073 256 2.000000000
0 130 7 10074 256 2.000000000
0 131 7 10075 256 2.000000000
0 132 7 10076 256 2.000000000
0 133 7 10077 256 2.000000000
0 134 7 10078 256 2.000000000
0 135 7 10079 256 2.000000000
0 136 7 10080 256 2.000000000
0 137 7 10081 256 2.000000000
0 138 7 10082 256 2.000000000
0 139 7 10083 256 2.000000000
0 140 7 10084 256 2.000000000
0 141 7 10085 256 2.000000000
0 142 7 10086 256 2.000000000
0 143 7 10087 256 2.000000000
0 256 7 10088 256 2.000000000
0 257 7 10089 256 2.000000000
0 258 7 10090 256 2.000000000
0 259 7 10091 256 2.000000000
0 260 7 10092 256 2.000000000
0 261 7 10093 256 2.000000000
0 262 7 10094 256 2.000000000
0 263 7 10095 256 2.000000000
0 264 7 10096 256 2.000000000
0 265 7 10097 256 2.000000000
0 266 7 10098 256 2.000000000
0 267 7 10099 256 2.000000000
0 268 7 10100 256 2.000000000
0 269 7 10101 256 2.000000000
0 270 7 10102 256 2.000000000
0 271 7 10103 256 2.000000000
0 384 7 10104 256 2.000000000
0 385 7 10105 256 2.000000000
0 386 7 10106 256 2.000000000
0 387 7 10107 256 2.000000000
0 388 7 10108 256 2.000000000
0 389 7 10109 256 2.000000000
0 390 7 10110 256 2.000000000
0 391 7 10111 256 2.000000000
0 392 7 10112 256 2.000000000
0 393 7 10113 256 2.000000000
0 394 7 10114 256 2.000000000
0 395 7 10115 256 2.000000000
0 396 7 10116 256 2.000000000
0 397 7 10117 256 2.000000000
0 398 7 10118 256 2.000000000
0 399 7 10119 256 2.000000000
1 8 7 10120 256 2.000000000
1 9 7 10121 256 2.000000000
1 10 7 10122 256 2.000000000
1 11 7 10123 256 2.000000000
1 12 7 10124 256 2.000000000
1 13 7 10125 256 2.000000000
1 14 7 10126 256 2.000000000
1 15 7 10127 256 2.000000000
1 128 7 10128 256 2.000000000
1 129 7 10129 256 2.000000000
1 130 7 10130 256 2.000000000
1 131 7 10131 256 2.000000000
1 132 7 10132 256 2.000000000
1 133 7 10133 256 2.000000000
1 134 7 10134 256 2.000000000
1 135 7 10135 256 2.000000000
1 136 7 10136 256 2.000000000
1 137 7 10137 256 2.000000000
1 138 7 10138 256 2.000000000
1 139 7 10139 256 2.000000000
1 140 7 10140 256 2.000000000
1 141 7 10141 256 2.000000000
1 142 7 10142 256 2.000000000
1 143 7 10143 256 2.000000000
1 256 7 10144 256 2.000000000
1 257 7 10145 256 2.000000000
1 258 7 10146 256 2.000000000
1 259 7 10147 256 2.000000000
1 260 7 10148 256 2.000000000
1 261 7 10149 256 2.000000000
1 262 7 10150 256 2.000000000
1 263 7 10151 256 2.000000000
1 264 7 10152 256 2.000000000
1 265 7 10153 256 2.000000000
1 266 7 10154 256 2.000000000
1 267 7 10155 256 2.000000000
1 268 7 10156 256 2.000000000
1 269 7 10157 256 2.000000000
1 270 7 10158 256 2.000000000
1 271 7 10159 256 2.000000000
1 384 7 10160 256 2.000000000
1 385 7 10161 256 2.000000000
1 386 7 10162 256 2.000000000
1 387 7 10163 256 2.000000000
1 388 7 10164 256 2.000000000
1 389 7 10165 256 2.000000000
1 390 7 10166 256 2.000000000
1 391 7 10167 256 2.000000000
1 392 7 10168 256 2.000000000
1 393 7 10169 256 2.000000000
1 394 7 10170 256 2.000000000
1 395 7 10171 256 2.000000000
1 396 7 10172 256 2.000000000
1 397 7 10173 256 2.000000000
1 398 7 10174 256 2.000000000
1 399 7 10175 256 2.000000000
2 8 7 10176 256 2.000000000
2 9 7 10177 256 2.000000000
2 10 7 10178 256 2.000000000
2 11 7 10179 256 2.000000000
2 12 7 10180 256 2.000000000
2 13 7 10181 256 2.000000000
2 14 7 10182 256 2.000000000
2 15 7 10183 256 2.000000000
2 128 7 10184 256 2.000000000
2 129 7 10185 256 2.000000000
2 130 7 10186 256 2.000000000
2 131 7 10187 256 2.000000000
2 132 7 10188 256 2.000000000
2 133 7 10189 256 2.000000000
2 134 7 10190 256 2.000000000
2 135 7 10191 256 2.000000000
2 136 7 10192 256 2.000000000
2 137 7 10193 256 2.000000000
2 138 7 10194 256 2.000000000
2 139 7 10195 256 2.000000000
2 140 7 10196 256 2.000000000
2 141 7 10197 256 2.000000000
2 142 7 10198 256 2.000000000
2 143 7 10199 256 2.000000000
2 256 7 10200 256 2.000000000
2 257 7 10201 256 2.000000000
2 258 7 10202 256 2.000000000
2 259 7 10203 256 2.000000000
2 260 7 10204 256 2.000000000
2 261 7 10205 256 2.000000000
2 262 7 10206 256 2.000000000
2 263 7 10207 256 2.000000000
2 264 7 10208 256 2.000000000
2 265 7 10209 256 2.000000000
2 266 7 10210 256 2.000000000
2 267 7 10211 256 2.000000000
2 268 7 10212 256 2.000000000
2 269 7 10213 256 2.000000000
2 270 7 10214 256 2.000000000
2 271 7 10215 256 2.000000000
2 384 7 10216 256 2.000000000
2 385 7 10217 256 2.000000000
2 386 7 10218 256 2.000000000
2 387 7 10219 256 2.000000000
2 388 7 10220 256 2.000000000
2 389 7 10221 256 2.000000000
2 390 7 10222 256 2.000000000
2 391 7 10223 256 2.000000000
2 392 7 10224 256 2.000000000
2 393 7 10225 256 2.000000000
2 394 7 10226 256 2.000000000
2 395 7 10227 256 2.000000000
2 396 7 10228 256 2.000000000
2 397 7 10229 256 2.000000000
2 398 7 10230 256 2.000000000
2 399 7 10231 256 2.000000000
3 8 7 10232 256 2.000000000
3 9 7 10233 256 2.000000000
3 10 7 10234 256 2.000000000
3 11 7 10235 256 2.000000000
3 12 7 10236 256 2.000000000
3 13 7 10237 256 2.000000000
3 14 7 10238 256 2.000000000
3 15 7 10239 256 2.000000000
3 128 7 10240 256 2.000000000
3 129 7 10241 256 2.000000000
3 130 7 10242 256 2.000000000
3 131 7 10243 256 2.000000000
3 132 7 10244 256 2.000000000
3 133 7 10245 256 2.000000000
3 134 7 10246 256 2.000000000
3 135 7 10247 256 2.000000000
3 136 7 10248 256 2.000000000
3 137 7 10249 256 2.000000000
3 138 7 10250 256 2.000000000
3 139 7 10251 256 2.000000000
3 140 7 10252 256 2.000000000
3 141 7 10253 256 2.000000000
3 142 7 10254 256 2.000000000
3 143 7 10255 256 2.000000000
3 256 7 10256 256 2.000000000
3 257 7 10257 256 2.000000000
3 258 7 10258 256 2.000000000
3 259 7 10259 256 2.000000000
3 260 7 10260 256 2.000000000
3 261 7 10261 256 2.000000000
3 262 7 10262 256 2.000000000
3 263 7 10263 256 2.000000000
3 264 7 10264 256 2.000000000
3 265 7 10265 256 2.000000000
3 266 7 10266 256 2.000000000
3 267 7 10267 256 2.000000000
3 268 7 10268 256 2.000000000
3 269 7 10269 256 2.000000000
3 270 7 10270 256 2.000000000
3 271 7 10271 256 2.000000000
3 384 7 10272 256 2.000000000
3 385 7 10273 256 2.000000000
3 386 7 10274 256 2.000000000
3 387 7 10275 256 2.000000000
3 388 7 10276 256 2.000000000
3 389 7 10277 256 2.000000000
3 390 7 10278 256 2.000000000
3 391 7 10279 256 2.000000000
3 392 7 10280 256 2.000000000
3 393 7 10281 256 2.000000000
3 394 7 10282 256 2.000000000
3 395 7 10283 256 2.000000000
3 396 7 10284 256 2.000000000
3 397 7 10285 256 2.000000000
3 398 7 10286 256 2.000000000
3 399 7 10287 256 2.000000000
4 8 7 10288 256 2.000000000
4 9 7 10289 256 2.000000000
4 10 7 10290 256 2.000000000
4 11 7 10291 256 2.000000000
4 12 7 10292 256 2.000000000
4 13 7 10293 256 2.000000000
4 14 7 10294 256 2.000000000
4 15 7 10295 256 2.000000000
4 128 7 10296 256 2.000000000
4 129 7 10297 256 2.000000000
4 130 7 10298 256 2.000000000
4 131 7 10299 256 2.000000000
4 132 7 10300 256 2.000000000
4 133 7 10301 256 2.000000000
4 134 7 10302 256 2.000000000
4 135 7 10303 256 2.000000000
4 136 7 10304 256 2.000000000
4 137 7 10305 256 2.000000000
4 138 7 10306 256 2.000000000
4 139 7 10307 256 2.000000000
4 140 7 10308 256 2.000000000
4 141 7 10309 256 2.000000000
4 142 7 10310 256 2.000000000
4 143 7 10311 256 2.000000000
4 256 7 10312 256 2.000000000
4 257 7 10313 256 2.000000000
4 258 7 10314 256 2.000000000
4 259 7 10315 256 2.000000000
4 260 7 10316 256 2.000000000
4 261 7 10317 256 2.000000000
4 262 7 10318 256 2.000000000
4 263 7 10319 256 2.000000000
4 264 7 10320 256 2.000000000
4 265 7 10321 256 2.000000000
4 266 7 10322 256 2.000000000
4 267 7 10323 256 2.000000000
4 268 7 10324 256 2.000000000
4 269 7 10325 256 2.000000000
4 270 7 10326 256 2.000000000
4 271 7 10327 256 2.000000000
4 384 7 10328 256 2.000000000
4 385 7 10329 256 2.000000000
4 386 7 10330 256 2.000000000
4 387 7 10331 256 2.000000000
4 388 7 10332 256 2.000000000
4 389 7 10333 256 2.000000000
4 390 7 10334 256 2.000000000
4 391 7 10335 256 2.000000000
4 392 7 10336 256 2.000000000
4 393 7 10337 256 2.000000000
4 394 7 10338 256 2.000000000
4 395 7 10339 256 2.000000000
4 396 7 10340 256 2.000000000
4 397 7 10341 256 2.000000000
4 398 7 10342 256 2.000000000
4 399 7 10343 256 2.000000000
5 8 7 10344 256 2.000000000
5 9 7 10345 256 2.000000000
5 10 7 10346 256 2.000000000
5 11 7 10347 256 2.000000000
5 12 7 10348 256 2.000000000
5 13 7 10349 256 2.000000000
5 14 7 10350 256 2.000000000
5 15 7 10351 256 2.000000000
5 128 7 10352 256 2.000000000
5 129 7 10353 256 2.000000000
5 130 7 10354 256 2.000000000
5 131 7 10355 256 2.000000000
5 132 7 10356 256 2.000000000
5 133 7 10357 256 2.000000000
5 134 7 10358 256 2.000000000
5 135 7 10359 256 2.000000000
5 136 7 10360 256 2.000000000
5 137 7 10361 256 2.000000000
5 138 7 10362 256 2.000000000
5 139 7 10363 256 2.000000000
5 140 7 10364 256 2.000000000
5 141 7 10365 256 2.000000000
5 142 7 10366 256 2.000000000
5 143 7 10367 256 2.000000000
5 256 7 10368 256 2.000000000
5 257 7 10369 256 2.000000000
5 258 7 10370 256 2.000000000
5 259 7 10371 256 2.000000000
5 260 7 10372 256 2.000000000
5 261 7 10373 256 2.000000000
5 262 7 10374 256 2.000000000
5 263 7 10375 256 2.000000000
5 264 7 10376 256 2.000000000
5 265 7 10377 256 2.000000000
5 266 7 10378 256 2.000000000
5 267 7 10379 256 2.000000000
5 268 7 10380 256 2.000000000
5 269 7 10381 256 2.000000000
5 270 7 10382 256 2.000000000
5 271 7 10383 256 2.000000000
5 384 7 10384 256 2.000000000
5 385 7 10385 256 2.000000000
5 386 7 10386 256 2.000000000
5 387 7 10387 256 2.000000000
5 388 7 10388 256 2.000000000
5 389 7 10389 256 2.000000000
5 390 7 10390 256 2.000000000
5 391 7 10391 256 2.000000000
5 392 7 10392 256 2.000000000
5 393 7 10393 256 2.000000000
5 394 7 10394 256 2.000000000
5 395 7 10395 256 2.000000000
5 396 7 10396 256 2.000000000
5 397 7 10397 256 2.000000000
5 398 7 10398 256 2.000000000
5 399 7 10399 256 2.000000000
6 8 7 10400 256 2.000000000
6 9 7 10401 256 2.000000000
6 10 7 10402 256 2.000000000
6 11 7 10403 256 2.000000000
6 12 7 10404 256 2.000000000
6 13 7 10405 256 2.000000000
6 14 7 10406 256 2.000000000
6 15 7 10407 256 2.000000000
6 128 7 10408 256 2.000000000
6 129 7 10409 256 2.000000000
6 130 7 10410 256 2.000000000
6 131 7 10411 256 2.000000000
6 132 7 10412 256 2.000000000
6 133 7 10413 256 2.000000000
6 134 7 10414 256 2.000000000
6 135 7 10415 256 2.000000000
6 136 7 10416 256 2.000000000
6 137 7 10417 256 2.000000000
6 138 7 10418 256 2.000000000
6 139 7 10419 256 2.000000000
6 140 7 10420 256 2.000000000
6 141 7 10421 256 2.000000000
6 142 7 10422 256 2.000000000
6 143 7 10423 256 2.000000000
6 256 7 10424 256 2.000000000
6 257 7 10425 256 2.000000000
6 258 7 10426 256 2.000000000
6 259 7 10427 256 2.000000000
6 260 7 10428 256 2.000000000
6 261 7 10429 256 2.000000000
6 262 7 10430 256 2.000000000
6 263 7 10431 256 2.000000000
6 264 7 10432 256 2.000000000
6 265 7 10433 256 2.000000000
6 266 7 10434 256 2.000000000
6 267 7 10435 256 2.000000000
6 268 7 10436 256 2.000000000
6 269 7 10437 256 2.000000000
6 270 7 10438 256 2.000000000
6 271 7 10439 256 2.000000000
6 384 7 10440 256 2.000000000
6 385 7 10441 256 2.000000000
6 386 7 10442 256 2.000000000
6 387 7 10443 256 2.000000000
6 388 7 10444 256 2.000000000
6 389 7 10445 256 2.000000000
6 390 7 10446 256 2.000000000
6 391 7 10447 256 2.000000000
6 392 7 10448 256 2.000000000
6 393 7 10449 256 2.000000000
6 394 7 10450 256 2.000000000
6 395 7 10451 256 2.000000000
6 396 7 10452 256 2.000000000
6 397 7 10453 256 2.000000000
6 398 7 10454 256 2.000000000
6 399 7 10455 256 2.000000000
7 8 7 10456 256 2.000000000
7 9 7 10457 256 2.000000000
7 10 7 10458 256 2.000000000
7 11 7 10459 256 2.000000000
7 12 7 10460 256 2.000000000
7 13 7 10461 256 2.000000000
7 14 7 10462 256 2.000000000
7 15 7 10463 256 2.000000000
7 128 7 10464 256 2.000000000
7 129 7 10465 256 2.000000000
7 130 7 10466 256 2.000000000
7 131 7 10467 256 2.000000000
7 132 7 10468 256 2.000000000
7 133 7 10469 256 2.000000000
7 134 7 10470 256 2.000000000
7 135 7 10471 256 2.000000000
7 136 7 10472 256 2.000000000
7 137 7 10473 256 2.000000000
7 138 7 10474 256 2.000000000
7 139 7 10475 256 2.000000000
7 140 7 10476 256 2.000000000
7 141 7 10477 256 2.000000000
7 142 7 10478 256 2.000000000
7 143 7 10479 256 2.000000000
7 256 7 10480 256 2.000000000
7 257 7 10481 256 2.000000000
7 258 7 10482 256 2.000000000
7 259 7 10483 256 2.000000000
7 260 7 10484 256 2.000000000
7 261 7 10485 256 2.000000000
7 262 7 10486 256 2.000000000
7 263 7 10487 256 2.000000000
7 264 7 10488 256 2.000000000
7 265 7 10489 256 2.000000000
7 266 7 10490 256 2.000000000
7 267 7 10491 256 2.000000000
7 268 7 10492 256 2.000000000
7 269 7 10493 256 2.000000000
7 270 7 10494 256 2.000000000
7 271 7 10495 256 2.000000000
7 384 7 10496 256 2.000000000
7 385 7 10497 256 2.000000000
7 386 7 10498 256 2.000000000
7 387 7 10499 256 2.000000000
7 388 7 10500 256 2.000000000
7 389 7 10501 256 2.000000000
7 390 7 10502 256 2.000000000
7 391 7 10503 256 2.000000000
7 392 7 10504 256 2.000000000
7 393 7 10505 256 2.000000000
7 394 7 10506 256 2.000000000
7 395 7 10507 256 2.000000000
7 396 7 10508 256 2.000000000
7 397 7 10509 256 2.000000000
7 398 7 10510 256 2.000000000
7 399 7 10511 256 2.000000000
8 0 7 10512 256 2.000000000
8 1 7 10513 256 2.000000000
8 2 7 10514 256 2.000000000
8 3 7 10515 256 2.000000000
8 4 7 10516 256 2.000000000
8 5 7 10517 256 2.000000000
8 6 7 10518 256 2.000000000
8 7 7 10519 256 2.000000000
8 128 7 10520 256 2.000000000
8 129 7 10521 256 2.000000000
8 130 7 10522 256 2.000000000
8 131 7 10523 256 2.000000000
8 132 7 10524 256 2.000000000
8 133 7 10525 256 2.000000000
8 134 7 10526 256 2.000000000
8 135 7 10527 256 2.000000000
8 136 7 10528 256 2.000000000
8 137 7 10529 256 2.000000000
8 138 7 10530 256 2.000000000
8 139 7 10531 256 2.000000000
8 140 7 10532 256 2.000000000
8 141 7 10533 256 2.000000000
8 142 7 10534 256 2.000000000
8 143 7 10535 256 2.000000000
8 256 7 10536 256 2.000000000
8 257 7 10537 256 2.000000000
8 258 7 10538 256 2.000000000
8 259 7 10539 256 2.000000000
8 260 7 10540 256 2.000000000
8 261 7 10541 256 2.000000000
8 262 7 10542 256 2.000000000
8 263 7 10543 256 2.000000000
8 264 7 10544 256 2.000000000
8 265 7 10545 256 2.000000000
8 266 7 10546 256 2.000000000
8 267 7 10547 256 2.000000000
8 268 7 10548 256 2.000000000
8 269 7 10549 256 2.000000000
8 270 7 10550 256 2.000000000
8 271 7 10551 256 2.000000000
8 384 7 10552 256 2.000000000
8 385 7 10553 256 2.000000000
8 386 7 10554 256 2.000000000
8 387 7 10555 256 2.000000000
8 388 7 10556 256 2.000000000
8 389 7 10557 256 2.000000000
8 390 7 10558 256 2.000000000
8 391 7 10559 256 2.000000000
8 392 7 10560 256 2.000000000
8 393 7 10561 256 2.000000000
8 394 7 10562 256 2.000000000
8 395 7 10563 256 2.000000000
8 396 7 10564 256 2.000000000
8 397 7 10565 256 2.000000000
8 398 7 10566 256 2.000000000
8 399 7 10567 256 2.000000000
9 0 7 10568 256 2.000000000
9 1 7 10569 256 2.000000000
9 2 7 10570 256 2.000000000
9 3 7 10571 256 2.000000000
9 4 7 10572 256 2.000000000
9 5 7 10573 256 2.000000000
9 6 7 10574 256 2.000000000
9 7 7 10575 256 2.000000000
9 128 7 10576 256 2.000000000
9 129 7 10577 256 2.000000000
9 130 7 10578 256 2.000000000
9 131 7 10579 256 2.000000000
9 132 7 10580 256 2.000000000
9 133 7 10581 256 2.000000000
9 134 7 10582 256 2.000000000
9 135 7 10583 256 2.000000000
9 136 7 10584 256 2.000000000
9 137 7 10585 256 2.000000000
9 138 7 10586 256 2.000000000
9 139 7 10587 256 2.000000000
9 140 7 10588 256 2.000000000
9 141 7 10589 256 2.000000000
9 142 7 10590 256 2.000000000
9 143 7 10591 256 2.000000000
9 256 7 10592 256 2.000000000
9 257 7 10593 256 2.000000000
9 258 7 10594 256 2.000000000
9 259 7 10595 256 2.000000000
9 260 7 10596 256 2.000000000
9 261 7 10597 256 2.000000000
9 262 7 10598 256 2.000000000
9 263 7 10599 256 2.000000000
9 264 7 10600 256 2.000000000
9 265 7 10601 256 2.000000000
9 266 7 10602 256 2.000000000
9 267 7 10603 256 2.000000000
9 268 7 10604 256 2.000000000
9 269 7 10605 256 2.000000000
9 270 7 10606 256 2.000000000
9 271 7 10607 256 2.000000000
9 384 7 10608 256 2.000000000
9 385 7 10609 256 2.000000000
9 386 7 10610 256 2.000000000
9 387 7 10611 256 2.000000000
9 388 7 10612 256 2.000000000
9 389 7 10613 256 2.000000000
9 390 7 10614 256 2.000000000
9 391 7 10615 256 2.000000000
9 392 7 10616 256 2.000000000
9 393 7 10617 256 2.000000000
9 394 7 10618 256 2.000000000
9 395 7 10619 256 2.000000000
9 396 7 10620 256 2.000000000
9 397 7 10621 256 2.000000000
9 398 7 10622 256 2.000000000
9 399 7 10623 256 2.000000000
10 0 7 10624 256 2.000000000
10 1 7 10625 256 2.000000000
10 2 7 10626 256 2.000000000
10 3 7 10627 256 2.000000000
10 4 7 10628 256 2.000000000
10 5 7 10629 256 2.000000000
10 6 7 10630 256 2.000000000
10 7 7 10631 256 2.000000000
10 128 7 10632 256 2.000000000
10 129 7 10633 256 2.000000000
10 130 7 10634 256 2.000000000
10 131 7 10635 256 2.000000000
10 132 7 10636 256 2.000000000
10 133 7 10637 256 2.000000000
10 134 7 10638 256 2.000000000
10 135 7 10639 256 2.000000000
10 136 7 10640 256 2.000000000
10 137 7 10641 256 2.000000000
10 138 7 10642 256 2.000000000
10 139 7 10643 256 2.000000000
10 140 7 10644 256 2.000000000
10 141 7 10645 256 2.000000000
10 142 7 10646 256 2.000000000
10 143 7 10647 256 2.000000000
10 256 7 10648 256 2.000000000
10 257 7 10649 256 2.000000000
10 258 7 10650 256 2.000000000
10 259 7 10651 256 2.000000000
10 260 7 10652 256 2.000000000
10 261 7 10653 256 2.000000000
10 262 7 10654 256 2.000000000
10 263 7 10655 256 2.000000000
10 264 7 10656 256 2.000000000
10 265 7 10657 256 2.000000000
10 266 7 10658 256 2.000000000
10 267 7 10659 256 2.000000000
10 268 7 10660 256 2.000000000
10 269 7 10661 256 2.000000000
10 270 7 10662 256 2.000000000
10 271 7 10663 256 2.000000000
10 384 7 10664 256 2.000000000
10 385 7 10665 256 2.000000000
10 386 7 10666 256 2.000000000
10 387 7 10667 256 2.000000000
10 388 7 10668 256 2.000000000
10 389 7 10669 256 2.000000000
10 390 7 10670 256 2.000000000
10 391 7 10671 256 2.000000000
10 392 7 10672 256 2.000000000
10 393 7 10673 256 2.000000000
10 394 7 10674 256 2.000000000
10 395 7 10675 256 2.000000000
10 396 7 10676 256 2.000000000
10 397 7 10677 256 2.000000000
10 398 7 10678 256 2.000000000
10 399 7 10679 256 2.000000000
11 0 7 10680 256 2.000000000
11 1 7 10681 256 2.000000000
11 2 7 10682 256 2.000000000
11 3 7 10683 256 2.000000000
11 4 7 10684 256 2.000000000
11 5 7 10685 256 2.000000000
11 6 7 10686 256 2.000000000
11 7 7 10687 256 2.000000000
11 128 7 10688 256 2.000000000
11 129 7 10689 256 2.000000000
11 130 7 10690 256 2.000000000
11 131 7 10691 256 2.000000000
11 132 7 10692 256 2.000000000
11 133 7 10693 256 2.000000000
11 134 7 10694 256 2.000000000
11 135 7 10695 256 2.000000000
11 136 7 10696 256 2.000000000
11 137 7 10697 256 2.000000000
11 138 7 10698 256 2.000000000
11 139 7 10699 256 2.000000000
11 140 7 10700 256 2.000000000
11 141 7 10701 256 2.000000000
11 142 7 10702 256 2.000000000
11 143 7 10703 256 2.000000000
11 256 7 10704 256 2.000000000
11 257 7 10705 256 2.000000000
11 258 7 10706 256 2.000000000
11 259 7 10707 256 2.000000000
11 260 7 10708 256 2.000000000
11 261 7 10709 256 2.000000000
11 262 7 10710 256 2.000000000
11 263 7 10711 256 2.000000000
11 264 7 10712 256 2.000000000
11 265 7 10713 256 2.000000000
11 266 7 10714 256 2.000000000
11 267 7 10715 256 2.000000000
11 268 7 10716 256 2.000000000
11 269 7 10717 256 2.000000000
11 270 7 10718 256 2.000000000
11 271 7 10719 256 2.000000000
11 384 7 10720 256 2.000000000
11 385 7 10721 256 2.000000000
11 386 7 10722 256 2.000000000
11 387 7 10723 256 2.000000000
11 388 7 10724 256 2.000000000
11 389 7 10725 256 2.000000000
11 390 7 10726 256 2.000000000
11 391 7 10727 256 2.000000000
11 392 7 10728 256 2.000000000
11 393 7 10729 256 2.000000000
11 394 7 10730 256 2.000000000
11 395 7 10731 256 2.000000000
11 396 7 10732 256 2.000000000
11 397 7 10733 256 2.000000000
11 398 7 10734 256 2.000000000
11 399 7 10735 256 2.000000000
12 0 7 10736 256 2.000000000
12 1 7 10737 256 2.000000000
12 2 7 10738 256 2.000000000
12 3 7 10739 256 2.000000000
12 4 7 10740 256 2.000000000
12 5 7 10741 256 2.000000000
12 6 7 10742 256 2.000000000
12 7 7 10743 256 2.000000000
12 128 7 10744 256 2.000000000
12 129 7 10745 256 2.000000000
12 130 7 10746 256 2.000000000
12 131 7 10747 256 2.000000000
12 132 7 10748 256 2.000000000
12 133 7 10749 256 2.000000000
12 134 7 10750 256 2.000000000
12 135 7 10751 256 2.000000000
12 136 7 10752 256 2.000000000
12 137 7 10753 256 2.000000000
12 138 7 10754 256 2.000000000
12 139 7 10755 256 2.000000000
12 140 7 10756 256 2.000000000
12 141 7 10757 256 2.000000000
12 142 7 10758 256 2.000000000
12 143 7 10759 256 2.000000000
12 256 7 10760 256 2.000000000
12 257 7 10761 256 2.000000000
12 258 7 10762 256 2.000000000
12 259 7 10763 256 2.000000000
12 260 7 10764 256 2.000000000
12 261 7 10765 256 2.000000000
12 262 7 10766 256 2.000000000
12 263 7 10767 256 2.000000000
12 264 7 10768 256 2.000000000
12 265 7 10769 256 2.000000000
12 266 7 10770 256 2.000000000
12 267 7 10771 256 2.000000000
12 268 7 10772 256 2.000000000
12 269 7 10773 256 2.000000000
12 270 7 10774 256 2.000000000
12 271 7 10775 256 2.000000000
12 384 7 10776 256 2.000000000
12 385 7 10777 256 2.000000000
12 386 7 10778 256 2.000000000
12 387 7 10779 256 2.000000000
12 388 7 10780 256 2.000000000
12 389 7 10781 256 2.000000000
12 390 7 10782 256 2.000000000
12 391 7 10783 256 2.000000000
12 392 7 10784 256 2.000000000
12 393 7 10785 256 2.000000000
12 394 7 10786 256 2.000000000
12 395 7 10787 256 2.000000000
12 396 7 10788 256 2.000000000
12 397 7 10789 256 2.000000000
12 398 7 10790 256 2.000000000
12 399 7 10791 256 2.000000000
13 0 7 10792 256 2.000000000
13 1 7 10793 256 2.000000000
13 2 7 10794 256 2.000000000
13 3 7 10795 256 2.000000000
13 4 7 10796 256 2.000000000
13 5 7 10797 256 2.000000000
13 6 7 10798 256 2.000000000
13 7 7 10799 256 2.000000000
13 128 7 10800 256 2.000000000
13 129 7 10801 256 2.000000000
13 130 7 10802 256 2.000000000
13 131 7 10803 256 2.000000000
13 132 7 10804 256 2.000000000
13 133 7 10805 256 2.000000000
13 134 7 10806 256 2.000000000
13 135 7 10807 256 2.000000000
13 136 7 10808 256 2.000000000
13 137 7 10809 256 2.000000000
13 138 7 10810 256 2.000000000
13 139 7 10811 256 2.000000000
13 140 7 10812 256 2.000000000
13 141 7 10813 256 2.000000000
13 142 7 10814 256 2.000000000
13 143 7 10815 256 2.000000000
13 256 7 10816 256 2.000000000
13 257 7 10817 256 2.000000000
13 258 7 10818 256 2.000000000
13 259 7 10819 256 2.000000000
13 260 7 10820 256 2.000000000
13 261 7 10821 256 2.000000000
13 262 7 10822 256 2.000000000
13 263 7 10823 256 2.000000000
13 264 7 10824 256 2.000000000
13 265 7 10825 256 2.000000000
13 266 7 10826 256 2.000000000
13 267 7 10827 256 2.000000000
13 268 7 10828 256 2.000000000
13 269 7 10829 256 2.000000000
13 270 7 10830 256 2.000000000
13 271 7 10831 256 2.000000000
13 384 7 10832 256 2.000000000
13 385 7 10833 256 2.000000000
13 386 7 10834 256 2.000000000
13 387 7 10835 256 2.000000000
13 388 7 10836 256 2.000000000
13 389 7 10837 256 2.000000000
13 390 7 10838 256 2.000000000
13 391 7 10839 256 2.000000000
13 392 7 10840 256 2.000000000
13 393 7 10841 256 2.000000000
13 394 7 10842 256 2.000000000
13 395 7 10843 256 2.000000000
13 396 7 10844 256 2.000000000
13 397 7 10845 256 2.000000000
13 398 7 10846 256 2.000000000
13 399 7 10847 256 2.000000000
14 0 7 10848 256 2.000000000
14 1 7 10849 256 2.000000000
14 2 7 10850 256 2.000000000
14 3 7 10851 256 2.000000000
14 4 7 10852 256 2.000000000
14 5 7 10853 256 2.000000000
14 6 7 10854 256 2.000000000
14 7 7 10855 256 2.000000000
14 128 7 10856 256 2.000000000
14 129 7 10857 256 2.000000000
14 130 7 10858 256 2.000000000
14 131 7 10859 256 2.000000000
14 132 7 10860 256 2.000000000
14 133 7 10861 256 2.000000000
14 134 7 10862 256 2.000000000
14 135 7 10863 256 2.000000000
14 136 7 10864 256 2.000000000
14 137 7 10865 256 2.000000000
14 138 7 10866 256 2.000000000
14 139 7 10867 256 2.000000000
14 140 7 10868 256 2.000000000
14 141 7 10869 256 2.000000000
14 142 7 10870 256 2.000000000
14 143 7 10871 256 2.000000000
14 256 7 10872 256 2.000000000
14 257 7 10873 256 2.000000000
14 258 7 10874 256 2.000000000
14 259 7 10875 256 2.000000000
14 260 7 10876 256 2.000000000
14 261 7 10877 256 2.000000000
14 262 7 10878 256 2.000000000
14 263 7 10879 256 2.000000000
14 264 7 10880 256 2.000000000
14 265 7 10881 256 2.000000000
14 266 7 10882 256 2.000000000
14 267 7 10883 256 2.000000000
14 268 7 10884 256 2.000000000
14 269 7 10885 256 2.000000000
14 270 7 10886 256 2.000000000
14 271 7 10887 256 2.000000000
14 384 7 10888 256 2.000000000
14 385 7 10889 256 2.000000000
14 386 7 10890 256 2.000000000
14 387 7 10891 256 2.000000000
14 388 7 10892 256 2.000000000
14 389 7 10893 256 2.000000000
14 390 7 10894 256 2.000000000
14 391 7 10895 256 2.000000000
14 392 7 10896 256 2.000000000
14 393 7 10897 256 2.000000000
14 394 7 10898 256 2.000000000
14 395 7 10899 256 2.000000000
14 396 7 10900 256 2.000000000
14 397 7 10901 256 2.000000000
14 398 7 10902 256 2.000000000
14 399 7 10903 256 2.000000000
15 0 7 10904 256 2.000000000
15 1 7 10905 256 2.000000000
15 2 7 10906 256 2.000000000
15 3 7 10907 256 2.000000000
15 4 7 10908 256 2.000000000
15 5 7 10909 256 2.000000000
15 6 7 10910 256 2.000000000
15 7 7 10911 256 2.000000000
15 128 7 10912 256 2.000000000
15 129 7 10913 256 2.000000000
15 130 7 10914 256 2.000000000
15 131 7 10915 256 2.000000000
15 132 7 10916 256 2.000000000
15 133 7 10917 256 2.000000000
15 134 7 10918 256 2.000000000
15 135 7 10919 256 2.000000000
15 136 7 10920 256 2.000000000
15 137 7 10921 256 2.000000000
15 138 7 10922 256 2.000000000
15 139 7 10923 256 2.000000000
15 140 7 10924 256 2.000000000
15 141 7 10925 256 2.000000000
15 142 7 10926 256 2.000000000
15 143 7 10927 256 2.000000000
15 256 7 10928 256 2.000000000
15 257 7 10929 256 2.000000000
15 258 7 10930 256 2.000000000
15 259 7 10931 256 2.000000000
15 260 7 10932 256 2.000000000
15 261 7 10933 256 2.000000000
15 262 7 10934 256 2.000000000
15 263 7 10935 256 2.000000000
15 264 7 10936 256 2.000000000
15 265 7 10937 256 2.000000000
15 266 7 10938 256 2.000000000
15 267 7 10939 256 2.000000000
15 268 7 10940 256 2.000000000
15 269 7 10941 256 2.000000000
15 270 7 10942 256 2.000000000
15 271 7 10943 256 2.000000000
15 384 7 10944 256 2.000000000
15 385 7 10945 256 2.000000000
15 386 7 10946 256 2.000000000
15 387 7 10947 256 2.000000000
15 388 7 10948 256 2.000000000
15 389 7 10949 256 2.000000000
15 390 7 10950 256 2.000000000
15 391 7 10951 256 2.000000000
15 392 7 10952 256 2.000000000
15 393 7 10953 256 2.000000000
15 394 7 10954 256 2.000000000
15 395 7 10955 256 2.000000000
15 396 7 10956 256 2.000000000
15 397 7 10957 256 2.000000000
15 398 7 10958 256 2.000000000
15 399 7 10959 256 2.000000000
