240
0 1 7 10000 1 2.000000000
0 2 7 10001 1 2.000000000
0 3 7 10002 1 2.000000000
0 4 7 10003 1 2.000000000
0 5 7 10004 1 2.000000000
0 6 7 10005 1 2.000000000
0 7 7 10006 1 2.000000000
0 8 7 10007 1 2.000000000
0 9 7 10008 1 2.000000000
0 10 7 10009 1 2.000000000
0 11 7 10010 1 2.000000000
0 12 7 10011 1 2.000000000
0 13 7 10012 1 2.000000000
0 14 7 10013 1 2.000000000
0 15 7 10014 1 2.000000000
1 0 7 10015 1 2.000000000
1 2 7 10016 1 2.000000000
1 3 7 10017 1 2.000000000
1 4 7 10018 1 2.000000000
1 5 7 10019 1 2.000000000
1 6 7 10020 1 2.000000000
1 7 7 10021 1 2.000000000
1 8 7 10022 1 2.000000000
1 9 7 10023 1 2.000000000
1 10 7 10024 1 2.000000000
1 11 7 10025 1 2.000000000
1 12 7 10026 1 2.000000000
1 13 7 10027 1 2.000000000
1 14 7 10028 1 2.000000000
1 15 7 10029 1 2.000000000
2 0 7 10030 1 2.000000000
2 1 7 10031 1 2.000000000
2 3 7 10032 1 2.000000000
2 4 7 10033 1 2.000000000
2 5 7 10034 1 2.000000000
2 6 7 10035 1 2.000000000
2 7 7 10036 1 2.000000000
2 8 7 10037 1 2.000000000
2 9 7 10038 1 2.000000000
2 10 7 10039 1 2.000000000
2 11 7 10040 1 2.000000000
2 12 7 10041 1 2.000000000
2 13 7 10042 1 2.000000000
2 14 7 10043 1 2.000000000
2 15 7 10044 1 2.000000000
3 0 7 10045 1 2.000000000
3 1 7 10046 1 2.000000000
3 2 7 10047 1 2.000000000
3 4 7 10048 1 2.000000000
3 5 7 10049 1 2.000000000
3 6 7 10050 1 2.000000000
3 7 7 10051 1 2.000000000
3 8 7 10052 1 2.000000000
3 9 7 10053 1 2.000000000
3 10 7 10054 1 2.000000000
3 11 7 10055 1 2.000000000
3 12 7 10056 1 2.000000000
3 13 7 10057 1 2.000000000
3 14 7 10058 1 2.000000000
3 15 7 10059 1 2.000000000
4 0 7 10060 1 2.000000000
4 1 7 10061 1 2.000000000
4 2 7 10062 1 2.000000000
4 3 7 10063 1 2.000000000
4 5 7 10064 1 2.000000000
4 6 7 10065 1 2.000000000
4 7 7 10066 1 2.000000000
4 8 7 10067 1 2.000000000
4 9 7 10068 1 2.000000000
4 10 7 10069 1 2.000000000
4 11 7 10070 1 2.000000000
4 12 7 10071 1 2.000000000
4 13 7 10072 1 2.000000000
4 14 7 10073 1 2.000000000
4 15 7 10074 1 2.000000000
5 0 7 10075 1 2.000000000
5 1 7 10076 1 2.000000000
5 2 7 10077 1 2.000000000
5 3 7 10078 1 2.000000000
5 4 7 10079 1 2.000000000
5 6 7 10080 1 2.000000000
5 7 7 10081 1 2.000000000
5 8 7 10082 1 2.000000000
5 9 7 10083 1 2.000000000
5 10 7 10084 1 2.000000000
5 11 7 10085 1 2.000000000
5 12 7 10086 1 2.000000000
5 13 7 10087 1 2.000000000
5 14 7 10088 1 2.000000000
5 15 7 10089 1 2.000000000
6 0 7 10090 1 2.000000000
6 1 7 10091 1 2.000000000
6 2 7 10092 1 2.000000000
6 3 7 10093 1 2.000000000
6 4 7 10094 1 2.000000000
6 5 7 10095 1 2.000000000
6 7 7 10096 1 2.000000000
6 8 7 10097 1 2.000000000
6 9 7 10098 1 2.000000000
6 10 7 10099 1 2.000000000
6 11 7 10100 1 2.000000000
6 12 7 10101 1 2.000000000
6 13 7 10102 1 2.000000000
6 14 7 10103 1 2.000000000
6 15 7 10104 1 2.000000000
7 0 7 10105 1 2.000000000
7 1 7 10106 1 2.000000000
7 2 7 10107 1 2.000000000
7 3 7 10108 1 2.000000000
7 4 7 10109 1 2.000000000
7 5 7 10110 1 2.000000000
7 6 7 10111 1 2.000000000
7 8 7 10112 1 2.000000000
7 9 7 10113 1 2.000000000
7 10 7 10114 1 2.000000000
7 11 7 10115 1 2.000000000
7 12 7 10116 1 2.000000000
7 13 7 10117 1 2.000000000
7 14 7 10118 1 2.000000000
7 15 7 10119 1 2.000000000
8 0 7 10120 1 2.000000000
8 1 7 10121 1 2.000000000
8 2 7 10122 1 2.000000000
8 3 7 10123 1 2.000000000
8 4 7 10124 1 2.000000000
8 5 7 10125 1 2.000000000
8 6 7 10126 1 2.000000000
8 7 7 10127 1 2.000000000
8 9 7 10128 1 2.000000000
8 10 7 10129 1 2.000000000
8 11 7 10130 1 2.000000000
8 12 7 10131 1 2.000000000
8 13 7 10132 1 2.000000000
8 14 7 10133 1 2.000000000
8 15 7 10134 1 2.000000000
9 0 7 10135 1 2.000000000
9 1 7 10136 1 2.000000000
9 2 7 10137 1 2.000000000
9 3 7 10138 1 2.000000000
9 4 7 10139 1 2.000000000
9 5 7 10140 1 2.000000000
9 6 7 10141 1 2.000000000
9 7 7 10142 1 2.000000000
9 8 7 10143 1 2.000000000
9 10 7 10144 1 2.000000000
9 11 7 10145 1 2.000000000
9 12 7 10146 1 2.000000000
9 13 7 10147 1 2.000000000
9 14 7 10148 1 2.000000000
9 15 7 10149 1 2.000000000
10 0 7 10150 1 2.000000000
10 1 7 10151 1 2.000000000
10 2 7 10152 1 2.000000000
10 3 7 10153 1 2.000000000
10 4 7 10154 1 2.000000000
10 5 7 10155 1 2.000000000
10 6 7 10156 1 2.000000000
10 7 7 10157 1 2.000000000
10 8 7 10158 1 2.000000000
10 9 7 10159 1 2.000000000
10 11 7 10160 1 2.000000000
10 12 7 10161 1 2.000000000
10 13 7 10162 1 2.000000000
10 14 7 10163 1 2.000000000
10 15 7 10164 1 2.000000000
11 0 7 10165 1 2.000000000
11 1 7 10166 1 2.000000000
11 2 7 10167 1 2.000000000
11 3 7 10168 1 2.000000000
11 4 7 10169 1 2.000000000
11 5 7 10170 1 2.000000000
11 6 7 10171 1 2.000000000
11 7 7 10172 1 2.000000000
11 8 7 10173 1 2.000000000
11 9 7 10174 1 2.000000000
11 10 7 10175 1 2.000000000
11 12 7 10176 1 2.000000000
11 13 7 10177 1 2.000000000
11 14 7 10178 1 2.000000000
11 15 7 10179 1 2.000000000
12 0 7 10180 1 2.000000000
12 1 7 10181 1 2.000000000
12 2 7 10182 1 2.000000000
12 3 7 10183 1 2.000000000
12 4 7 10184 1 2.000000000
12 5 7 10185 1 2.000000000
12 6 7 10186 1 2.000000000
12 7 7 10187 1 2.000000000
12 8 7 10188 1 2.000000000
12 9 7 10189 1 2.000000000
12 10 7 10190 1 2.000000000
12 11 7 10191 1 2.000000000
12 13 7 10192 1 2.000000000
12 14 7 10193 1 2.000000000
12 15 7 10194 1 2.000000000
13 0 7 10195 1 2.000000000
13 1 7 10196 1 2.000000000
13 2 7 10197 1 2.000000000
13 3 7 10198 1 2.000000000
13 4 7 10199 1 2.000000000
13 5 7 10200 1 2.000000000
13 6 7 10201 1 2.000000000
13 7 7 10202 1 2.000000000
13 8 7 10203 1 2.000000000
13 9 7 10204 1 2.000000000
13 10 7 10205 1 2.000000000
13 11 7 10206 1 2.000000000
13 12 7 10207 1 2.000000000
13 14 7 10208 1 2.000000000
13 15 7 10209 1 2.000000000
14 0 7 10210 1 2.000000000
14 1 7 10211 1 2.000000000
14 2 7 10212 1 2.000000000
14 3 7 10213 1 2.000000000
14 4 7 10214 1 2.000000000
14 5 7 10215 1 2.000000000
14 6 7 10216 1 2.000000000
14 7 7 10217 1 2.000000000
14 8 7 10218 1 2.000000000
14 9 7 10219 1 2.000000000
14 10 7 10220 1 2.000000000
14 11 7 10221 1 2.000000000
14 12 7 10222 1 2.000000000
14 13 7 10223 1 2.000000000
14 15 7 10224 1 2.000000000
15 0 7 10225 1 2.000000000
15 1 7 10226 1 2.000000000
15 2 7 10227 1 2.000000000
15 3 7 10228 1 2.000000000
15 4 7 10229 1 2.000000000
15 5 7 10230 1 2.000000000
15 6 7 10231 1 2.000000000
15 7 7 10232 1 2.000000000
15 8 7 10233 1 2.000000000
15 9 7 10234 1 2.000000000
15 10 7 10235 1 2.000000000
15 11 7 10236 1 2.000000000
15 12 7 10237 1 2.000000000
15 13 7 10238 1 2.000000000
15 14 7 10239 1 2.000000000
