240
0 1 7 10000 4 2.000000000
0 2 7 10001 4 2.000000000
0 3 7 10002 4 2.000000000
0 4 7 10003 4 2.000000000
0 5 7 10004 4 2.000000000
0 6 7 10005 4 2.000000000
0 7 7 10006 4 2.000000000
0 8 7 10007 4 2.000000000
0 9 7 10008 4 2.000000000
0 10 7 10009 4 2.000000000
0 11 7 10010 4 2.000000000
0 12 7 10011 4 2.000000000
0 13 7 10012 4 2.000000000
0 14 7 10013 4 2.000000000
0 15 7 10014 4 2.000000000
1 0 7 10015 4 2.000000000
1 2 7 10016 4 2.000000000
1 3 7 10017 4 2.000000000
1 4 7 10018 4 2.000000000
1 5 7 10019 4 2.000000000
1 6 7 10020 4 2.000000000
1 7 7 10021 4 2.000000000
1 8 7 10022 4 2.000000000
1 9 7 10023 4 2.000000000
1 10 7 10024 4 2.000000000
1 11 7 10025 4 2.000000000
1 12 7 10026 4 2.000000000
1 13 7 10027 4 2.000000000
1 14 7 10028 4 2.000000000
1 15 7 10029 4 2.000000000
2 0 7 10030 4 2.000000000
2 1 7 10031 4 2.000000000
2 3 7 10032 4 2.000000000
2 4 7 10033 4 2.000000000
2 5 7 10034 4 2.000000000
2 6 7 10035 4 2.000000000
2 7 7 10036 4 2.000000000
2 8 7 10037 4 2.000000000
2 9 7 10038 4 2.000000000
2 10 7 10039 4 2.000000000
2 11 7 10040 4 2.000000000
2 12 7 10041 4 2.000000000
2 13 7 10042 4 2.000000000
2 14 7 10043 4 2.000000000
2 15 7 10044 4 2.000000000
3 0 7 10045 4 2.000000000
3 1 7 10046 4 2.000000000
3 2 7 10047 4 2.000000000
3 4 7 10048 4 2.000000000
3 5 7 10049 4 2.000000000
3 6 7 10050 4 2.000000000
3 7 7 10051 4 2.000000000
3 8 7 10052 4 2.000000000
3 9 7 10053 4 2.000000000
3 10 7 10054 4 2.000000000
3 11 7 10055 4 2.000000000
3 12 7 10056 4 2.000000000
3 13 7 10057 4 2.000000000
3 14 7 10058 4 2.000000000
3 15 7 10059 4 2.000000000
4 0 7 10060 4 2.000000000
4 1 7 10061 4 2.000000000
4 2 7 10062 4 2.000000000
4 3 7 10063 4 2.000000000
4 5 7 10064 4 2.000000000
4 6 7 10065 4 2.000000000
4 7 7 10066 4 2.000000000
4 8 7 10067 4 2.000000000
4 9 7 10068 4 2.000000000
4 10 7 10069 4 2.000000000
4 11 7 10070 4 2.000000000
4 12 7 10071 4 2.000000000
4 13 7 10072 4 2.000000000
4 14 7 10073 4 2.000000000
4 15 7 10074 4 2.000000000
5 0 7 10075 4 2.000000000
5 1 7 10076 4 2.000000000
5 2 7 10077 4 2.000000000
5 3 7 10078 4 2.000000000
5 4 7 10079 4 2.000000000
5 6 7 10080 4 2.000000000
5 7 7 10081 4 2.000000000
5 8 7 10082 4 2.000000000
5 9 7 10083 4 2.000000000
5 10 7 10084 4 2.000000000
5 11 7 10085 4 2.000000000
5 12 7 10086 4 2.000000000
5 13 7 10087 4 2.000000000
5 14 7 10088 4 2.000000000
5 15 7 10089 4 2.000000000
6 0 7 10090 4 2.000000000
6 1 7 10091 4 2.000000000
6 2 7 10092 4 2.000000000
6 3 7 10093 4 2.000000000
6 4 7 10094 4 2.000000000
6 5 7 10095 4 2.000000000
6 7 7 10096 4 2.000000000
6 8 7 10097 4 2.000000000
6 9 7 10098 4 2.000000000
6 10 7 10099 4 2.000000000
6 11 7 10100 4 2.000000000
6 12 7 10101 4 2.000000000
6 13 7 10102 4 2.000000000
6 14 7 10103 4 2.000000000
6 15 7 10104 4 2.000000000
7 0 7 10105 4 2.000000000
7 1 7 10106 4 2.000000000
7 2 7 10107 4 2.000000000
7 3 7 10108 4 2.000000000
7 4 7 10109 4 2.000000000
7 5 7 10110 4 2.000000000
7 6 7 10111 4 2.000000000
7 8 7 10112 4 2.000000000
7 9 7 10113 4 2.000000000
7 10 7 10114 4 2.000000000
7 11 7 10115 4 2.000000000
7 12 7 10116 4 2.000000000
7 13 7 10117 4 2.000000000
7 14 7 10118 4 2.000000000
7 15 7 10119 4 2.000000000
8 0 7 10120 4 2.000000000
8 1 7 10121 4 2.000000000
8 2 7 10122 4 2.000000000
8 3 7 10123 4 2.000000000
8 4 7 10124 4 2.000000000
8 5 7 10125 4 2.000000000
8 6 7 10126 4 2.000000000
8 7 7 10127 4 2.000000000
8 9 7 10128 4 2.000000000
8 10 7 10129 4 2.000000000
8 11 7 10130 4 2.000000000
8 12 7 10131 4 2.000000000
8 13 7 10132 4 2.000000000
8 14 7 10133 4 2.000000000
8 15 7 10134 4 2.000000000
9 0 7 10135 4 2.000000000
9 1 7 10136 4 2.000000000
9 2 7 10137 4 2.000000000
9 3 7 10138 4 2.000000000
9 4 7 10139 4 2.000000000
9 5 7 10140 4 2.000000000
9 6 7 10141 4 2.000000000
9 7 7 10142 4 2.000000000
9 8 7 10143 4 2.000000000
9 10 7 10144 4 2.000000000
9 11 7 10145 4 2.000000000
9 12 7 10146 4 2.000000000
9 13 7 10147 4 2.000000000
9 14 7 10148 4 2.000000000
9 15 7 10149 4 2.000000000
10 0 7 10150 4 2.000000000
10 1 7 10151 4 2.000000000
10 2 7 10152 4 2.000000000
10 3 7 10153 4 2.000000000
10 4 7 10154 4 2.000000000
10 5 7 10155 4 2.000000000
10 6 7 10156 4 2.000000000
10 7 7 10157 4 2.000000000
10 8 7 10158 4 2.000000000
10 9 7 10159 4 2.000000000
10 11 7 10160 4 2.000000000
10 12 7 10161 4 2.000000000
10 13 7 10162 4 2.000000000
10 14 7 10163 4 2.000000000
10 15 7 10164 4 2.000000000
11 0 7 10165 4 2.000000000
11 1 7 10166 4 2.000000000
11 2 7 10167 4 2.000000000
11 3 7 10168 4 2.000000000
11 4 7 10169 4 2.000000000
11 5 7 10170 4 2.000000000
11 6 7 10171 4 2.000000000
11 7 7 10172 4 2.000000000
11 8 7 10173 4 2.000000000
11 9 7 10174 4 2.000000000
11 10 7 10175 4 2.000000000
11 12 7 10176 4 2.000000000
11 13 7 10177 4 2.000000000
11 14 7 10178 4 2.000000000
11 15 7 10179 4 2.000000000
12 0 7 10180 4 2.000000000
12 1 7 10181 4 2.000000000
12 2 7 10182 4 2.000000000
12 3 7 10183 4 2.000000000
12 4 7 10184 4 2.000000000
12 5 7 10185 4 2.000000000
12 6 7 10186 4 2.000000000
12 7 7 10187 4 2.000000000
12 8 7 10188 4 2.000000000
12 9 7 10189 4 2.000000000
12 10 7 10190 4 2.000000000
12 11 7 10191 4 2.000000000
12 13 7 10192 4 2.000000000
12 14 7 10193 4 2.000000000
12 15 7 10194 4 2.000000000
13 0 7 10195 4 2.000000000
13 1 7 10196 4 2.000000000
13 2 7 10197 4 2.000000000
13 3 7 10198 4 2.000000000
13 4 7 10199 4 2.000000000
13 5 7 10200 4 2.000000000
13 6 7 10201 4 2.000000000
13 7 7 10202 4 2.000000000
13 8 7 10203 4 2.000000000
13 9 7 10204 4 2.000000000
13 10 7 10205 4 2.000000000
13 11 7 10206 4 2.000000000
13 12 7 10207 4 2.000000000
13 14 7 10208 4 2.000000000
13 15 7 10209 4 2.000000000
14 0 7 10210 4 2.000000000
14 1 7 10211 4 2.000000000
14 2 7 10212 4 2.000000000
14 3 7 10213 4 2.000000000
14 4 7 10214 4 2.000000000
14 5 7 10215 4 2.000000000
14 6 7 10216 4 2.000000000
14 7 7 10217 4 2.000000000
14 8 7 10218 4 2.000000000
14 9 7 10219 4 2.000000000
14 10 7 10220 4 2.000000000
14 11 7 10221 4 2.000000000
14 12 7 10222 4 2.000000000
14 13 7 10223 4 2.000000000
14 15 7 10224 4 2.000000000
15 0 7 10225 4 2.000000000
15 1 7 10226 4 2.000000000
15 2 7 10227 4 2.000000000
15 3 7 10228 4 2.000000000
15 4 7 10229 4 2.000000000
15 5 7 10230 4 2.000000000
15 6 7 10231 4 2.000000000
15 7 7 10232 4 2.000000000
15 8 7 10233 4 2.000000000
15 9 7 10234 4 2.000000000
15 10 7 10235 4 2.000000000
15 11 7 10236 4 2.000000000
15 12 7 10237 4 2.000000000
15 13 7 10238 4 2.000000000
15 14 7 10239 4 2.000000000
