240
0 1 7 10000 32 2.000000000
0 2 7 10001 32 2.000000000
0 3 7 10002 32 2.000000000
0 4 7 10003 32 2.000000000
0 5 7 10004 32 2.000000000
0 6 7 10005 32 2.000000000
0 7 7 10006 32 2.000000000
0 8 7 10007 32 2.000000000
0 9 7 10008 32 2.000000000
0 10 7 10009 32 2.000000000
0 11 7 10010 32 2.000000000
0 12 7 10011 32 2.000000000
0 13 7 10012 32 2.000000000
0 14 7 10013 32 2.000000000
0 15 7 10014 32 2.000000000
1 0 7 10015 32 2.000000000
1 2 7 10016 32 2.000000000
1 3 7 10017 32 2.000000000
1 4 7 10018 32 2.000000000
1 5 7 10019 32 2.000000000
1 6 7 10020 32 2.000000000
1 7 7 10021 32 2.000000000
1 8 7 10022 32 2.000000000
1 9 7 10023 32 2.000000000
1 10 7 10024 32 2.000000000
1 11 7 10025 32 2.000000000
1 12 7 10026 32 2.000000000
1 13 7 10027 32 2.000000000
1 14 7 10028 32 2.000000000
1 15 7 10029 32 2.000000000
2 0 7 10030 32 2.000000000
2 1 7 10031 32 2.000000000
2 3 7 10032 32 2.000000000
2 4 7 10033 32 2.000000000
2 5 7 10034 32 2.000000000
2 6 7 10035 32 2.000000000
2 7 7 10036 32 2.000000000
2 8 7 10037 32 2.000000000
2 9 7 10038 32 2.000000000
2 10 7 10039 32 2.000000000
2 11 7 10040 32 2.000000000
2 12 7 10041 32 2.000000000
2 13 7 10042 32 2.000000000
2 14 7 10043 32 2.000000000
2 15 7 10044 32 2.000000000
3 0 7 10045 32 2.000000000
3 1 7 10046 32 2.000000000
3 2 7 10047 32 2.000000000
3 4 7 10048 32 2.000000000
3 5 7 10049 32 2.000000000
3 6 7 10050 32 2.000000000
3 7 7 10051 32 2.000000000
3 8 7 10052 32 2.000000000
3 9 7 10053 32 2.000000000
3 10 7 10054 32 2.000000000
3 11 7 10055 32 2.000000000
3 12 7 10056 32 2.000000000
3 13 7 10057 32 2.000000000
3 14 7 10058 32 2.000000000
3 15 7 10059 32 2.000000000
4 0 7 10060 32 2.000000000
4 1 7 10061 32 2.000000000
4 2 7 10062 32 2.000000000
4 3 7 10063 32 2.000000000
4 5 7 10064 32 2.000000000
4 6 7 10065 32 2.000000000
4 7 7 10066 32 2.000000000
4 8 7 10067 32 2.000000000
4 9 7 10068 32 2.000000000
4 10 7 10069 32 2.000000000
4 11 7 10070 32 2.000000000
4 12 7 10071 32 2.000000000
4 13 7 10072 32 2.000000000
4 14 7 10073 32 2.000000000
4 15 7 10074 32 2.000000000
5 0 7 10075 32 2.000000000
5 1 7 10076 32 2.000000000
5 2 7 10077 32 2.000000000
5 3 7 10078 32 2.000000000
5 4 7 10079 32 2.000000000
5 6 7 10080 32 2.000000000
5 7 7 10081 32 2.000000000
5 8 7 10082 32 2.000000000
5 9 7 10083 32 2.000000000
5 10 7 10084 32 2.000000000
5 11 7 10085 32 2.000000000
5 12 7 10086 32 2.000000000
5 13 7 10087 32 2.000000000
5 14 7 10088 32 2.000000000
5 15 7 10089 32 2.000000000
6 0 7 10090 32 2.000000000
6 1 7 10091 32 2.000000000
6 2 7 10092 32 2.000000000
6 3 7 10093 32 2.000000000
6 4 7 10094 32 2.000000000
6 5 7 10095 32 2.000000000
6 7 7 10096 32 2.000000000
6 8 7 10097 32 2.000000000
6 9 7 10098 32 2.000000000
6 10 7 10099 32 2.000000000
6 11 7 10100 32 2.000000000
6 12 7 10101 32 2.000000000
6 13 7 10102 32 2.000000000
6 14 7 10103 32 2.000000000
6 15 7 10104 32 2.000000000
7 0 7 10105 32 2.000000000
7 1 7 10106 32 2.000000000
7 2 7 10107 32 2.000000000
7 3 7 10108 32 2.000000000
7 4 7 10109 32 2.000000000
7 5 7 10110 32 2.000000000
7 6 7 10111 32 2.000000000
7 8 7 10112 32 2.000000000
7 9 7 10113 32 2.000000000
7 10 7 10114 32 2.000000000
7 11 7 10115 32 2.000000000
7 12 7 10116 32 2.000000000
7 13 7 10117 32 2.000000000
7 14 7 10118 32 2.000000000
7 15 7 10119 32 2.000000000
8 0 7 10120 32 2.000000000
8 1 7 10121 32 2.000000000
8 2 7 10122 32 2.000000000
8 3 7 10123 32 2.000000000
8 4 7 10124 32 2.000000000
8 5 7 10125 32 2.000000000
8 6 7 10126 32 2.000000000
8 7 7 10127 32 2.000000000
8 9 7 10128 32 2.000000000
8 10 7 10129 32 2.000000000
8 11 7 10130 32 2.000000000
8 12 7 10131 32 2.000000000
8 13 7 10132 32 2.000000000
8 14 7 10133 32 2.000000000
8 15 7 10134 32 2.000000000
9 0 7 10135 32 2.000000000
9 1 7 10136 32 2.000000000
9 2 7 10137 32 2.000000000
9 3 7 10138 32 2.000000000
9 4 7 10139 32 2.000000000
9 5 7 10140 32 2.000000000
9 6 7 10141 32 2.000000000
9 7 7 10142 32 2.000000000
9 8 7 10143 32 2.000000000
9 10 7 10144 32 2.000000000
9 11 7 10145 32 2.000000000
9 12 7 10146 32 2.000000000
9 13 7 10147 32 2.000000000
9 14 7 10148 32 2.000000000
9 15 7 10149 32 2.000000000
10 0 7 10150 32 2.000000000
10 1 7 10151 32 2.000000000
10 2 7 10152 32 2.000000000
10 3 7 10153 32 2.000000000
10 4 7 10154 32 2.000000000
10 5 7 10155 32 2.000000000
10 6 7 10156 32 2.000000000
10 7 7 10157 32 2.000000000
10 8 7 10158 32 2.000000000
10 9 7 10159 32 2.000000000
10 11 7 10160 32 2.000000000
10 12 7 10161 32 2.000000000
10 13 7 10162 32 2.000000000
10 14 7 10163 32 2.000000000
10 15 7 10164 32 2.000000000
11 0 7 10165 32 2.000000000
11 1 7 10166 32 2.000000000
11 2 7 10167 32 2.000000000
11 3 7 10168 32 2.000000000
11 4 7 10169 32 2.000000000
11 5 7 10170 32 2.000000000
11 6 7 10171 32 2.000000000
11 7 7 10172 32 2.000000000
11 8 7 10173 32 2.000000000
11 9 7 10174 32 2.000000000
11 10 7 10175 32 2.000000000
11 12 7 10176 32 2.000000000
11 13 7 10177 32 2.000000000
11 14 7 10178 32 2.000000000
11 15 7 10179 32 2.000000000
12 0 7 10180 32 2.000000000
12 1 7 10181 32 2.000000000
12 2 7 10182 32 2.000000000
12 3 7 10183 32 2.000000000
12 4 7 10184 32 2.000000000
12 5 7 10185 32 2.000000000
12 6 7 10186 32 2.000000000
12 7 7 10187 32 2.000000000
12 8 7 10188 32 2.000000000
12 9 7 10189 32 2.000000000
12 10 7 10190 32 2.000000000
12 11 7 10191 32 2.000000000
12 13 7 10192 32 2.000000000
12 14 7 10193 32 2.000000000
12 15 7 10194 32 2.000000000
13 0 7 10195 32 2.000000000
13 1 7 10196 32 2.000000000
13 2 7 10197 32 2.000000000
13 3 7 10198 32 2.000000000
13 4 7 10199 32 2.000000000
13 5 7 10200 32 2.000000000
13 6 7 10201 32 2.000000000
13 7 7 10202 32 2.000000000
13 8 7 10203 32 2.000000000
13 9 7 10204 32 2.000000000
13 10 7 10205 32 2.000000000
13 11 7 10206 32 2.000000000
13 12 7 10207 32 2.000000000
13 14 7 10208 32 2.000000000
13 15 7 10209 32 2.000000000
14 0 7 10210 32 2.000000000
14 1 7 10211 32 2.000000000
14 2 7 10212 32 2.000000000
14 3 7 10213 32 2.000000000
14 4 7 10214 32 2.000000000
14 5 7 10215 32 2.000000000
14 6 7 10216 32 2.000000000
14 7 7 10217 32 2.000000000
14 8 7 10218 32 2.000000000
14 9 7 10219 32 2.000000000
14 10 7 10220 32 2.000000000
14 11 7 10221 32 2.000000000
14 12 7 10222 32 2.000000000
14 13 7 10223 32 2.000000000
14 15 7 10224 32 2.000000000
15 0 7 10225 32 2.000000000
15 1 7 10226 32 2.000000000
15 2 7 10227 32 2.000000000
15 3 7 10228 32 2.000000000
15 4 7 10229 32 2.000000000
15 5 7 10230 32 2.000000000
15 6 7 10231 32 2.000000000
15 7 7 10232 32 2.000000000
15 8 7 10233 32 2.000000000
15 9 7 10234 32 2.000000000
15 10 7 10235 32 2.000000000
15 11 7 10236 32 2.000000000
15 12 7 10237 32 2.000000000
15 13 7 10238 32 2.000000000
15 14 7 10239 32 2.000000000
