240
0 1 7 10000 16 2.000000000
0 2 7 10001 16 2.000000000
0 3 7 10002 16 2.000000000
0 4 7 10003 16 2.000000000
0 5 7 10004 16 2.000000000
0 6 7 10005 16 2.000000000
0 7 7 10006 16 2.000000000
0 8 7 10007 16 2.000000000
0 9 7 10008 16 2.000000000
0 10 7 10009 16 2.000000000
0 11 7 10010 16 2.000000000
0 12 7 10011 16 2.000000000
0 13 7 10012 16 2.000000000
0 14 7 10013 16 2.000000000
0 15 7 10014 16 2.000000000
1 0 7 10015 16 2.000000000
1 2 7 10016 16 2.000000000
1 3 7 10017 16 2.000000000
1 4 7 10018 16 2.000000000
1 5 7 10019 16 2.000000000
1 6 7 10020 16 2.000000000
1 7 7 10021 16 2.000000000
1 8 7 10022 16 2.000000000
1 9 7 10023 16 2.000000000
1 10 7 10024 16 2.000000000
1 11 7 10025 16 2.000000000
1 12 7 10026 16 2.000000000
1 13 7 10027 16 2.000000000
1 14 7 10028 16 2.000000000
1 15 7 10029 16 2.000000000
2 0 7 10030 16 2.000000000
2 1 7 10031 16 2.000000000
2 3 7 10032 16 2.000000000
2 4 7 10033 16 2.000000000
2 5 7 10034 16 2.000000000
2 6 7 10035 16 2.000000000
2 7 7 10036 16 2.000000000
2 8 7 10037 16 2.000000000
2 9 7 10038 16 2.000000000
2 10 7 10039 16 2.000000000
2 11 7 10040 16 2.000000000
2 12 7 10041 16 2.000000000
2 13 7 10042 16 2.000000000
2 14 7 10043 16 2.000000000
2 15 7 10044 16 2.000000000
3 0 7 10045 16 2.000000000
3 1 7 10046 16 2.000000000
3 2 7 10047 16 2.000000000
3 4 7 10048 16 2.000000000
3 5 7 10049 16 2.000000000
3 6 7 10050 16 2.000000000
3 7 7 10051 16 2.000000000
3 8 7 10052 16 2.000000000
3 9 7 10053 16 2.000000000
3 10 7 10054 16 2.000000000
3 11 7 10055 16 2.000000000
3 12 7 10056 16 2.000000000
3 13 7 10057 16 2.000000000
3 14 7 10058 16 2.000000000
3 15 7 10059 16 2.000000000
4 0 7 10060 16 2.000000000
4 1 7 10061 16 2.000000000
4 2 7 10062 16 2.000000000
4 3 7 10063 16 2.000000000
4 5 7 10064 16 2.000000000
4 6 7 10065 16 2.000000000
4 7 7 10066 16 2.000000000
4 8 7 10067 16 2.000000000
4 9 7 10068 16 2.000000000
4 10 7 10069 16 2.000000000
4 11 7 10070 16 2.000000000
4 12 7 10071 16 2.000000000
4 13 7 10072 16 2.000000000
4 14 7 10073 16 2.000000000
4 15 7 10074 16 2.000000000
5 0 7 10075 16 2.000000000
5 1 7 10076 16 2.000000000
5 2 7 10077 16 2.000000000
5 3 7 10078 16 2.000000000
5 4 7 10079 16 2.000000000
5 6 7 10080 16 2.000000000
5 7 7 10081 16 2.000000000
5 8 7 10082 16 2.000000000
5 9 7 10083 16 2.000000000
5 10 7 10084 16 2.000000000
5 11 7 10085 16 2.000000000
5 12 7 10086 16 2.000000000
5 13 7 10087 16 2.000000000
5 14 7 10088 16 2.000000000
5 15 7 10089 16 2.000000000
6 0 7 10090 16 2.000000000
6 1 7 10091 16 2.000000000
6 2 7 10092 16 2.000000000
6 3 7 10093 16 2.000000000
6 4 7 10094 16 2.000000000
6 5 7 10095 16 2.000000000
6 7 7 10096 16 2.000000000
6 8 7 10097 16 2.000000000
6 9 7 10098 16 2.000000000
6 10 7 10099 16 2.000000000
6 11 7 10100 16 2.000000000
6 12 7 10101 16 2.000000000
6 13 7 10102 16 2.000000000
6 14 7 10103 16 2.000000000
6 15 7 10104 16 2.000000000
7 0 7 10105 16 2.000000000
7 1 7 10106 16 2.000000000
7 2 7 10107 16 2.000000000
7 3 7 10108 16 2.000000000
7 4 7 10109 16 2.000000000
7 5 7 10110 16 2.000000000
7 6 7 10111 16 2.000000000
7 8 7 10112 16 2.000000000
7 9 7 10113 16 2.000000000
7 10 7 10114 16 2.000000000
7 11 7 10115 16 2.000000000
7 12 7 10116 16 2.000000000
7 13 7 10117 16 2.000000000
7 14 7 10118 16 2.000000000
7 15 7 10119 16 2.000000000
8 0 7 10120 16 2.000000000
8 1 7 10121 16 2.000000000
8 2 7 10122 16 2.000000000
8 3 7 10123 16 2.000000000
8 4 7 10124 16 2.000000000
8 5 7 10125 16 2.000000000
8 6 7 10126 16 2.000000000
8 7 7 10127 16 2.000000000
8 9 7 10128 16 2.000000000
8 10 7 10129 16 2.000000000
8 11 7 10130 16 2.000000000
8 12 7 10131 16 2.000000000
8 13 7 10132 16 2.000000000
8 14 7 10133 16 2.000000000
8 15 7 10134 16 2.000000000
9 0 7 10135 16 2.000000000
9 1 7 10136 16 2.000000000
9 2 7 10137 16 2.000000000
9 3 7 10138 16 2.000000000
9 4 7 10139 16 2.000000000
9 5 7 10140 16 2.000000000
9 6 7 10141 16 2.000000000
9 7 7 10142 16 2.000000000
9 8 7 10143 16 2.000000000
9 10 7 10144 16 2.000000000
9 11 7 10145 16 2.000000000
9 12 7 10146 16 2.000000000
9 13 7 10147 16 2.000000000
9 14 7 10148 16 2.000000000
9 15 7 10149 16 2.000000000
10 0 7 10150 16 2.000000000
10 1 7 10151 16 2.000000000
10 2 7 10152 16 2.000000000
10 3 7 10153 16 2.000000000
10 4 7 10154 16 2.000000000
10 5 7 10155 16 2.000000000
10 6 7 10156 16 2.000000000
10 7 7 10157 16 2.000000000
10 8 7 10158 16 2.000000000
10 9 7 10159 16 2.000000000
10 11 7 10160 16 2.000000000
10 12 7 10161 16 2.000000000
10 13 7 10162 16 2.000000000
10 14 7 10163 16 2.000000000
10 15 7 10164 16 2.000000000
11 0 7 10165 16 2.000000000
11 1 7 10166 16 2.000000000
11 2 7 10167 16 2.000000000
11 3 7 10168 16 2.000000000
11 4 7 10169 16 2.000000000
11 5 7 10170 16 2.000000000
11 6 7 10171 16 2.000000000
11 7 7 10172 16 2.000000000
11 8 7 10173 16 2.000000000
11 9 7 10174 16 2.000000000
11 10 7 10175 16 2.000000000
11 12 7 10176 16 2.000000000
11 13 7 10177 16 2.000000000
11 14 7 10178 16 2.000000000
11 15 7 10179 16 2.000000000
12 0 7 10180 16 2.000000000
12 1 7 10181 16 2.000000000
12 2 7 10182 16 2.000000000
12 3 7 10183 16 2.000000000
12 4 7 10184 16 2.000000000
12 5 7 10185 16 2.000000000
12 6 7 10186 16 2.000000000
12 7 7 10187 16 2.000000000
12 8 7 10188 16 2.000000000
12 9 7 10189 16 2.000000000
12 10 7 10190 16 2.000000000
12 11 7 10191 16 2.000000000
12 13 7 10192 16 2.000000000
12 14 7 10193 16 2.000000000
12 15 7 10194 16 2.000000000
13 0 7 10195 16 2.000000000
13 1 7 10196 16 2.000000000
13 2 7 10197 16 2.000000000
13 3 7 10198 16 2.000000000
13 4 7 10199 16 2.000000000
13 5 7 10200 16 2.000000000
13 6 7 10201 16 2.000000000
13 7 7 10202 16 2.000000000
13 8 7 10203 16 2.000000000
13 9 7 10204 16 2.000000000
13 10 7 10205 16 2.000000000
13 11 7 10206 16 2.000000000
13 12 7 10207 16 2.000000000
13 14 7 10208 16 2.000000000
13 15 7 10209 16 2.000000000
14 0 7 10210 16 2.000000000
14 1 7 10211 16 2.000000000
14 2 7 10212 16 2.000000000
14 3 7 10213 16 2.000000000
14 4 7 10214 16 2.000000000
14 5 7 10215 16 2.000000000
14 6 7 10216 16 2.000000000
14 7 7 10217 16 2.000000000
14 8 7 10218 16 2.000000000
14 9 7 10219 16 2.000000000
14 10 7 10220 16 2.000000000
14 11 7 10221 16 2.000000000
14 12 7 10222 16 2.000000000
14 13 7 10223 16 2.000000000
14 15 7 10224 16 2.000000000
15 0 7 10225 16 2.000000000
15 1 7 10226 16 2.000000000
15 2 7 10227 16 2.000000000
15 3 7 10228 16 2.000000000
15 4 7 10229 16 2.000000000
15 5 7 10230 16 2.000000000
15 6 7 10231 16 2.000000000
15 7 7 10232 16 2.000000000
15 8 7 10233 16 2.000000000
15 9 7 10234 16 2.000000000
15 10 7 10235 16 2.000000000
15 11 7 10236 16 2.000000000
15 12 7 10237 16 2.000000000
15 13 7 10238 16 2.000000000
15 14 7 10239 16 2.000000000
