240
0 1 7 10000 64 2.000000000
0 2 7 10001 64 2.000000000
0 3 7 10002 64 2.000000000
0 4 7 10003 64 2.000000000
0 5 7 10004 64 2.000000000
0 6 7 10005 64 2.000000000
0 7 7 10006 64 2.000000000
0 8 7 10007 64 2.000000000
0 9 7 10008 64 2.000000000
0 10 7 10009 64 2.000000000
0 11 7 10010 64 2.000000000
0 12 7 10011 64 2.000000000
0 13 7 10012 64 2.000000000
0 14 7 10013 64 2.000000000
0 15 7 10014 64 2.000000000
1 0 7 10015 64 2.000000000
1 2 7 10016 64 2.000000000
1 3 7 10017 64 2.000000000
1 4 7 10018 64 2.000000000
1 5 7 10019 64 2.000000000
1 6 7 10020 64 2.000000000
1 7 7 10021 64 2.000000000
1 8 7 10022 64 2.000000000
1 9 7 10023 64 2.000000000
1 10 7 10024 64 2.000000000
1 11 7 10025 64 2.000000000
1 12 7 10026 64 2.000000000
1 13 7 10027 64 2.000000000
1 14 7 10028 64 2.000000000
1 15 7 10029 64 2.000000000
2 0 7 10030 64 2.000000000
2 1 7 10031 64 2.000000000
2 3 7 10032 64 2.000000000
2 4 7 10033 64 2.000000000
2 5 7 10034 64 2.000000000
2 6 7 10035 64 2.000000000
2 7 7 10036 64 2.000000000
2 8 7 10037 64 2.000000000
2 9 7 10038 64 2.000000000
2 10 7 10039 64 2.000000000
2 11 7 10040 64 2.000000000
2 12 7 10041 64 2.000000000
2 13 7 10042 64 2.000000000
2 14 7 10043 64 2.000000000
2 15 7 10044 64 2.000000000
3 0 7 10045 64 2.000000000
3 1 7 10046 64 2.000000000
3 2 7 10047 64 2.000000000
3 4 7 10048 64 2.000000000
3 5 7 10049 64 2.000000000
3 6 7 10050 64 2.000000000
3 7 7 10051 64 2.000000000
3 8 7 10052 64 2.000000000
3 9 7 10053 64 2.000000000
3 10 7 10054 64 2.000000000
3 11 7 10055 64 2.000000000
3 12 7 10056 64 2.000000000
3 13 7 10057 64 2.000000000
3 14 7 10058 64 2.000000000
3 15 7 10059 64 2.000000000
4 0 7 10060 64 2.000000000
4 1 7 10061 64 2.000000000
4 2 7 10062 64 2.000000000
4 3 7 10063 64 2.000000000
4 5 7 10064 64 2.000000000
4 6 7 10065 64 2.000000000
4 7 7 10066 64 2.000000000
4 8 7 10067 64 2.000000000
4 9 7 10068 64 2.000000000
4 10 7 10069 64 2.000000000
4 11 7 10070 64 2.000000000
4 12 7 10071 64 2.000000000
4 13 7 10072 64 2.000000000
4 14 7 10073 64 2.000000000
4 15 7 10074 64 2.000000000
5 0 7 10075 64 2.000000000
5 1 7 10076 64 2.000000000
5 2 7 10077 64 2.000000000
5 3 7 10078 64 2.000000000
5 4 7 10079 64 2.000000000
5 6 7 10080 64 2.000000000
5 7 7 10081 64 2.000000000
5 8 7 10082 64 2.000000000
5 9 7 10083 64 2.000000000
5 10 7 10084 64 2.000000000
5 11 7 10085 64 2.000000000
5 12 7 10086 64 2.000000000
5 13 7 10087 64 2.000000000
5 14 7 10088 64 2.000000000
5 15 7 10089 64 2.000000000
6 0 7 10090 64 2.000000000
6 1 7 10091 64 2.000000000
6 2 7 10092 64 2.000000000
6 3 7 10093 64 2.000000000
6 4 7 10094 64 2.000000000
6 5 7 10095 64 2.000000000
6 7 7 10096 64 2.000000000
6 8 7 10097 64 2.000000000
6 9 7 10098 64 2.000000000
6 10 7 10099 64 2.000000000
6 11 7 10100 64 2.000000000
6 12 7 10101 64 2.000000000
6 13 7 10102 64 2.000000000
6 14 7 10103 64 2.000000000
6 15 7 10104 64 2.000000000
7 0 7 10105 64 2.000000000
7 1 7 10106 64 2.000000000
7 2 7 10107 64 2.000000000
7 3 7 10108 64 2.000000000
7 4 7 10109 64 2.000000000
7 5 7 10110 64 2.000000000
7 6 7 10111 64 2.000000000
7 8 7 10112 64 2.000000000
7 9 7 10113 64 2.000000000
7 10 7 10114 64 2.000000000
7 11 7 10115 64 2.000000000
7 12 7 10116 64 2.000000000
7 13 7 10117 64 2.000000000
7 14 7 10118 64 2.000000000
7 15 7 10119 64 2.000000000
8 0 7 10120 64 2.000000000
8 1 7 10121 64 2.000000000
8 2 7 10122 64 2.000000000
8 3 7 10123 64 2.000000000
8 4 7 10124 64 2.000000000
8 5 7 10125 64 2.000000000
8 6 7 10126 64 2.000000000
8 7 7 10127 64 2.000000000
8 9 7 10128 64 2.000000000
8 10 7 10129 64 2.000000000
8 11 7 10130 64 2.000000000
8 12 7 10131 64 2.000000000
8 13 7 10132 64 2.000000000
8 14 7 10133 64 2.000000000
8 15 7 10134 64 2.000000000
9 0 7 10135 64 2.000000000
9 1 7 10136 64 2.000000000
9 2 7 10137 64 2.000000000
9 3 7 10138 64 2.000000000
9 4 7 10139 64 2.000000000
9 5 7 10140 64 2.000000000
9 6 7 10141 64 2.000000000
9 7 7 10142 64 2.000000000
9 8 7 10143 64 2.000000000
9 10 7 10144 64 2.000000000
9 11 7 10145 64 2.000000000
9 12 7 10146 64 2.000000000
9 13 7 10147 64 2.000000000
9 14 7 10148 64 2.000000000
9 15 7 10149 64 2.000000000
10 0 7 10150 64 2.000000000
10 1 7 10151 64 2.000000000
10 2 7 10152 64 2.000000000
10 3 7 10153 64 2.000000000
10 4 7 10154 64 2.000000000
10 5 7 10155 64 2.000000000
10 6 7 10156 64 2.000000000
10 7 7 10157 64 2.000000000
10 8 7 10158 64 2.000000000
10 9 7 10159 64 2.000000000
10 11 7 10160 64 2.000000000
10 12 7 10161 64 2.000000000
10 13 7 10162 64 2.000000000
10 14 7 10163 64 2.000000000
10 15 7 10164 64 2.000000000
11 0 7 10165 64 2.000000000
11 1 7 10166 64 2.000000000
11 2 7 10167 64 2.000000000
11 3 7 10168 64 2.000000000
11 4 7 10169 64 2.000000000
11 5 7 10170 64 2.000000000
11 6 7 10171 64 2.000000000
11 7 7 10172 64 2.000000000
11 8 7 10173 64 2.000000000
11 9 7 10174 64 2.000000000
11 10 7 10175 64 2.000000000
11 12 7 10176 64 2.000000000
11 13 7 10177 64 2.000000000
11 14 7 10178 64 2.000000000
11 15 7 10179 64 2.000000000
12 0 7 10180 64 2.000000000
12 1 7 10181 64 2.000000000
12 2 7 10182 64 2.000000000
12 3 7 10183 64 2.000000000
12 4 7 10184 64 2.000000000
12 5 7 10185 64 2.000000000
12 6 7 10186 64 2.000000000
12 7 7 10187 64 2.000000000
12 8 7 10188 64 2.000000000
12 9 7 10189 64 2.000000000
12 10 7 10190 64 2.000000000
12 11 7 10191 64 2.000000000
12 13 7 10192 64 2.000000000
12 14 7 10193 64 2.000000000
12 15 7 10194 64 2.000000000
13 0 7 10195 64 2.000000000
13 1 7 10196 64 2.000000000
13 2 7 10197 64 2.000000000
13 3 7 10198 64 2.000000000
13 4 7 10199 64 2.000000000
13 5 7 10200 64 2.000000000
13 6 7 10201 64 2.000000000
13 7 7 10202 64 2.000000000
13 8 7 10203 64 2.000000000
13 9 7 10204 64 2.000000000
13 10 7 10205 64 2.000000000
13 11 7 10206 64 2.000000000
13 12 7 10207 64 2.000000000
13 14 7 10208 64 2.000000000
13 15 7 10209 64 2.000000000
14 0 7 10210 64 2.000000000
14 1 7 10211 64 2.000000000
14 2 7 10212 64 2.000000000
14 3 7 10213 64 2.000000000
14 4 7 10214 64 2.000000000
14 5 7 10215 64 2.000000000
14 6 7 10216 64 2.000000000
14 7 7 10217 64 2.000000000
14 8 7 10218 64 2.000000000
14 9 7 10219 64 2.000000000
14 10 7 10220 64 2.000000000
14 11 7 10221 64 2.000000000
14 12 7 10222 64 2.000000000
14 13 7 10223 64 2.000000000
14 15 7 10224 64 2.000000000
15 0 7 10225 64 2.000000000
15 1 7 10226 64 2.000000000
15 2 7 10227 64 2.000000000
15 3 7 10228 64 2.000000000
15 4 7 10229 64 2.000000000
15 5 7 10230 64 2.000000000
15 6 7 10231 64 2.000000000
15 7 7 10232 64 2.000000000
15 8 7 10233 64 2.000000000
15 9 7 10234 64 2.000000000
15 10 7 10235 64 2.000000000
15 11 7 10236 64 2.000000000
15 12 7 10237 64 2.000000000
15 13 7 10238 64 2.000000000
15 14 7 10239 64 2.000000000
