240
0 1 7 10000 2 2.000000000
0 2 7 10001 2 2.000000000
0 3 7 10002 2 2.000000000
0 4 7 10003 2 2.000000000
0 5 7 10004 2 2.000000000
0 6 7 10005 2 2.000000000
0 7 7 10006 2 2.000000000
0 8 7 10007 2 2.000000000
0 9 7 10008 2 2.000000000
0 10 7 10009 2 2.000000000
0 11 7 10010 2 2.000000000
0 12 7 10011 2 2.000000000
0 13 7 10012 2 2.000000000
0 14 7 10013 2 2.000000000
0 15 7 10014 2 2.000000000
1 0 7 10015 2 2.000000000
1 2 7 10016 2 2.000000000
1 3 7 10017 2 2.000000000
1 4 7 10018 2 2.000000000
1 5 7 10019 2 2.000000000
1 6 7 10020 2 2.000000000
1 7 7 10021 2 2.000000000
1 8 7 10022 2 2.000000000
1 9 7 10023 2 2.000000000
1 10 7 10024 2 2.000000000
1 11 7 10025 2 2.000000000
1 12 7 10026 2 2.000000000
1 13 7 10027 2 2.000000000
1 14 7 10028 2 2.000000000
1 15 7 10029 2 2.000000000
2 0 7 10030 2 2.000000000
2 1 7 10031 2 2.000000000
2 3 7 10032 2 2.000000000
2 4 7 10033 2 2.000000000
2 5 7 10034 2 2.000000000
2 6 7 10035 2 2.000000000
2 7 7 10036 2 2.000000000
2 8 7 10037 2 2.000000000
2 9 7 10038 2 2.000000000
2 10 7 10039 2 2.000000000
2 11 7 10040 2 2.000000000
2 12 7 10041 2 2.000000000
2 13 7 10042 2 2.000000000
2 14 7 10043 2 2.000000000
2 15 7 10044 2 2.000000000
3 0 7 10045 2 2.000000000
3 1 7 10046 2 2.000000000
3 2 7 10047 2 2.000000000
3 4 7 10048 2 2.000000000
3 5 7 10049 2 2.000000000
3 6 7 10050 2 2.000000000
3 7 7 10051 2 2.000000000
3 8 7 10052 2 2.000000000
3 9 7 10053 2 2.000000000
3 10 7 10054 2 2.000000000
3 11 7 10055 2 2.000000000
3 12 7 10056 2 2.000000000
3 13 7 10057 2 2.000000000
3 14 7 10058 2 2.000000000
3 15 7 10059 2 2.000000000
4 0 7 10060 2 2.000000000
4 1 7 10061 2 2.000000000
4 2 7 10062 2 2.000000000
4 3 7 10063 2 2.000000000
4 5 7 10064 2 2.000000000
4 6 7 10065 2 2.000000000
4 7 7 10066 2 2.000000000
4 8 7 10067 2 2.000000000
4 9 7 10068 2 2.000000000
4 10 7 10069 2 2.000000000
4 11 7 10070 2 2.000000000
4 12 7 10071 2 2.000000000
4 13 7 10072 2 2.000000000
4 14 7 10073 2 2.000000000
4 15 7 10074 2 2.000000000
5 0 7 10075 2 2.000000000
5 1 7 10076 2 2.000000000
5 2 7 10077 2 2.000000000
5 3 7 10078 2 2.000000000
5 4 7 10079 2 2.000000000
5 6 7 10080 2 2.000000000
5 7 7 10081 2 2.000000000
5 8 7 10082 2 2.000000000
5 9 7 10083 2 2.000000000
5 10 7 10084 2 2.000000000
5 11 7 10085 2 2.000000000
5 12 7 10086 2 2.000000000
5 13 7 10087 2 2.000000000
5 14 7 10088 2 2.000000000
5 15 7 10089 2 2.000000000
6 0 7 10090 2 2.000000000
6 1 7 10091 2 2.000000000
6 2 7 10092 2 2.000000000
6 3 7 10093 2 2.000000000
6 4 7 10094 2 2.000000000
6 5 7 10095 2 2.000000000
6 7 7 10096 2 2.000000000
6 8 7 10097 2 2.000000000
6 9 7 10098 2 2.000000000
6 10 7 10099 2 2.000000000
6 11 7 10100 2 2.000000000
6 12 7 10101 2 2.000000000
6 13 7 10102 2 2.000000000
6 14 7 10103 2 2.000000000
6 15 7 10104 2 2.000000000
7 0 7 10105 2 2.000000000
7 1 7 10106 2 2.000000000
7 2 7 10107 2 2.000000000
7 3 7 10108 2 2.000000000
7 4 7 10109 2 2.000000000
7 5 7 10110 2 2.000000000
7 6 7 10111 2 2.000000000
7 8 7 10112 2 2.000000000
7 9 7 10113 2 2.000000000
7 10 7 10114 2 2.000000000
7 11 7 10115 2 2.000000000
7 12 7 10116 2 2.000000000
7 13 7 10117 2 2.000000000
7 14 7 10118 2 2.000000000
7 15 7 10119 2 2.000000000
8 0 7 10120 2 2.000000000
8 1 7 10121 2 2.000000000
8 2 7 10122 2 2.000000000
8 3 7 10123 2 2.000000000
8 4 7 10124 2 2.000000000
8 5 7 10125 2 2.000000000
8 6 7 10126 2 2.000000000
8 7 7 10127 2 2.000000000
8 9 7 10128 2 2.000000000
8 10 7 10129 2 2.000000000
8 11 7 10130 2 2.000000000
8 12 7 10131 2 2.000000000
8 13 7 10132 2 2.000000000
8 14 7 10133 2 2.000000000
8 15 7 10134 2 2.000000000
9 0 7 10135 2 2.000000000
9 1 7 10136 2 2.000000000
9 2 7 10137 2 2.000000000
9 3 7 10138 2 2.000000000
9 4 7 10139 2 2.000000000
9 5 7 10140 2 2.000000000
9 6 7 10141 2 2.000000000
9 7 7 10142 2 2.000000000
9 8 7 10143 2 2.000000000
9 10 7 10144 2 2.000000000
9 11 7 10145 2 2.000000000
9 12 7 10146 2 2.000000000
9 13 7 10147 2 2.000000000
9 14 7 10148 2 2.000000000
9 15 7 10149 2 2.000000000
10 0 7 10150 2 2.000000000
10 1 7 10151 2 2.000000000
10 2 7 10152 2 2.000000000
10 3 7 10153 2 2.000000000
10 4 7 10154 2 2.000000000
10 5 7 10155 2 2.000000000
10 6 7 10156 2 2.000000000
10 7 7 10157 2 2.000000000
10 8 7 10158 2 2.000000000
10 9 7 10159 2 2.000000000
10 11 7 10160 2 2.000000000
10 12 7 10161 2 2.000000000
10 13 7 10162 2 2.000000000
10 14 7 10163 2 2.000000000
10 15 7 10164 2 2.000000000
11 0 7 10165 2 2.000000000
11 1 7 10166 2 2.000000000
11 2 7 10167 2 2.000000000
11 3 7 10168 2 2.000000000
11 4 7 10169 2 2.000000000
11 5 7 10170 2 2.000000000
11 6 7 10171 2 2.000000000
11 7 7 10172 2 2.000000000
11 8 7 10173 2 2.000000000
11 9 7 10174 2 2.000000000
11 10 7 10175 2 2.000000000
11 12 7 10176 2 2.000000000
11 13 7 10177 2 2.000000000
11 14 7 10178 2 2.000000000
11 15 7 10179 2 2.000000000
12 0 7 10180 2 2.000000000
12 1 7 10181 2 2.000000000
12 2 7 10182 2 2.000000000
12 3 7 10183 2 2.000000000
12 4 7 10184 2 2.000000000
12 5 7 10185 2 2.000000000
12 6 7 10186 2 2.000000000
12 7 7 10187 2 2.000000000
12 8 7 10188 2 2.000000000
12 9 7 10189 2 2.000000000
12 10 7 10190 2 2.000000000
12 11 7 10191 2 2.000000000
12 13 7 10192 2 2.000000000
12 14 7 10193 2 2.000000000
12 15 7 10194 2 2.000000000
13 0 7 10195 2 2.000000000
13 1 7 10196 2 2.000000000
13 2 7 10197 2 2.000000000
13 3 7 10198 2 2.000000000
13 4 7 10199 2 2.000000000
13 5 7 10200 2 2.000000000
13 6 7 10201 2 2.000000000
13 7 7 10202 2 2.000000000
13 8 7 10203 2 2.000000000
13 9 7 10204 2 2.000000000
13 10 7 10205 2 2.000000000
13 11 7 10206 2 2.000000000
13 12 7 10207 2 2.000000000
13 14 7 10208 2 2.000000000
13 15 7 10209 2 2.000000000
14 0 7 10210 2 2.000000000
14 1 7 10211 2 2.000000000
14 2 7 10212 2 2.000000000
14 3 7 10213 2 2.000000000
14 4 7 10214 2 2.000000000
14 5 7 10215 2 2.000000000
14 6 7 10216 2 2.000000000
14 7 7 10217 2 2.000000000
14 8 7 10218 2 2.000000000
14 9 7 10219 2 2.000000000
14 10 7 10220 2 2.000000000
14 11 7 10221 2 2.000000000
14 12 7 10222 2 2.000000000
14 13 7 10223 2 2.000000000
14 15 7 10224 2 2.000000000
15 0 7 10225 2 2.000000000
15 1 7 10226 2 2.000000000
15 2 7 10227 2 2.000000000
15 3 7 10228 2 2.000000000
15 4 7 10229 2 2.000000000
15 5 7 10230 2 2.000000000
15 6 7 10231 2 2.000000000
15 7 7 10232 2 2.000000000
15 8 7 10233 2 2.000000000
15 9 7 10234 2 2.000000000
15 10 7 10235 2 2.000000000
15 11 7 10236 2 2.000000000
15 12 7 10237 2 2.000000000
15 13 7 10238 2 2.000000000
15 14 7 10239 2 2.000000000
