240
0 1 7 10000 8 2.000000000
0 2 7 10001 8 2.000000000
0 3 7 10002 8 2.000000000
0 4 7 10003 8 2.000000000
0 5 7 10004 8 2.000000000
0 6 7 10005 8 2.000000000
0 7 7 10006 8 2.000000000
0 8 7 10007 8 2.000000000
0 9 7 10008 8 2.000000000
0 10 7 10009 8 2.000000000
0 11 7 10010 8 2.000000000
0 12 7 10011 8 2.000000000
0 13 7 10012 8 2.000000000
0 14 7 10013 8 2.000000000
0 15 7 10014 8 2.000000000
1 0 7 10015 8 2.000000000
1 2 7 10016 8 2.000000000
1 3 7 10017 8 2.000000000
1 4 7 10018 8 2.000000000
1 5 7 10019 8 2.000000000
1 6 7 10020 8 2.000000000
1 7 7 10021 8 2.000000000
1 8 7 10022 8 2.000000000
1 9 7 10023 8 2.000000000
1 10 7 10024 8 2.000000000
1 11 7 10025 8 2.000000000
1 12 7 10026 8 2.000000000
1 13 7 10027 8 2.000000000
1 14 7 10028 8 2.000000000
1 15 7 10029 8 2.000000000
2 0 7 10030 8 2.000000000
2 1 7 10031 8 2.000000000
2 3 7 10032 8 2.000000000
2 4 7 10033 8 2.000000000
2 5 7 10034 8 2.000000000
2 6 7 10035 8 2.000000000
2 7 7 10036 8 2.000000000
2 8 7 10037 8 2.000000000
2 9 7 10038 8 2.000000000
2 10 7 10039 8 2.000000000
2 11 7 10040 8 2.000000000
2 12 7 10041 8 2.000000000
2 13 7 10042 8 2.000000000
2 14 7 10043 8 2.000000000
2 15 7 10044 8 2.000000000
3 0 7 10045 8 2.000000000
3 1 7 10046 8 2.000000000
3 2 7 10047 8 2.000000000
3 4 7 10048 8 2.000000000
3 5 7 10049 8 2.000000000
3 6 7 10050 8 2.000000000
3 7 7 10051 8 2.000000000
3 8 7 10052 8 2.000000000
3 9 7 10053 8 2.000000000
3 10 7 10054 8 2.000000000
3 11 7 10055 8 2.000000000
3 12 7 10056 8 2.000000000
3 13 7 10057 8 2.000000000
3 14 7 10058 8 2.000000000
3 15 7 10059 8 2.000000000
4 0 7 10060 8 2.000000000
4 1 7 10061 8 2.000000000
4 2 7 10062 8 2.000000000
4 3 7 10063 8 2.000000000
4 5 7 10064 8 2.000000000
4 6 7 10065 8 2.000000000
4 7 7 10066 8 2.000000000
4 8 7 10067 8 2.000000000
4 9 7 10068 8 2.000000000
4 10 7 10069 8 2.000000000
4 11 7 10070 8 2.000000000
4 12 7 10071 8 2.000000000
4 13 7 10072 8 2.000000000
4 14 7 10073 8 2.000000000
4 15 7 10074 8 2.000000000
5 0 7 10075 8 2.000000000
5 1 7 10076 8 2.000000000
5 2 7 10077 8 2.000000000
5 3 7 10078 8 2.000000000
5 4 7 10079 8 2.000000000
5 6 7 10080 8 2.000000000
5 7 7 10081 8 2.000000000
5 8 7 10082 8 2.000000000
5 9 7 10083 8 2.000000000
5 10 7 10084 8 2.000000000
5 11 7 10085 8 2.000000000
5 12 7 10086 8 2.000000000
5 13 7 10087 8 2.000000000
5 14 7 10088 8 2.000000000
5 15 7 10089 8 2.000000000
6 0 7 10090 8 2.000000000
6 1 7 10091 8 2.000000000
6 2 7 10092 8 2.000000000
6 3 7 10093 8 2.000000000
6 4 7 10094 8 2.000000000
6 5 7 10095 8 2.000000000
6 7 7 10096 8 2.000000000
6 8 7 10097 8 2.000000000
6 9 7 10098 8 2.000000000
6 10 7 10099 8 2.000000000
6 11 7 10100 8 2.000000000
6 12 7 10101 8 2.000000000
6 13 7 10102 8 2.000000000
6 14 7 10103 8 2.000000000
6 15 7 10104 8 2.000000000
7 0 7 10105 8 2.000000000
7 1 7 10106 8 2.000000000
7 2 7 10107 8 2.000000000
7 3 7 10108 8 2.000000000
7 4 7 10109 8 2.000000000
7 5 7 10110 8 2.000000000
7 6 7 10111 8 2.000000000
7 8 7 10112 8 2.000000000
7 9 7 10113 8 2.000000000
7 10 7 10114 8 2.000000000
7 11 7 10115 8 2.000000000
7 12 7 10116 8 2.000000000
7 13 7 10117 8 2.000000000
7 14 7 10118 8 2.000000000
7 15 7 10119 8 2.000000000
8 0 7 10120 8 2.000000000
8 1 7 10121 8 2.000000000
8 2 7 10122 8 2.000000000
8 3 7 10123 8 2.000000000
8 4 7 10124 8 2.000000000
8 5 7 10125 8 2.000000000
8 6 7 10126 8 2.000000000
8 7 7 10127 8 2.000000000
8 9 7 10128 8 2.000000000
8 10 7 10129 8 2.000000000
8 11 7 10130 8 2.000000000
8 12 7 10131 8 2.000000000
8 13 7 10132 8 2.000000000
8 14 7 10133 8 2.000000000
8 15 7 10134 8 2.000000000
9 0 7 10135 8 2.000000000
9 1 7 10136 8 2.000000000
9 2 7 10137 8 2.000000000
9 3 7 10138 8 2.000000000
9 4 7 10139 8 2.000000000
9 5 7 10140 8 2.000000000
9 6 7 10141 8 2.000000000
9 7 7 10142 8 2.000000000
9 8 7 10143 8 2.000000000
9 10 7 10144 8 2.000000000
9 11 7 10145 8 2.000000000
9 12 7 10146 8 2.000000000
9 13 7 10147 8 2.000000000
9 14 7 10148 8 2.000000000
9 15 7 10149 8 2.000000000
10 0 7 10150 8 2.000000000
10 1 7 10151 8 2.000000000
10 2 7 10152 8 2.000000000
10 3 7 10153 8 2.000000000
10 4 7 10154 8 2.000000000
10 5 7 10155 8 2.000000000
10 6 7 10156 8 2.000000000
10 7 7 10157 8 2.000000000
10 8 7 10158 8 2.000000000
10 9 7 10159 8 2.000000000
10 11 7 10160 8 2.000000000
10 12 7 10161 8 2.000000000
10 13 7 10162 8 2.000000000
10 14 7 10163 8 2.000000000
10 15 7 10164 8 2.000000000
11 0 7 10165 8 2.000000000
11 1 7 10166 8 2.000000000
11 2 7 10167 8 2.000000000
11 3 7 10168 8 2.000000000
11 4 7 10169 8 2.000000000
11 5 7 10170 8 2.000000000
11 6 7 10171 8 2.000000000
11 7 7 10172 8 2.000000000
11 8 7 10173 8 2.000000000
11 9 7 10174 8 2.000000000
11 10 7 10175 8 2.000000000
11 12 7 10176 8 2.000000000
11 13 7 10177 8 2.000000000
11 14 7 10178 8 2.000000000
11 15 7 10179 8 2.000000000
12 0 7 10180 8 2.000000000
12 1 7 10181 8 2.000000000
12 2 7 10182 8 2.000000000
12 3 7 10183 8 2.000000000
12 4 7 10184 8 2.000000000
12 5 7 10185 8 2.000000000
12 6 7 10186 8 2.000000000
12 7 7 10187 8 2.000000000
12 8 7 10188 8 2.000000000
12 9 7 10189 8 2.000000000
12 10 7 10190 8 2.000000000
12 11 7 10191 8 2.000000000
12 13 7 10192 8 2.000000000
12 14 7 10193 8 2.000000000
12 15 7 10194 8 2.000000000
13 0 7 10195 8 2.000000000
13 1 7 10196 8 2.000000000
13 2 7 10197 8 2.000000000
13 3 7 10198 8 2.000000000
13 4 7 10199 8 2.000000000
13 5 7 10200 8 2.000000000
13 6 7 10201 8 2.000000000
13 7 7 10202 8 2.000000000
13 8 7 10203 8 2.000000000
13 9 7 10204 8 2.000000000
13 10 7 10205 8 2.000000000
13 11 7 10206 8 2.000000000
13 12 7 10207 8 2.000000000
13 14 7 10208 8 2.000000000
13 15 7 10209 8 2.000000000
14 0 7 10210 8 2.000000000
14 1 7 10211 8 2.000000000
14 2 7 10212 8 2.000000000
14 3 7 10213 8 2.000000000
14 4 7 10214 8 2.000000000
14 5 7 10215 8 2.000000000
14 6 7 10216 8 2.000000000
14 7 7 10217 8 2.000000000
14 8 7 10218 8 2.000000000
14 9 7 10219 8 2.000000000
14 10 7 10220 8 2.000000000
14 11 7 10221 8 2.000000000
14 12 7 10222 8 2.000000000
14 13 7 10223 8 2.000000000
14 15 7 10224 8 2.000000000
15 0 7 10225 8 2.000000000
15 1 7 10226 8 2.000000000
15 2 7 10227 8 2.000000000
15 3 7 10228 8 2.000000000
15 4 7 10229 8 2.000000000
15 5 7 10230 8 2.000000000
15 6 7 10231 8 2.000000000
15 7 7 10232 8 2.000000000
15 8 7 10233 8 2.000000000
15 9 7 10234 8 2.000000000
15 10 7 10235 8 2.000000000
15 11 7 10236 8 2.000000000
15 12 7 10237 8 2.000000000
15 13 7 10238 8 2.000000000
15 14 7 10239 8 2.000000000
