620
0 1 7 10000 16 2.000000000
0 2 7 10001 16 2.000000000
0 3 7 10002 16 2.000000000
0 4 7 10003 16 2.000000000
0 5 7 10004 16 2.000000000
0 6 7 10005 16 2.000000000
0 7 7 10006 16 2.000000000
0 8 7 10007 16 2.000000000
0 9 7 10008 16 2.000000000
0 10 7 10009 16 2.000000000
0 11 7 10010 16 2.000000000
0 12 7 10011 16 2.000000000
0 13 7 10012 16 2.000000000
0 14 7 10013 16 2.000000000
0 15 7 10014 16 2.000000000
0 16 7 10015 16 2.000000000
0 17 7 10016 16 2.000000000
0 18 7 10017 16 2.000000000
0 19 7 10018 16 2.000000000
0 20 7 10019 16 2.000000000
0 21 7 10020 16 2.000000000
0 22 7 10021 16 2.000000000
0 23 7 10022 16 2.000000000
0 24 7 10023 16 2.000000000
0 25 7 10024 16 2.000000000
0 26 7 10025 16 2.000000000
0 27 7 10026 16 2.000000000
0 28 7 10027 16 2.000000000
0 29 7 10028 16 2.000000000
0 30 7 10029 16 2.000000000
0 31 7 10030 16 2.000000000
0 32 7 10031 16 2.000000000
0 33 7 10032 16 2.000000000
0 34 7 10033 16 2.000000000
0 35 7 10034 16 2.000000000
0 36 7 10035 16 2.000000000
0 37 7 10036 16 2.000000000
0 38 7 10037 16 2.000000000
0 39 7 10038 16 2.000000000
0 40 7 10039 16 2.000000000
0 41 7 10040 16 2.000000000
0 42 7 10041 16 2.000000000
0 43 7 10042 16 2.000000000
0 44 7 10043 16 2.000000000
0 45 7 10044 16 2.000000000
0 46 7 10045 16 2.000000000
0 47 7 10046 16 2.000000000
0 48 7 10047 16 2.000000000
0 49 7 10048 16 2.000000000
0 50 7 10049 16 2.000000000
0 51 7 10050 16 2.000000000
0 52 7 10051 16 2.000000000
0 53 7 10052 16 2.000000000
0 54 7 10053 16 2.000000000
0 55 7 10054 16 2.000000000
0 56 7 10055 16 2.000000000
0 57 7 10056 16 2.000000000
0 58 7 10057 16 2.000000000
0 59 7 10058 16 2.000000000
0 60 7 10059 16 2.000000000
0 61 7 10060 16 2.000000000
0 62 7 10061 16 2.000000000
0 63 7 10062 16 2.000000000
0 64 7 10063 16 2.000000000
0 65 7 10064 16 2.000000000
0 66 7 10065 16 2.000000000
0 67 7 10066 16 2.000000000
0 68 7 10067 16 2.000000000
0 69 7 10068 16 2.000000000
0 70 7 10069 16 2.000000000
0 71 7 10070 16 2.000000000
0 72 7 10071 16 2.000000000
0 73 7 10072 16 2.000000000
0 74 7 10073 16 2.000000000
0 75 7 10074 16 2.000000000
0 76 7 10075 16 2.000000000
0 77 7 10076 16 2.000000000
0 78 7 10077 16 2.000000000
0 79 7 10078 16 2.000000000
0 80 7 10079 16 2.000000000
0 81 7 10080 16 2.000000000
0 82 7 10081 16 2.000000000
0 83 7 10082 16 2.000000000
0 84 7 10083 16 2.000000000
0 85 7 10084 16 2.000000000
0 86 7 10085 16 2.000000000
0 87 7 10086 16 2.000000000
0 88 7 10087 16 2.000000000
0 89 7 10088 16 2.000000000
0 90 7 10089 16 2.000000000
0 91 7 10090 16 2.000000000
0 92 7 10091 16 2.000000000
0 93 7 10092 16 2.000000000
0 94 7 10093 16 2.000000000
0 95 7 10094 16 2.000000000
0 96 7 10095 16 2.000000000
0 97 7 10096 16 2.000000000
0 98 7 10097 16 2.000000000
0 99 7 10098 16 2.000000000
0 100 7 10099 16 2.000000000
0 101 7 10100 16 2.000000000
0 102 7 10101 16 2.000000000
0 103 7 10102 16 2.000000000
0 104 7 10103 16 2.000000000
0 105 7 10104 16 2.000000000
0 106 7 10105 16 2.000000000
0 107 7 10106 16 2.000000000
0 108 7 10107 16 2.000000000
0 109 7 10108 16 2.000000000
0 110 7 10109 16 2.000000000
0 111 7 10110 16 2.000000000
0 112 7 10111 16 2.000000000
0 113 7 10112 16 2.000000000
0 114 7 10113 16 2.000000000
0 115 7 10114 16 2.000000000
0 116 7 10115 16 2.000000000
0 117 7 10116 16 2.000000000
0 118 7 10117 16 2.000000000
0 119 7 10118 16 2.000000000
0 120 7 10119 16 2.000000000
0 121 7 10120 16 2.000000000
0 122 7 10121 16 2.000000000
0 123 7 10122 16 2.000000000
0 124 7 10123 16 2.000000000
1 0 7 10124 16 2.000000000
1 2 7 10125 16 2.000000000
1 3 7 10126 16 2.000000000
1 4 7 10127 16 2.000000000
1 5 7 10128 16 2.000000000
1 6 7 10129 16 2.000000000
1 7 7 10130 16 2.000000000
1 8 7 10131 16 2.000000000
1 9 7 10132 16 2.000000000
1 10 7 10133 16 2.000000000
1 11 7 10134 16 2.000000000
1 12 7 10135 16 2.000000000
1 13 7 10136 16 2.000000000
1 14 7 10137 16 2.000000000
1 15 7 10138 16 2.000000000
1 16 7 10139 16 2.000000000
1 17 7 10140 16 2.000000000
1 18 7 10141 16 2.000000000
1 19 7 10142 16 2.000000000
1 20 7 10143 16 2.000000000
1 21 7 10144 16 2.000000000
1 22 7 10145 16 2.000000000
1 23 7 10146 16 2.000000000
1 24 7 10147 16 2.000000000
1 25 7 10148 16 2.000000000
1 26 7 10149 16 2.000000000
1 27 7 10150 16 2.000000000
1 28 7 10151 16 2.000000000
1 29 7 10152 16 2.000000000
1 30 7 10153 16 2.000000000
1 31 7 10154 16 2.000000000
1 32 7 10155 16 2.000000000
1 33 7 10156 16 2.000000000
1 34 7 10157 16 2.000000000
1 35 7 10158 16 2.000000000
1 36 7 10159 16 2.000000000
1 37 7 10160 16 2.000000000
1 38 7 10161 16 2.000000000
1 39 7 10162 16 2.000000000
1 40 7 10163 16 2.000000000
1 41 7 10164 16 2.000000000
1 42 7 10165 16 2.000000000
1 43 7 10166 16 2.000000000
1 44 7 10167 16 2.000000000
1 45 7 10168 16 2.000000000
1 46 7 10169 16 2.000000000
1 47 7 10170 16 2.000000000
1 48 7 10171 16 2.000000000
1 49 7 10172 16 2.000000000
1 50 7 10173 16 2.000000000
1 51 7 10174 16 2.000000000
1 52 7 10175 16 2.000000000
1 53 7 10176 16 2.000000000
1 54 7 10177 16 2.000000000
1 55 7 10178 16 2.000000000
1 56 7 10179 16 2.000000000
1 57 7 10180 16 2.000000000
1 58 7 10181 16 2.000000000
1 59 7 10182 16 2.000000000
1 60 7 10183 16 2.000000000
1 61 7 10184 16 2.000000000
1 62 7 10185 16 2.000000000
1 63 7 10186 16 2.000000000
1 64 7 10187 16 2.000000000
1 65 7 10188 16 2.000000000
1 66 7 10189 16 2.000000000
1 67 7 10190 16 2.000000000
1 68 7 10191 16 2.000000000
1 69 7 10192 16 2.000000000
1 70 7 10193 16 2.000000000
1 71 7 10194 16 2.000000000
1 72 7 10195 16 2.000000000
1 73 7 10196 16 2.000000000
1 74 7 10197 16 2.000000000
1 75 7 10198 16 2.000000000
1 76 7 10199 16 2.000000000
1 77 7 10200 16 2.000000000
1 78 7 10201 16 2.000000000
1 79 7 10202 16 2.000000000
1 80 7 10203 16 2.000000000
1 81 7 10204 16 2.000000000
1 82 7 10205 16 2.000000000
1 83 7 10206 16 2.000000000
1 84 7 10207 16 2.000000000
1 85 7 10208 16 2.000000000
1 86 7 10209 16 2.000000000
1 87 7 10210 16 2.000000000
1 88 7 10211 16 2.000000000
1 89 7 10212 16 2.000000000
1 90 7 10213 16 2.000000000
1 91 7 10214 16 2.000000000
1 92 7 10215 16 2.000000000
1 93 7 10216 16 2.000000000
1 94 7 10217 16 2.000000000
1 95 7 10218 16 2.000000000
1 96 7 10219 16 2.000000000
1 97 7 10220 16 2.000000000
1 98 7 10221 16 2.000000000
1 99 7 10222 16 2.000000000
1 100 7 10223 16 2.000000000
1 101 7 10224 16 2.000000000
1 102 7 10225 16 2.000000000
1 103 7 10226 16 2.000000000
1 104 7 10227 16 2.000000000
1 105 7 10228 16 2.000000000
1 106 7 10229 16 2.000000000
1 107 7 10230 16 2.000000000
1 108 7 10231 16 2.000000000
1 109 7 10232 16 2.000000000
1 110 7 10233 16 2.000000000
1 111 7 10234 16 2.000000000
1 112 7 10235 16 2.000000000
1 113 7 10236 16 2.000000000
1 114 7 10237 16 2.000000000
1 115 7 10238 16 2.000000000
1 116 7 10239 16 2.000000000
1 117 7 10240 16 2.000000000
1 118 7 10241 16 2.000000000
1 119 7 10242 16 2.000000000
1 120 7 10243 16 2.000000000
1 121 7 10244 16 2.000000000
1 122 7 10245 16 2.000000000
1 123 7 10246 16 2.000000000
1 124 7 10247 16 2.000000000
2 0 7 10248 16 2.000000000
2 1 7 10249 16 2.000000000
2 3 7 10250 16 2.000000000
2 4 7 10251 16 2.000000000
2 5 7 10252 16 2.000000000
2 6 7 10253 16 2.000000000
2 7 7 10254 16 2.000000000
2 8 7 10255 16 2.000000000
2 9 7 10256 16 2.000000000
2 10 7 10257 16 2.000000000
2 11 7 10258 16 2.000000000
2 12 7 10259 16 2.000000000
2 13 7 10260 16 2.000000000
2 14 7 10261 16 2.000000000
2 15 7 10262 16 2.000000000
2 16 7 10263 16 2.000000000
2 17 7 10264 16 2.000000000
2 18 7 10265 16 2.000000000
2 19 7 10266 16 2.000000000
2 20 7 10267 16 2.000000000
2 21 7 10268 16 2.000000000
2 22 7 10269 16 2.000000000
2 23 7 10270 16 2.000000000
2 24 7 10271 16 2.000000000
2 25 7 10272 16 2.000000000
2 26 7 10273 16 2.000000000
2 27 7 10274 16 2.000000000
2 28 7 10275 16 2.000000000
2 29 7 10276 16 2.000000000
2 30 7 10277 16 2.000000000
2 31 7 10278 16 2.000000000
2 32 7 10279 16 2.000000000
2 33 7 10280 16 2.000000000
2 34 7 10281 16 2.000000000
2 35 7 10282 16 2.000000000
2 36 7 10283 16 2.000000000
2 37 7 10284 16 2.000000000
2 38 7 10285 16 2.000000000
2 39 7 10286 16 2.000000000
2 40 7 10287 16 2.000000000
2 41 7 10288 16 2.000000000
2 42 7 10289 16 2.000000000
2 43 7 10290 16 2.000000000
2 44 7 10291 16 2.000000000
2 45 7 10292 16 2.000000000
2 46 7 10293 16 2.000000000
2 47 7 10294 16 2.000000000
2 48 7 10295 16 2.000000000
2 49 7 10296 16 2.000000000
2 50 7 10297 16 2.000000000
2 51 7 10298 16 2.000000000
2 52 7 10299 16 2.000000000
2 53 7 10300 16 2.000000000
2 54 7 10301 16 2.000000000
2 55 7 10302 16 2.000000000
2 56 7 10303 16 2.000000000
2 57 7 10304 16 2.000000000
2 58 7 10305 16 2.000000000
2 59 7 10306 16 2.000000000
2 60 7 10307 16 2.000000000
2 61 7 10308 16 2.000000000
2 62 7 10309 16 2.000000000
2 63 7 10310 16 2.000000000
2 64 7 10311 16 2.000000000
2 65 7 10312 16 2.000000000
2 66 7 10313 16 2.000000000
2 67 7 10314 16 2.000000000
2 68 7 10315 16 2.000000000
2 69 7 10316 16 2.000000000
2 70 7 10317 16 2.000000000
2 71 7 10318 16 2.000000000
2 72 7 10319 16 2.000000000
2 73 7 10320 16 2.000000000
2 74 7 10321 16 2.000000000
2 75 7 10322 16 2.000000000
2 76 7 10323 16 2.000000000
2 77 7 10324 16 2.000000000
2 78 7 10325 16 2.000000000
2 79 7 10326 16 2.000000000
2 80 7 10327 16 2.000000000
2 81 7 10328 16 2.000000000
2 82 7 10329 16 2.000000000
2 83 7 10330 16 2.000000000
2 84 7 10331 16 2.000000000
2 85 7 10332 16 2.000000000
2 86 7 10333 16 2.000000000
2 87 7 10334 16 2.000000000
2 88 7 10335 16 2.000000000
2 89 7 10336 16 2.000000000
2 90 7 10337 16 2.000000000
2 91 7 10338 16 2.000000000
2 92 7 10339 16 2.000000000
2 93 7 10340 16 2.000000000
2 94 7 10341 16 2.000000000
2 95 7 10342 16 2.000000000
2 96 7 10343 16 2.000000000
2 97 7 10344 16 2.000000000
2 98 7 10345 16 2.000000000
2 99 7 10346 16 2.000000000
2 100 7 10347 16 2.000000000
2 101 7 10348 16 2.000000000
2 102 7 10349 16 2.000000000
2 103 7 10350 16 2.000000000
2 104 7 10351 16 2.000000000
2 105 7 10352 16 2.000000000
2 106 7 10353 16 2.000000000
2 107 7 10354 16 2.000000000
2 108 7 10355 16 2.000000000
2 109 7 10356 16 2.000000000
2 110 7 10357 16 2.000000000
2 111 7 10358 16 2.000000000
2 112 7 10359 16 2.000000000
2 113 7 10360 16 2.000000000
2 114 7 10361 16 2.000000000
2 115 7 10362 16 2.000000000
2 116 7 10363 16 2.000000000
2 117 7 10364 16 2.000000000
2 118 7 10365 16 2.000000000
2 119 7 10366 16 2.000000000
2 120 7 10367 16 2.000000000
2 121 7 10368 16 2.000000000
2 122 7 10369 16 2.000000000
2 123 7 10370 16 2.000000000
2 124 7 10371 16 2.000000000
3 0 7 10372 16 2.000000000
3 1 7 10373 16 2.000000000
3 2 7 10374 16 2.000000000
3 4 7 10375 16 2.000000000
3 5 7 10376 16 2.000000000
3 6 7 10377 16 2.000000000
3 7 7 10378 16 2.000000000
3 8 7 10379 16 2.000000000
3 9 7 10380 16 2.000000000
3 10 7 10381 16 2.000000000
3 11 7 10382 16 2.000000000
3 12 7 10383 16 2.000000000
3 13 7 10384 16 2.000000000
3 14 7 10385 16 2.000000000
3 15 7 10386 16 2.000000000
3 16 7 10387 16 2.000000000
3 17 7 10388 16 2.000000000
3 18 7 10389 16 2.000000000
3 19 7 10390 16 2.000000000
3 20 7 10391 16 2.000000000
3 21 7 10392 16 2.000000000
3 22 7 10393 16 2.000000000
3 23 7 10394 16 2.000000000
3 24 7 10395 16 2.000000000
3 25 7 10396 16 2.000000000
3 26 7 10397 16 2.000000000
3 27 7 10398 16 2.000000000
3 28 7 10399 16 2.000000000
3 29 7 10400 16 2.000000000
3 30 7 10401 16 2.000000000
3 31 7 10402 16 2.000000000
3 32 7 10403 16 2.000000000
3 33 7 10404 16 2.000000000
3 34 7 10405 16 2.000000000
3 35 7 10406 16 2.000000000
3 36 7 10407 16 2.000000000
3 37 7 10408 16 2.000000000
3 38 7 10409 16 2.000000000
3 39 7 10410 16 2.000000000
3 40 7 10411 16 2.000000000
3 41 7 10412 16 2.000000000
3 42 7 10413 16 2.000000000
3 43 7 10414 16 2.000000000
3 44 7 10415 16 2.000000000
3 45 7 10416 16 2.000000000
3 46 7 10417 16 2.000000000
3 47 7 10418 16 2.000000000
3 48 7 10419 16 2.000000000
3 49 7 10420 16 2.000000000
3 50 7 10421 16 2.000000000
3 51 7 10422 16 2.000000000
3 52 7 10423 16 2.000000000
3 53 7 10424 16 2.000000000
3 54 7 10425 16 2.000000000
3 55 7 10426 16 2.000000000
3 56 7 10427 16 2.000000000
3 57 7 10428 16 2.000000000
3 58 7 10429 16 2.000000000
3 59 7 10430 16 2.000000000
3 60 7 10431 16 2.000000000
3 61 7 10432 16 2.000000000
3 62 7 10433 16 2.000000000
3 63 7 10434 16 2.000000000
3 64 7 10435 16 2.000000000
3 65 7 10436 16 2.000000000
3 66 7 10437 16 2.000000000
3 67 7 10438 16 2.000000000
3 68 7 10439 16 2.000000000
3 69 7 10440 16 2.000000000
3 70 7 10441 16 2.000000000
3 71 7 10442 16 2.000000000
3 72 7 10443 16 2.000000000
3 73 7 10444 16 2.000000000
3 74 7 10445 16 2.000000000
3 75 7 10446 16 2.000000000
3 76 7 10447 16 2.000000000
3 77 7 10448 16 2.000000000
3 78 7 10449 16 2.000000000
3 79 7 10450 16 2.000000000
3 80 7 10451 16 2.000000000
3 81 7 10452 16 2.000000000
3 82 7 10453 16 2.000000000
3 83 7 10454 16 2.000000000
3 84 7 10455 16 2.000000000
3 85 7 10456 16 2.000000000
3 86 7 10457 16 2.000000000
3 87 7 10458 16 2.000000000
3 88 7 10459 16 2.000000000
3 89 7 10460 16 2.000000000
3 90 7 10461 16 2.000000000
3 91 7 10462 16 2.000000000
3 92 7 10463 16 2.000000000
3 93 7 10464 16 2.000000000
3 94 7 10465 16 2.000000000
3 95 7 10466 16 2.000000000
3 96 7 10467 16 2.000000000
3 97 7 10468 16 2.000000000
3 98 7 10469 16 2.000000000
3 99 7 10470 16 2.000000000
3 100 7 10471 16 2.000000000
3 101 7 10472 16 2.000000000
3 102 7 10473 16 2.000000000
3 103 7 10474 16 2.000000000
3 104 7 10475 16 2.000000000
3 105 7 10476 16 2.000000000
3 106 7 10477 16 2.000000000
3 107 7 10478 16 2.000000000
3 108 7 10479 16 2.000000000
3 109 7 10480 16 2.000000000
3 110 7 10481 16 2.000000000
3 111 7 10482 16 2.000000000
3 112 7 10483 16 2.000000000
3 113 7 10484 16 2.000000000
3 114 7 10485 16 2.000000000
3 115 7 10486 16 2.000000000
3 116 7 10487 16 2.000000000
3 117 7 10488 16 2.000000000
3 118 7 10489 16 2.000000000
3 119 7 10490 16 2.000000000
3 120 7 10491 16 2.000000000
3 121 7 10492 16 2.000000000
3 122 7 10493 16 2.000000000
3 123 7 10494 16 2.000000000
3 124 7 10495 16 2.000000000
4 0 7 10496 16 2.000000000
4 1 7 10497 16 2.000000000
4 2 7 10498 16 2.000000000
4 3 7 10499 16 2.000000000
4 5 7 10500 16 2.000000000
4 6 7 10501 16 2.000000000
4 7 7 10502 16 2.000000000
4 8 7 10503 16 2.000000000
4 9 7 10504 16 2.000000000
4 10 7 10505 16 2.000000000
4 11 7 10506 16 2.000000000
4 12 7 10507 16 2.000000000
4 13 7 10508 16 2.000000000
4 14 7 10509 16 2.000000000
4 15 7 10510 16 2.000000000
4 16 7 10511 16 2.000000000
4 17 7 10512 16 2.000000000
4 18 7 10513 16 2.000000000
4 19 7 10514 16 2.000000000
4 20 7 10515 16 2.000000000
4 21 7 10516 16 2.000000000
4 22 7 10517 16 2.000000000
4 23 7 10518 16 2.000000000
4 24 7 10519 16 2.000000000
4 25 7 10520 16 2.000000000
4 26 7 10521 16 2.000000000
4 27 7 10522 16 2.000000000
4 28 7 10523 16 2.000000000
4 29 7 10524 16 2.000000000
4 30 7 10525 16 2.000000000
4 31 7 10526 16 2.000000000
4 32 7 10527 16 2.000000000
4 33 7 10528 16 2.000000000
4 34 7 10529 16 2.000000000
4 35 7 10530 16 2.000000000
4 36 7 10531 16 2.000000000
4 37 7 10532 16 2.000000000
4 38 7 10533 16 2.000000000
4 39 7 10534 16 2.000000000
4 40 7 10535 16 2.000000000
4 41 7 10536 16 2.000000000
4 42 7 10537 16 2.000000000
4 43 7 10538 16 2.000000000
4 44 7 10539 16 2.000000000
4 45 7 10540 16 2.000000000
4 46 7 10541 16 2.000000000
4 47 7 10542 16 2.000000000
4 48 7 10543 16 2.000000000
4 49 7 10544 16 2.000000000
4 50 7 10545 16 2.000000000
4 51 7 10546 16 2.000000000
4 52 7 10547 16 2.000000000
4 53 7 10548 16 2.000000000
4 54 7 10549 16 2.000000000
4 55 7 10550 16 2.000000000
4 56 7 10551 16 2.000000000
4 57 7 10552 16 2.000000000
4 58 7 10553 16 2.000000000
4 59 7 10554 16 2.000000000
4 60 7 10555 16 2.000000000
4 61 7 10556 16 2.000000000
4 62 7 10557 16 2.000000000
4 63 7 10558 16 2.000000000
4 64 7 10559 16 2.000000000
4 65 7 10560 16 2.000000000
4 66 7 10561 16 2.000000000
4 67 7 10562 16 2.000000000
4 68 7 10563 16 2.000000000
4 69 7 10564 16 2.000000000
4 70 7 10565 16 2.000000000
4 71 7 10566 16 2.000000000
4 72 7 10567 16 2.000000000
4 73 7 10568 16 2.000000000
4 74 7 10569 16 2.000000000
4 75 7 10570 16 2.000000000
4 76 7 10571 16 2.000000000
4 77 7 10572 16 2.000000000
4 78 7 10573 16 2.000000000
4 79 7 10574 16 2.000000000
4 80 7 10575 16 2.000000000
4 81 7 10576 16 2.000000000
4 82 7 10577 16 2.000000000
4 83 7 10578 16 2.000000000
4 84 7 10579 16 2.000000000
4 85 7 10580 16 2.000000000
4 86 7 10581 16 2.000000000
4 87 7 10582 16 2.000000000
4 88 7 10583 16 2.000000000
4 89 7 10584 16 2.000000000
4 90 7 10585 16 2.000000000
4 91 7 10586 16 2.000000000
4 92 7 10587 16 2.000000000
4 93 7 10588 16 2.000000000
4 94 7 10589 16 2.000000000
4 95 7 10590 16 2.000000000
4 96 7 10591 16 2.000000000
4 97 7 10592 16 2.000000000
4 98 7 10593 16 2.000000000
4 99 7 10594 16 2.000000000
4 100 7 10595 16 2.000000000
4 101 7 10596 16 2.000000000
4 102 7 10597 16 2.000000000
4 103 7 10598 16 2.000000000
4 104 7 10599 16 2.000000000
4 105 7 10600 16 2.000000000
4 106 7 10601 16 2.000000000
4 107 7 10602 16 2.000000000
4 108 7 10603 16 2.000000000
4 109 7 10604 16 2.000000000
4 110 7 10605 16 2.000000000
4 111 7 10606 16 2.000000000
4 112 7 10607 16 2.000000000
4 113 7 10608 16 2.000000000
4 114 7 10609 16 2.000000000
4 115 7 10610 16 2.000000000
4 116 7 10611 16 2.000000000
4 117 7 10612 16 2.000000000
4 118 7 10613 16 2.000000000
4 119 7 10614 16 2.000000000
4 120 7 10615 16 2.000000000
4 121 7 10616 16 2.000000000
4 122 7 10617 16 2.000000000
4 123 7 10618 16 2.000000000
4 124 7 10619 16 2.000000000
