620
0 1 7 10000 1 2.000000000
0 2 7 10001 1 2.000000000
0 3 7 10002 1 2.000000000
0 4 7 10003 1 2.000000000
0 5 7 10004 1 2.000000000
0 6 7 10005 1 2.000000000
0 7 7 10006 1 2.000000000
0 8 7 10007 1 2.000000000
0 9 7 10008 1 2.000000000
0 10 7 10009 1 2.000000000
0 11 7 10010 1 2.000000000
0 12 7 10011 1 2.000000000
0 13 7 10012 1 2.000000000
0 14 7 10013 1 2.000000000
0 15 7 10014 1 2.000000000
0 16 7 10015 1 2.000000000
0 17 7 10016 1 2.000000000
0 18 7 10017 1 2.000000000
0 19 7 10018 1 2.000000000
0 20 7 10019 1 2.000000000
0 21 7 10020 1 2.000000000
0 22 7 10021 1 2.000000000
0 23 7 10022 1 2.000000000
0 24 7 10023 1 2.000000000
0 25 7 10024 1 2.000000000
0 26 7 10025 1 2.000000000
0 27 7 10026 1 2.000000000
0 28 7 10027 1 2.000000000
0 29 7 10028 1 2.000000000
0 30 7 10029 1 2.000000000
0 31 7 10030 1 2.000000000
0 32 7 10031 1 2.000000000
0 33 7 10032 1 2.000000000
0 34 7 10033 1 2.000000000
0 35 7 10034 1 2.000000000
0 36 7 10035 1 2.000000000
0 37 7 10036 1 2.000000000
0 38 7 10037 1 2.000000000
0 39 7 10038 1 2.000000000
0 40 7 10039 1 2.000000000
0 41 7 10040 1 2.000000000
0 42 7 10041 1 2.000000000
0 43 7 10042 1 2.000000000
0 44 7 10043 1 2.000000000
0 45 7 10044 1 2.000000000
0 46 7 10045 1 2.000000000
0 47 7 10046 1 2.000000000
0 48 7 10047 1 2.000000000
0 49 7 10048 1 2.000000000
0 50 7 10049 1 2.000000000
0 51 7 10050 1 2.000000000
0 52 7 10051 1 2.000000000
0 53 7 10052 1 2.000000000
0 54 7 10053 1 2.000000000
0 55 7 10054 1 2.000000000
0 56 7 10055 1 2.000000000
0 57 7 10056 1 2.000000000
0 58 7 10057 1 2.000000000
0 59 7 10058 1 2.000000000
0 60 7 10059 1 2.000000000
0 61 7 10060 1 2.000000000
0 62 7 10061 1 2.000000000
0 63 7 10062 1 2.000000000
0 64 7 10063 1 2.000000000
0 65 7 10064 1 2.000000000
0 66 7 10065 1 2.000000000
0 67 7 10066 1 2.000000000
0 68 7 10067 1 2.000000000
0 69 7 10068 1 2.000000000
0 70 7 10069 1 2.000000000
0 71 7 10070 1 2.000000000
0 72 7 10071 1 2.000000000
0 73 7 10072 1 2.000000000
0 74 7 10073 1 2.000000000
0 75 7 10074 1 2.000000000
0 76 7 10075 1 2.000000000
0 77 7 10076 1 2.000000000
0 78 7 10077 1 2.000000000
0 79 7 10078 1 2.000000000
0 80 7 10079 1 2.000000000
0 81 7 10080 1 2.000000000
0 82 7 10081 1 2.000000000
0 83 7 10082 1 2.000000000
0 84 7 10083 1 2.000000000
0 85 7 10084 1 2.000000000
0 86 7 10085 1 2.000000000
0 87 7 10086 1 2.000000000
0 88 7 10087 1 2.000000000
0 89 7 10088 1 2.000000000
0 90 7 10089 1 2.000000000
0 91 7 10090 1 2.000000000
0 92 7 10091 1 2.000000000
0 93 7 10092 1 2.000000000
0 94 7 10093 1 2.000000000
0 95 7 10094 1 2.000000000
0 96 7 10095 1 2.000000000
0 97 7 10096 1 2.000000000
0 98 7 10097 1 2.000000000
0 99 7 10098 1 2.000000000
0 100 7 10099 1 2.000000000
0 101 7 10100 1 2.000000000
0 102 7 10101 1 2.000000000
0 103 7 10102 1 2.000000000
0 104 7 10103 1 2.000000000
0 105 7 10104 1 2.000000000
0 106 7 10105 1 2.000000000
0 107 7 10106 1 2.000000000
0 108 7 10107 1 2.000000000
0 109 7 10108 1 2.000000000
0 110 7 10109 1 2.000000000
0 111 7 10110 1 2.000000000
0 112 7 10111 1 2.000000000
0 113 7 10112 1 2.000000000
0 114 7 10113 1 2.000000000
0 115 7 10114 1 2.000000000
0 116 7 10115 1 2.000000000
0 117 7 10116 1 2.000000000
0 118 7 10117 1 2.000000000
0 119 7 10118 1 2.000000000
0 120 7 10119 1 2.000000000
0 121 7 10120 1 2.000000000
0 122 7 10121 1 2.000000000
0 123 7 10122 1 2.000000000
0 124 7 10123 1 2.000000000
1 0 7 10124 1 2.000000000
1 2 7 10125 1 2.000000000
1 3 7 10126 1 2.000000000
1 4 7 10127 1 2.000000000
1 5 7 10128 1 2.000000000
1 6 7 10129 1 2.000000000
1 7 7 10130 1 2.000000000
1 8 7 10131 1 2.000000000
1 9 7 10132 1 2.000000000
1 10 7 10133 1 2.000000000
1 11 7 10134 1 2.000000000
1 12 7 10135 1 2.000000000
1 13 7 10136 1 2.000000000
1 14 7 10137 1 2.000000000
1 15 7 10138 1 2.000000000
1 16 7 10139 1 2.000000000
1 17 7 10140 1 2.000000000
1 18 7 10141 1 2.000000000
1 19 7 10142 1 2.000000000
1 20 7 10143 1 2.000000000
1 21 7 10144 1 2.000000000
1 22 7 10145 1 2.000000000
1 23 7 10146 1 2.000000000
1 24 7 10147 1 2.000000000
1 25 7 10148 1 2.000000000
1 26 7 10149 1 2.000000000
1 27 7 10150 1 2.000000000
1 28 7 10151 1 2.000000000
1 29 7 10152 1 2.000000000
1 30 7 10153 1 2.000000000
1 31 7 10154 1 2.000000000
1 32 7 10155 1 2.000000000
1 33 7 10156 1 2.000000000
1 34 7 10157 1 2.000000000
1 35 7 10158 1 2.000000000
1 36 7 10159 1 2.000000000
1 37 7 10160 1 2.000000000
1 38 7 10161 1 2.000000000
1 39 7 10162 1 2.000000000
1 40 7 10163 1 2.000000000
1 41 7 10164 1 2.000000000
1 42 7 10165 1 2.000000000
1 43 7 10166 1 2.000000000
1 44 7 10167 1 2.000000000
1 45 7 10168 1 2.000000000
1 46 7 10169 1 2.000000000
1 47 7 10170 1 2.000000000
1 48 7 10171 1 2.000000000
1 49 7 10172 1 2.000000000
1 50 7 10173 1 2.000000000
1 51 7 10174 1 2.000000000
1 52 7 10175 1 2.000000000
1 53 7 10176 1 2.000000000
1 54 7 10177 1 2.000000000
1 55 7 10178 1 2.000000000
1 56 7 10179 1 2.000000000
1 57 7 10180 1 2.000000000
1 58 7 10181 1 2.000000000
1 59 7 10182 1 2.000000000
1 60 7 10183 1 2.000000000
1 61 7 10184 1 2.000000000
1 62 7 10185 1 2.000000000
1 63 7 10186 1 2.000000000
1 64 7 10187 1 2.000000000
1 65 7 10188 1 2.000000000
1 66 7 10189 1 2.000000000
1 67 7 10190 1 2.000000000
1 68 7 10191 1 2.000000000
1 69 7 10192 1 2.000000000
1 70 7 10193 1 2.000000000
1 71 7 10194 1 2.000000000
1 72 7 10195 1 2.000000000
1 73 7 10196 1 2.000000000
1 74 7 10197 1 2.000000000
1 75 7 10198 1 2.000000000
1 76 7 10199 1 2.000000000
1 77 7 10200 1 2.000000000
1 78 7 10201 1 2.000000000
1 79 7 10202 1 2.000000000
1 80 7 10203 1 2.000000000
1 81 7 10204 1 2.000000000
1 82 7 10205 1 2.000000000
1 83 7 10206 1 2.000000000
1 84 7 10207 1 2.000000000
1 85 7 10208 1 2.000000000
1 86 7 10209 1 2.000000000
1 87 7 10210 1 2.000000000
1 88 7 10211 1 2.000000000
1 89 7 10212 1 2.000000000
1 90 7 10213 1 2.000000000
1 91 7 10214 1 2.000000000
1 92 7 10215 1 2.000000000
1 93 7 10216 1 2.000000000
1 94 7 10217 1 2.000000000
1 95 7 10218 1 2.000000000
1 96 7 10219 1 2.000000000
1 97 7 10220 1 2.000000000
1 98 7 10221 1 2.000000000
1 99 7 10222 1 2.000000000
1 100 7 10223 1 2.000000000
1 101 7 10224 1 2.000000000
1 102 7 10225 1 2.000000000
1 103 7 10226 1 2.000000000
1 104 7 10227 1 2.000000000
1 105 7 10228 1 2.000000000
1 106 7 10229 1 2.000000000
1 107 7 10230 1 2.000000000
1 108 7 10231 1 2.000000000
1 109 7 10232 1 2.000000000
1 110 7 10233 1 2.000000000
1 111 7 10234 1 2.000000000
1 112 7 10235 1 2.000000000
1 113 7 10236 1 2.000000000
1 114 7 10237 1 2.000000000
1 115 7 10238 1 2.000000000
1 116 7 10239 1 2.000000000
1 117 7 10240 1 2.000000000
1 118 7 10241 1 2.000000000
1 119 7 10242 1 2.000000000
1 120 7 10243 1 2.000000000
1 121 7 10244 1 2.000000000
1 122 7 10245 1 2.000000000
1 123 7 10246 1 2.000000000
1 124 7 10247 1 2.000000000
2 0 7 10248 1 2.000000000
2 1 7 10249 1 2.000000000
2 3 7 10250 1 2.000000000
2 4 7 10251 1 2.000000000
2 5 7 10252 1 2.000000000
2 6 7 10253 1 2.000000000
2 7 7 10254 1 2.000000000
2 8 7 10255 1 2.000000000
2 9 7 10256 1 2.000000000
2 10 7 10257 1 2.000000000
2 11 7 10258 1 2.000000000
2 12 7 10259 1 2.000000000
2 13 7 10260 1 2.000000000
2 14 7 10261 1 2.000000000
2 15 7 10262 1 2.000000000
2 16 7 10263 1 2.000000000
2 17 7 10264 1 2.000000000
2 18 7 10265 1 2.000000000
2 19 7 10266 1 2.000000000
2 20 7 10267 1 2.000000000
2 21 7 10268 1 2.000000000
2 22 7 10269 1 2.000000000
2 23 7 10270 1 2.000000000
2 24 7 10271 1 2.000000000
2 25 7 10272 1 2.000000000
2 26 7 10273 1 2.000000000
2 27 7 10274 1 2.000000000
2 28 7 10275 1 2.000000000
2 29 7 10276 1 2.000000000
2 30 7 10277 1 2.000000000
2 31 7 10278 1 2.000000000
2 32 7 10279 1 2.000000000
2 33 7 10280 1 2.000000000
2 34 7 10281 1 2.000000000
2 35 7 10282 1 2.000000000
2 36 7 10283 1 2.000000000
2 37 7 10284 1 2.000000000
2 38 7 10285 1 2.000000000
2 39 7 10286 1 2.000000000
2 40 7 10287 1 2.000000000
2 41 7 10288 1 2.000000000
2 42 7 10289 1 2.000000000
2 43 7 10290 1 2.000000000
2 44 7 10291 1 2.000000000
2 45 7 10292 1 2.000000000
2 46 7 10293 1 2.000000000
2 47 7 10294 1 2.000000000
2 48 7 10295 1 2.000000000
2 49 7 10296 1 2.000000000
2 50 7 10297 1 2.000000000
2 51 7 10298 1 2.000000000
2 52 7 10299 1 2.000000000
2 53 7 10300 1 2.000000000
2 54 7 10301 1 2.000000000
2 55 7 10302 1 2.000000000
2 56 7 10303 1 2.000000000
2 57 7 10304 1 2.000000000
2 58 7 10305 1 2.000000000
2 59 7 10306 1 2.000000000
2 60 7 10307 1 2.000000000
2 61 7 10308 1 2.000000000
2 62 7 10309 1 2.000000000
2 63 7 10310 1 2.000000000
2 64 7 10311 1 2.000000000
2 65 7 10312 1 2.000000000
2 66 7 10313 1 2.000000000
2 67 7 10314 1 2.000000000
2 68 7 10315 1 2.000000000
2 69 7 10316 1 2.000000000
2 70 7 10317 1 2.000000000
2 71 7 10318 1 2.000000000
2 72 7 10319 1 2.000000000
2 73 7 10320 1 2.000000000
2 74 7 10321 1 2.000000000
2 75 7 10322 1 2.000000000
2 76 7 10323 1 2.000000000
2 77 7 10324 1 2.000000000
2 78 7 10325 1 2.000000000
2 79 7 10326 1 2.000000000
2 80 7 10327 1 2.000000000
2 81 7 10328 1 2.000000000
2 82 7 10329 1 2.000000000
2 83 7 10330 1 2.000000000
2 84 7 10331 1 2.000000000
2 85 7 10332 1 2.000000000
2 86 7 10333 1 2.000000000
2 87 7 10334 1 2.000000000
2 88 7 10335 1 2.000000000
2 89 7 10336 1 2.000000000
2 90 7 10337 1 2.000000000
2 91 7 10338 1 2.000000000
2 92 7 10339 1 2.000000000
2 93 7 10340 1 2.000000000
2 94 7 10341 1 2.000000000
2 95 7 10342 1 2.000000000
2 96 7 10343 1 2.000000000
2 97 7 10344 1 2.000000000
2 98 7 10345 1 2.000000000
2 99 7 10346 1 2.000000000
2 100 7 10347 1 2.000000000
2 101 7 10348 1 2.000000000
2 102 7 10349 1 2.000000000
2 103 7 10350 1 2.000000000
2 104 7 10351 1 2.000000000
2 105 7 10352 1 2.000000000
2 106 7 10353 1 2.000000000
2 107 7 10354 1 2.000000000
2 108 7 10355 1 2.000000000
2 109 7 10356 1 2.000000000
2 110 7 10357 1 2.000000000
2 111 7 10358 1 2.000000000
2 112 7 10359 1 2.000000000
2 113 7 10360 1 2.000000000
2 114 7 10361 1 2.000000000
2 115 7 10362 1 2.000000000
2 116 7 10363 1 2.000000000
2 117 7 10364 1 2.000000000
2 118 7 10365 1 2.000000000
2 119 7 10366 1 2.000000000
2 120 7 10367 1 2.000000000
2 121 7 10368 1 2.000000000
2 122 7 10369 1 2.000000000
2 123 7 10370 1 2.000000000
2 124 7 10371 1 2.000000000
3 0 7 10372 1 2.000000000
3 1 7 10373 1 2.000000000
3 2 7 10374 1 2.000000000
3 4 7 10375 1 2.000000000
3 5 7 10376 1 2.000000000
3 6 7 10377 1 2.000000000
3 7 7 10378 1 2.000000000
3 8 7 10379 1 2.000000000
3 9 7 10380 1 2.000000000
3 10 7 10381 1 2.000000000
3 11 7 10382 1 2.000000000
3 12 7 10383 1 2.000000000
3 13 7 10384 1 2.000000000
3 14 7 10385 1 2.000000000
3 15 7 10386 1 2.000000000
3 16 7 10387 1 2.000000000
3 17 7 10388 1 2.000000000
3 18 7 10389 1 2.000000000
3 19 7 10390 1 2.000000000
3 20 7 10391 1 2.000000000
3 21 7 10392 1 2.000000000
3 22 7 10393 1 2.000000000
3 23 7 10394 1 2.000000000
3 24 7 10395 1 2.000000000
3 25 7 10396 1 2.000000000
3 26 7 10397 1 2.000000000
3 27 7 10398 1 2.000000000
3 28 7 10399 1 2.000000000
3 29 7 10400 1 2.000000000
3 30 7 10401 1 2.000000000
3 31 7 10402 1 2.000000000
3 32 7 10403 1 2.000000000
3 33 7 10404 1 2.000000000
3 34 7 10405 1 2.000000000
3 35 7 10406 1 2.000000000
3 36 7 10407 1 2.000000000
3 37 7 10408 1 2.000000000
3 38 7 10409 1 2.000000000
3 39 7 10410 1 2.000000000
3 40 7 10411 1 2.000000000
3 41 7 10412 1 2.000000000
3 42 7 10413 1 2.000000000
3 43 7 10414 1 2.000000000
3 44 7 10415 1 2.000000000
3 45 7 10416 1 2.000000000
3 46 7 10417 1 2.000000000
3 47 7 10418 1 2.000000000
3 48 7 10419 1 2.000000000
3 49 7 10420 1 2.000000000
3 50 7 10421 1 2.000000000
3 51 7 10422 1 2.000000000
3 52 7 10423 1 2.000000000
3 53 7 10424 1 2.000000000
3 54 7 10425 1 2.000000000
3 55 7 10426 1 2.000000000
3 56 7 10427 1 2.000000000
3 57 7 10428 1 2.000000000
3 58 7 10429 1 2.000000000
3 59 7 10430 1 2.000000000
3 60 7 10431 1 2.000000000
3 61 7 10432 1 2.000000000
3 62 7 10433 1 2.000000000
3 63 7 10434 1 2.000000000
3 64 7 10435 1 2.000000000
3 65 7 10436 1 2.000000000
3 66 7 10437 1 2.000000000
3 67 7 10438 1 2.000000000
3 68 7 10439 1 2.000000000
3 69 7 10440 1 2.000000000
3 70 7 10441 1 2.000000000
3 71 7 10442 1 2.000000000
3 72 7 10443 1 2.000000000
3 73 7 10444 1 2.000000000
3 74 7 10445 1 2.000000000
3 75 7 10446 1 2.000000000
3 76 7 10447 1 2.000000000
3 77 7 10448 1 2.000000000
3 78 7 10449 1 2.000000000
3 79 7 10450 1 2.000000000
3 80 7 10451 1 2.000000000
3 81 7 10452 1 2.000000000
3 82 7 10453 1 2.000000000
3 83 7 10454 1 2.000000000
3 84 7 10455 1 2.000000000
3 85 7 10456 1 2.000000000
3 86 7 10457 1 2.000000000
3 87 7 10458 1 2.000000000
3 88 7 10459 1 2.000000000
3 89 7 10460 1 2.000000000
3 90 7 10461 1 2.000000000
3 91 7 10462 1 2.000000000
3 92 7 10463 1 2.000000000
3 93 7 10464 1 2.000000000
3 94 7 10465 1 2.000000000
3 95 7 10466 1 2.000000000
3 96 7 10467 1 2.000000000
3 97 7 10468 1 2.000000000
3 98 7 10469 1 2.000000000
3 99 7 10470 1 2.000000000
3 100 7 10471 1 2.000000000
3 101 7 10472 1 2.000000000
3 102 7 10473 1 2.000000000
3 103 7 10474 1 2.000000000
3 104 7 10475 1 2.000000000
3 105 7 10476 1 2.000000000
3 106 7 10477 1 2.000000000
3 107 7 10478 1 2.000000000
3 108 7 10479 1 2.000000000
3 109 7 10480 1 2.000000000
3 110 7 10481 1 2.000000000
3 111 7 10482 1 2.000000000
3 112 7 10483 1 2.000000000
3 113 7 10484 1 2.000000000
3 114 7 10485 1 2.000000000
3 115 7 10486 1 2.000000000
3 116 7 10487 1 2.000000000
3 117 7 10488 1 2.000000000
3 118 7 10489 1 2.000000000
3 119 7 10490 1 2.000000000
3 120 7 10491 1 2.000000000
3 121 7 10492 1 2.000000000
3 122 7 10493 1 2.000000000
3 123 7 10494 1 2.000000000
3 124 7 10495 1 2.000000000
4 0 7 10496 1 2.000000000
4 1 7 10497 1 2.000000000
4 2 7 10498 1 2.000000000
4 3 7 10499 1 2.000000000
4 5 7 10500 1 2.000000000
4 6 7 10501 1 2.000000000
4 7 7 10502 1 2.000000000
4 8 7 10503 1 2.000000000
4 9 7 10504 1 2.000000000
4 10 7 10505 1 2.000000000
4 11 7 10506 1 2.000000000
4 12 7 10507 1 2.000000000
4 13 7 10508 1 2.000000000
4 14 7 10509 1 2.000000000
4 15 7 10510 1 2.000000000
4 16 7 10511 1 2.000000000
4 17 7 10512 1 2.000000000
4 18 7 10513 1 2.000000000
4 19 7 10514 1 2.000000000
4 20 7 10515 1 2.000000000
4 21 7 10516 1 2.000000000
4 22 7 10517 1 2.000000000
4 23 7 10518 1 2.000000000
4 24 7 10519 1 2.000000000
4 25 7 10520 1 2.000000000
4 26 7 10521 1 2.000000000
4 27 7 10522 1 2.000000000
4 28 7 10523 1 2.000000000
4 29 7 10524 1 2.000000000
4 30 7 10525 1 2.000000000
4 31 7 10526 1 2.000000000
4 32 7 10527 1 2.000000000
4 33 7 10528 1 2.000000000
4 34 7 10529 1 2.000000000
4 35 7 10530 1 2.000000000
4 36 7 10531 1 2.000000000
4 37 7 10532 1 2.000000000
4 38 7 10533 1 2.000000000
4 39 7 10534 1 2.000000000
4 40 7 10535 1 2.000000000
4 41 7 10536 1 2.000000000
4 42 7 10537 1 2.000000000
4 43 7 10538 1 2.000000000
4 44 7 10539 1 2.000000000
4 45 7 10540 1 2.000000000
4 46 7 10541 1 2.000000000
4 47 7 10542 1 2.000000000
4 48 7 10543 1 2.000000000
4 49 7 10544 1 2.000000000
4 50 7 10545 1 2.000000000
4 51 7 10546 1 2.000000000
4 52 7 10547 1 2.000000000
4 53 7 10548 1 2.000000000
4 54 7 10549 1 2.000000000
4 55 7 10550 1 2.000000000
4 56 7 10551 1 2.000000000
4 57 7 10552 1 2.000000000
4 58 7 10553 1 2.000000000
4 59 7 10554 1 2.000000000
4 60 7 10555 1 2.000000000
4 61 7 10556 1 2.000000000
4 62 7 10557 1 2.000000000
4 63 7 10558 1 2.000000000
4 64 7 10559 1 2.000000000
4 65 7 10560 1 2.000000000
4 66 7 10561 1 2.000000000
4 67 7 10562 1 2.000000000
4 68 7 10563 1 2.000000000
4 69 7 10564 1 2.000000000
4 70 7 10565 1 2.000000000
4 71 7 10566 1 2.000000000
4 72 7 10567 1 2.000000000
4 73 7 10568 1 2.000000000
4 74 7 10569 1 2.000000000
4 75 7 10570 1 2.000000000
4 76 7 10571 1 2.000000000
4 77 7 10572 1 2.000000000
4 78 7 10573 1 2.000000000
4 79 7 10574 1 2.000000000
4 80 7 10575 1 2.000000000
4 81 7 10576 1 2.000000000
4 82 7 10577 1 2.000000000
4 83 7 10578 1 2.000000000
4 84 7 10579 1 2.000000000
4 85 7 10580 1 2.000000000
4 86 7 10581 1 2.000000000
4 87 7 10582 1 2.000000000
4 88 7 10583 1 2.000000000
4 89 7 10584 1 2.000000000
4 90 7 10585 1 2.000000000
4 91 7 10586 1 2.000000000
4 92 7 10587 1 2.000000000
4 93 7 10588 1 2.000000000
4 94 7 10589 1 2.000000000
4 95 7 10590 1 2.000000000
4 96 7 10591 1 2.000000000
4 97 7 10592 1 2.000000000
4 98 7 10593 1 2.000000000
4 99 7 10594 1 2.000000000
4 100 7 10595 1 2.000000000
4 101 7 10596 1 2.000000000
4 102 7 10597 1 2.000000000
4 103 7 10598 1 2.000000000
4 104 7 10599 1 2.000000000
4 105 7 10600 1 2.000000000
4 106 7 10601 1 2.000000000
4 107 7 10602 1 2.000000000
4 108 7 10603 1 2.000000000
4 109 7 10604 1 2.000000000
4 110 7 10605 1 2.000000000
4 111 7 10606 1 2.000000000
4 112 7 10607 1 2.000000000
4 113 7 10608 1 2.000000000
4 114 7 10609 1 2.000000000
4 115 7 10610 1 2.000000000
4 116 7 10611 1 2.000000000
4 117 7 10612 1 2.000000000
4 118 7 10613 1 2.000000000
4 119 7 10614 1 2.000000000
4 120 7 10615 1 2.000000000
4 121 7 10616 1 2.000000000
4 122 7 10617 1 2.000000000
4 123 7 10618 1 2.000000000
4 124 7 10619 1 2.000000000
