620
0 1 7 10000 256 2.000000000
0 2 7 10001 256 2.000000000
0 3 7 10002 256 2.000000000
0 4 7 10003 256 2.000000000
0 5 7 10004 256 2.000000000
0 6 7 10005 256 2.000000000
0 7 7 10006 256 2.000000000
0 8 7 10007 256 2.000000000
0 9 7 10008 256 2.000000000
0 10 7 10009 256 2.000000000
0 11 7 10010 256 2.000000000
0 12 7 10011 256 2.000000000
0 13 7 10012 256 2.000000000
0 14 7 10013 256 2.000000000
0 15 7 10014 256 2.000000000
0 16 7 10015 256 2.000000000
0 17 7 10016 256 2.000000000
0 18 7 10017 256 2.000000000
0 19 7 10018 256 2.000000000
0 20 7 10019 256 2.000000000
0 21 7 10020 256 2.000000000
0 22 7 10021 256 2.000000000
0 23 7 10022 256 2.000000000
0 24 7 10023 256 2.000000000
0 25 7 10024 256 2.000000000
0 26 7 10025 256 2.000000000
0 27 7 10026 256 2.000000000
0 28 7 10027 256 2.000000000
0 29 7 10028 256 2.000000000
0 30 7 10029 256 2.000000000
0 31 7 10030 256 2.000000000
0 32 7 10031 256 2.000000000
0 33 7 10032 256 2.000000000
0 34 7 10033 256 2.000000000
0 35 7 10034 256 2.000000000
0 36 7 10035 256 2.000000000
0 37 7 10036 256 2.000000000
0 38 7 10037 256 2.000000000
0 39 7 10038 256 2.000000000
0 40 7 10039 256 2.000000000
0 41 7 10040 256 2.000000000
0 42 7 10041 256 2.000000000
0 43 7 10042 256 2.000000000
0 44 7 10043 256 2.000000000
0 45 7 10044 256 2.000000000
0 46 7 10045 256 2.000000000
0 47 7 10046 256 2.000000000
0 48 7 10047 256 2.000000000
0 49 7 10048 256 2.000000000
0 50 7 10049 256 2.000000000
0 51 7 10050 256 2.000000000
0 52 7 10051 256 2.000000000
0 53 7 10052 256 2.000000000
0 54 7 10053 256 2.000000000
0 55 7 10054 256 2.000000000
0 56 7 10055 256 2.000000000
0 57 7 10056 256 2.000000000
0 58 7 10057 256 2.000000000
0 59 7 10058 256 2.000000000
0 60 7 10059 256 2.000000000
0 61 7 10060 256 2.000000000
0 62 7 10061 256 2.000000000
0 63 7 10062 256 2.000000000
0 64 7 10063 256 2.000000000
0 65 7 10064 256 2.000000000
0 66 7 10065 256 2.000000000
0 67 7 10066 256 2.000000000
0 68 7 10067 256 2.000000000
0 69 7 10068 256 2.000000000
0 70 7 10069 256 2.000000000
0 71 7 10070 256 2.000000000
0 72 7 10071 256 2.000000000
0 73 7 10072 256 2.000000000
0 74 7 10073 256 2.000000000
0 75 7 10074 256 2.000000000
0 76 7 10075 256 2.000000000
0 77 7 10076 256 2.000000000
0 78 7 10077 256 2.000000000
0 79 7 10078 256 2.000000000
0 80 7 10079 256 2.000000000
0 81 7 10080 256 2.000000000
0 82 7 10081 256 2.000000000
0 83 7 10082 256 2.000000000
0 84 7 10083 256 2.000000000
0 85 7 10084 256 2.000000000
0 86 7 10085 256 2.000000000
0 87 7 10086 256 2.000000000
0 88 7 10087 256 2.000000000
0 89 7 10088 256 2.000000000
0 90 7 10089 256 2.000000000
0 91 7 10090 256 2.000000000
0 92 7 10091 256 2.000000000
0 93 7 10092 256 2.000000000
0 94 7 10093 256 2.000000000
0 95 7 10094 256 2.000000000
0 96 7 10095 256 2.000000000
0 97 7 10096 256 2.000000000
0 98 7 10097 256 2.000000000
0 99 7 10098 256 2.000000000
0 100 7 10099 256 2.000000000
0 101 7 10100 256 2.000000000
0 102 7 10101 256 2.000000000
0 103 7 10102 256 2.000000000
0 104 7 10103 256 2.000000000
0 105 7 10104 256 2.000000000
0 106 7 10105 256 2.000000000
0 107 7 10106 256 2.000000000
0 108 7 10107 256 2.000000000
0 109 7 10108 256 2.000000000
0 110 7 10109 256 2.000000000
0 111 7 10110 256 2.000000000
0 112 7 10111 256 2.000000000
0 113 7 10112 256 2.000000000
0 114 7 10113 256 2.000000000
0 115 7 10114 256 2.000000000
0 116 7 10115 256 2.000000000
0 117 7 10116 256 2.000000000
0 118 7 10117 256 2.000000000
0 119 7 10118 256 2.000000000
0 120 7 10119 256 2.000000000
0 121 7 10120 256 2.000000000
0 122 7 10121 256 2.000000000
0 123 7 10122 256 2.000000000
0 124 7 10123 256 2.000000000
1 0 7 10124 256 2.000000000
1 2 7 10125 256 2.000000000
1 3 7 10126 256 2.000000000
1 4 7 10127 256 2.000000000
1 5 7 10128 256 2.000000000
1 6 7 10129 256 2.000000000
1 7 7 10130 256 2.000000000
1 8 7 10131 256 2.000000000
1 9 7 10132 256 2.000000000
1 10 7 10133 256 2.000000000
1 11 7 10134 256 2.000000000
1 12 7 10135 256 2.000000000
1 13 7 10136 256 2.000000000
1 14 7 10137 256 2.000000000
1 15 7 10138 256 2.000000000
1 16 7 10139 256 2.000000000
1 17 7 10140 256 2.000000000
1 18 7 10141 256 2.000000000
1 19 7 10142 256 2.000000000
1 20 7 10143 256 2.000000000
1 21 7 10144 256 2.000000000
1 22 7 10145 256 2.000000000
1 23 7 10146 256 2.000000000
1 24 7 10147 256 2.000000000
1 25 7 10148 256 2.000000000
1 26 7 10149 256 2.000000000
1 27 7 10150 256 2.000000000
1 28 7 10151 256 2.000000000
1 29 7 10152 256 2.000000000
1 30 7 10153 256 2.000000000
1 31 7 10154 256 2.000000000
1 32 7 10155 256 2.000000000
1 33 7 10156 256 2.000000000
1 34 7 10157 256 2.000000000
1 35 7 10158 256 2.000000000
1 36 7 10159 256 2.000000000
1 37 7 10160 256 2.000000000
1 38 7 10161 256 2.000000000
1 39 7 10162 256 2.000000000
1 40 7 10163 256 2.000000000
1 41 7 10164 256 2.000000000
1 42 7 10165 256 2.000000000
1 43 7 10166 256 2.000000000
1 44 7 10167 256 2.000000000
1 45 7 10168 256 2.000000000
1 46 7 10169 256 2.000000000
1 47 7 10170 256 2.000000000
1 48 7 10171 256 2.000000000
1 49 7 10172 256 2.000000000
1 50 7 10173 256 2.000000000
1 51 7 10174 256 2.000000000
1 52 7 10175 256 2.000000000
1 53 7 10176 256 2.000000000
1 54 7 10177 256 2.000000000
1 55 7 10178 256 2.000000000
1 56 7 10179 256 2.000000000
1 57 7 10180 256 2.000000000
1 58 7 10181 256 2.000000000
1 59 7 10182 256 2.000000000
1 60 7 10183 256 2.000000000
1 61 7 10184 256 2.000000000
1 62 7 10185 256 2.000000000
1 63 7 10186 256 2.000000000
1 64 7 10187 256 2.000000000
1 65 7 10188 256 2.000000000
1 66 7 10189 256 2.000000000
1 67 7 10190 256 2.000000000
1 68 7 10191 256 2.000000000
1 69 7 10192 256 2.000000000
1 70 7 10193 256 2.000000000
1 71 7 10194 256 2.000000000
1 72 7 10195 256 2.000000000
1 73 7 10196 256 2.000000000
1 74 7 10197 256 2.000000000
1 75 7 10198 256 2.000000000
1 76 7 10199 256 2.000000000
1 77 7 10200 256 2.000000000
1 78 7 10201 256 2.000000000
1 79 7 10202 256 2.000000000
1 80 7 10203 256 2.000000000
1 81 7 10204 256 2.000000000
1 82 7 10205 256 2.000000000
1 83 7 10206 256 2.000000000
1 84 7 10207 256 2.000000000
1 85 7 10208 256 2.000000000
1 86 7 10209 256 2.000000000
1 87 7 10210 256 2.000000000
1 88 7 10211 256 2.000000000
1 89 7 10212 256 2.000000000
1 90 7 10213 256 2.000000000
1 91 7 10214 256 2.000000000
1 92 7 10215 256 2.000000000
1 93 7 10216 256 2.000000000
1 94 7 10217 256 2.000000000
1 95 7 10218 256 2.000000000
1 96 7 10219 256 2.000000000
1 97 7 10220 256 2.000000000
1 98 7 10221 256 2.000000000
1 99 7 10222 256 2.000000000
1 100 7 10223 256 2.000000000
1 101 7 10224 256 2.000000000
1 102 7 10225 256 2.000000000
1 103 7 10226 256 2.000000000
1 104 7 10227 256 2.000000000
1 105 7 10228 256 2.000000000
1 106 7 10229 256 2.000000000
1 107 7 10230 256 2.000000000
1 108 7 10231 256 2.000000000
1 109 7 10232 256 2.000000000
1 110 7 10233 256 2.000000000
1 111 7 10234 256 2.000000000
1 112 7 10235 256 2.000000000
1 113 7 10236 256 2.000000000
1 114 7 10237 256 2.000000000
1 115 7 10238 256 2.000000000
1 116 7 10239 256 2.000000000
1 117 7 10240 256 2.000000000
1 118 7 10241 256 2.000000000
1 119 7 10242 256 2.000000000
1 120 7 10243 256 2.000000000
1 121 7 10244 256 2.000000000
1 122 7 10245 256 2.000000000
1 123 7 10246 256 2.000000000
1 124 7 10247 256 2.000000000
2 0 7 10248 256 2.000000000
2 1 7 10249 256 2.000000000
2 3 7 10250 256 2.000000000
2 4 7 10251 256 2.000000000
2 5 7 10252 256 2.000000000
2 6 7 10253 256 2.000000000
2 7 7 10254 256 2.000000000
2 8 7 10255 256 2.000000000
2 9 7 10256 256 2.000000000
2 10 7 10257 256 2.000000000
2 11 7 10258 256 2.000000000
2 12 7 10259 256 2.000000000
2 13 7 10260 256 2.000000000
2 14 7 10261 256 2.000000000
2 15 7 10262 256 2.000000000
2 16 7 10263 256 2.000000000
2 17 7 10264 256 2.000000000
2 18 7 10265 256 2.000000000
2 19 7 10266 256 2.000000000
2 20 7 10267 256 2.000000000
2 21 7 10268 256 2.000000000
2 22 7 10269 256 2.000000000
2 23 7 10270 256 2.000000000
2 24 7 10271 256 2.000000000
2 25 7 10272 256 2.000000000
2 26 7 10273 256 2.000000000
2 27 7 10274 256 2.000000000
2 28 7 10275 256 2.000000000
2 29 7 10276 256 2.000000000
2 30 7 10277 256 2.000000000
2 31 7 10278 256 2.000000000
2 32 7 10279 256 2.000000000
2 33 7 10280 256 2.000000000
2 34 7 10281 256 2.000000000
2 35 7 10282 256 2.000000000
2 36 7 10283 256 2.000000000
2 37 7 10284 256 2.000000000
2 38 7 10285 256 2.000000000
2 39 7 10286 256 2.000000000
2 40 7 10287 256 2.000000000
2 41 7 10288 256 2.000000000
2 42 7 10289 256 2.000000000
2 43 7 10290 256 2.000000000
2 44 7 10291 256 2.000000000
2 45 7 10292 256 2.000000000
2 46 7 10293 256 2.000000000
2 47 7 10294 256 2.000000000
2 48 7 10295 256 2.000000000
2 49 7 10296 256 2.000000000
2 50 7 10297 256 2.000000000
2 51 7 10298 256 2.000000000
2 52 7 10299 256 2.000000000
2 53 7 10300 256 2.000000000
2 54 7 10301 256 2.000000000
2 55 7 10302 256 2.000000000
2 56 7 10303 256 2.000000000
2 57 7 10304 256 2.000000000
2 58 7 10305 256 2.000000000
2 59 7 10306 256 2.000000000
2 60 7 10307 256 2.000000000
2 61 7 10308 256 2.000000000
2 62 7 10309 256 2.000000000
2 63 7 10310 256 2.000000000
2 64 7 10311 256 2.000000000
2 65 7 10312 256 2.000000000
2 66 7 10313 256 2.000000000
2 67 7 10314 256 2.000000000
2 68 7 10315 256 2.000000000
2 69 7 10316 256 2.000000000
2 70 7 10317 256 2.000000000
2 71 7 10318 256 2.000000000
2 72 7 10319 256 2.000000000
2 73 7 10320 256 2.000000000
2 74 7 10321 256 2.000000000
2 75 7 10322 256 2.000000000
2 76 7 10323 256 2.000000000
2 77 7 10324 256 2.000000000
2 78 7 10325 256 2.000000000
2 79 7 10326 256 2.000000000
2 80 7 10327 256 2.000000000
2 81 7 10328 256 2.000000000
2 82 7 10329 256 2.000000000
2 83 7 10330 256 2.000000000
2 84 7 10331 256 2.000000000
2 85 7 10332 256 2.000000000
2 86 7 10333 256 2.000000000
2 87 7 10334 256 2.000000000
2 88 7 10335 256 2.000000000
2 89 7 10336 256 2.000000000
2 90 7 10337 256 2.000000000
2 91 7 10338 256 2.000000000
2 92 7 10339 256 2.000000000
2 93 7 10340 256 2.000000000
2 94 7 10341 256 2.000000000
2 95 7 10342 256 2.000000000
2 96 7 10343 256 2.000000000
2 97 7 10344 256 2.000000000
2 98 7 10345 256 2.000000000
2 99 7 10346 256 2.000000000
2 100 7 10347 256 2.000000000
2 101 7 10348 256 2.000000000
2 102 7 10349 256 2.000000000
2 103 7 10350 256 2.000000000
2 104 7 10351 256 2.000000000
2 105 7 10352 256 2.000000000
2 106 7 10353 256 2.000000000
2 107 7 10354 256 2.000000000
2 108 7 10355 256 2.000000000
2 109 7 10356 256 2.000000000
2 110 7 10357 256 2.000000000
2 111 7 10358 256 2.000000000
2 112 7 10359 256 2.000000000
2 113 7 10360 256 2.000000000
2 114 7 10361 256 2.000000000
2 115 7 10362 256 2.000000000
2 116 7 10363 256 2.000000000
2 117 7 10364 256 2.000000000
2 118 7 10365 256 2.000000000
2 119 7 10366 256 2.000000000
2 120 7 10367 256 2.000000000
2 121 7 10368 256 2.000000000
2 122 7 10369 256 2.000000000
2 123 7 10370 256 2.000000000
2 124 7 10371 256 2.000000000
3 0 7 10372 256 2.000000000
3 1 7 10373 256 2.000000000
3 2 7 10374 256 2.000000000
3 4 7 10375 256 2.000000000
3 5 7 10376 256 2.000000000
3 6 7 10377 256 2.000000000
3 7 7 10378 256 2.000000000
3 8 7 10379 256 2.000000000
3 9 7 10380 256 2.000000000
3 10 7 10381 256 2.000000000
3 11 7 10382 256 2.000000000
3 12 7 10383 256 2.000000000
3 13 7 10384 256 2.000000000
3 14 7 10385 256 2.000000000
3 15 7 10386 256 2.000000000
3 16 7 10387 256 2.000000000
3 17 7 10388 256 2.000000000
3 18 7 10389 256 2.000000000
3 19 7 10390 256 2.000000000
3 20 7 10391 256 2.000000000
3 21 7 10392 256 2.000000000
3 22 7 10393 256 2.000000000
3 23 7 10394 256 2.000000000
3 24 7 10395 256 2.000000000
3 25 7 10396 256 2.000000000
3 26 7 10397 256 2.000000000
3 27 7 10398 256 2.000000000
3 28 7 10399 256 2.000000000
3 29 7 10400 256 2.000000000
3 30 7 10401 256 2.000000000
3 31 7 10402 256 2.000000000
3 32 7 10403 256 2.000000000
3 33 7 10404 256 2.000000000
3 34 7 10405 256 2.000000000
3 35 7 10406 256 2.000000000
3 36 7 10407 256 2.000000000
3 37 7 10408 256 2.000000000
3 38 7 10409 256 2.000000000
3 39 7 10410 256 2.000000000
3 40 7 10411 256 2.000000000
3 41 7 10412 256 2.000000000
3 42 7 10413 256 2.000000000
3 43 7 10414 256 2.000000000
3 44 7 10415 256 2.000000000
3 45 7 10416 256 2.000000000
3 46 7 10417 256 2.000000000
3 47 7 10418 256 2.000000000
3 48 7 10419 256 2.000000000
3 49 7 10420 256 2.000000000
3 50 7 10421 256 2.000000000
3 51 7 10422 256 2.000000000
3 52 7 10423 256 2.000000000
3 53 7 10424 256 2.000000000
3 54 7 10425 256 2.000000000
3 55 7 10426 256 2.000000000
3 56 7 10427 256 2.000000000
3 57 7 10428 256 2.000000000
3 58 7 10429 256 2.000000000
3 59 7 10430 256 2.000000000
3 60 7 10431 256 2.000000000
3 61 7 10432 256 2.000000000
3 62 7 10433 256 2.000000000
3 63 7 10434 256 2.000000000
3 64 7 10435 256 2.000000000
3 65 7 10436 256 2.000000000
3 66 7 10437 256 2.000000000
3 67 7 10438 256 2.000000000
3 68 7 10439 256 2.000000000
3 69 7 10440 256 2.000000000
3 70 7 10441 256 2.000000000
3 71 7 10442 256 2.000000000
3 72 7 10443 256 2.000000000
3 73 7 10444 256 2.000000000
3 74 7 10445 256 2.000000000
3 75 7 10446 256 2.000000000
3 76 7 10447 256 2.000000000
3 77 7 10448 256 2.000000000
3 78 7 10449 256 2.000000000
3 79 7 10450 256 2.000000000
3 80 7 10451 256 2.000000000
3 81 7 10452 256 2.000000000
3 82 7 10453 256 2.000000000
3 83 7 10454 256 2.000000000
3 84 7 10455 256 2.000000000
3 85 7 10456 256 2.000000000
3 86 7 10457 256 2.000000000
3 87 7 10458 256 2.000000000
3 88 7 10459 256 2.000000000
3 89 7 10460 256 2.000000000
3 90 7 10461 256 2.000000000
3 91 7 10462 256 2.000000000
3 92 7 10463 256 2.000000000
3 93 7 10464 256 2.000000000
3 94 7 10465 256 2.000000000
3 95 7 10466 256 2.000000000
3 96 7 10467 256 2.000000000
3 97 7 10468 256 2.000000000
3 98 7 10469 256 2.000000000
3 99 7 10470 256 2.000000000
3 100 7 10471 256 2.000000000
3 101 7 10472 256 2.000000000
3 102 7 10473 256 2.000000000
3 103 7 10474 256 2.000000000
3 104 7 10475 256 2.000000000
3 105 7 10476 256 2.000000000
3 106 7 10477 256 2.000000000
3 107 7 10478 256 2.000000000
3 108 7 10479 256 2.000000000
3 109 7 10480 256 2.000000000
3 110 7 10481 256 2.000000000
3 111 7 10482 256 2.000000000
3 112 7 10483 256 2.000000000
3 113 7 10484 256 2.000000000
3 114 7 10485 256 2.000000000
3 115 7 10486 256 2.000000000
3 116 7 10487 256 2.000000000
3 117 7 10488 256 2.000000000
3 118 7 10489 256 2.000000000
3 119 7 10490 256 2.000000000
3 120 7 10491 256 2.000000000
3 121 7 10492 256 2.000000000
3 122 7 10493 256 2.000000000
3 123 7 10494 256 2.000000000
3 124 7 10495 256 2.000000000
4 0 7 10496 256 2.000000000
4 1 7 10497 256 2.000000000
4 2 7 10498 256 2.000000000
4 3 7 10499 256 2.000000000
4 5 7 10500 256 2.000000000
4 6 7 10501 256 2.000000000
4 7 7 10502 256 2.000000000
4 8 7 10503 256 2.000000000
4 9 7 10504 256 2.000000000
4 10 7 10505 256 2.000000000
4 11 7 10506 256 2.000000000
4 12 7 10507 256 2.000000000
4 13 7 10508 256 2.000000000
4 14 7 10509 256 2.000000000
4 15 7 10510 256 2.000000000
4 16 7 10511 256 2.000000000
4 17 7 10512 256 2.000000000
4 18 7 10513 256 2.000000000
4 19 7 10514 256 2.000000000
4 20 7 10515 256 2.000000000
4 21 7 10516 256 2.000000000
4 22 7 10517 256 2.000000000
4 23 7 10518 256 2.000000000
4 24 7 10519 256 2.000000000
4 25 7 10520 256 2.000000000
4 26 7 10521 256 2.000000000
4 27 7 10522 256 2.000000000
4 28 7 10523 256 2.000000000
4 29 7 10524 256 2.000000000
4 30 7 10525 256 2.000000000
4 31 7 10526 256 2.000000000
4 32 7 10527 256 2.000000000
4 33 7 10528 256 2.000000000
4 34 7 10529 256 2.000000000
4 35 7 10530 256 2.000000000
4 36 7 10531 256 2.000000000
4 37 7 10532 256 2.000000000
4 38 7 10533 256 2.000000000
4 39 7 10534 256 2.000000000
4 40 7 10535 256 2.000000000
4 41 7 10536 256 2.000000000
4 42 7 10537 256 2.000000000
4 43 7 10538 256 2.000000000
4 44 7 10539 256 2.000000000
4 45 7 10540 256 2.000000000
4 46 7 10541 256 2.000000000
4 47 7 10542 256 2.000000000
4 48 7 10543 256 2.000000000
4 49 7 10544 256 2.000000000
4 50 7 10545 256 2.000000000
4 51 7 10546 256 2.000000000
4 52 7 10547 256 2.000000000
4 53 7 10548 256 2.000000000
4 54 7 10549 256 2.000000000
4 55 7 10550 256 2.000000000
4 56 7 10551 256 2.000000000
4 57 7 10552 256 2.000000000
4 58 7 10553 256 2.000000000
4 59 7 10554 256 2.000000000
4 60 7 10555 256 2.000000000
4 61 7 10556 256 2.000000000
4 62 7 10557 256 2.000000000
4 63 7 10558 256 2.000000000
4 64 7 10559 256 2.000000000
4 65 7 10560 256 2.000000000
4 66 7 10561 256 2.000000000
4 67 7 10562 256 2.000000000
4 68 7 10563 256 2.000000000
4 69 7 10564 256 2.000000000
4 70 7 10565 256 2.000000000
4 71 7 10566 256 2.000000000
4 72 7 10567 256 2.000000000
4 73 7 10568 256 2.000000000
4 74 7 10569 256 2.000000000
4 75 7 10570 256 2.000000000
4 76 7 10571 256 2.000000000
4 77 7 10572 256 2.000000000
4 78 7 10573 256 2.000000000
4 79 7 10574 256 2.000000000
4 80 7 10575 256 2.000000000
4 81 7 10576 256 2.000000000
4 82 7 10577 256 2.000000000
4 83 7 10578 256 2.000000000
4 84 7 10579 256 2.000000000
4 85 7 10580 256 2.000000000
4 86 7 10581 256 2.000000000
4 87 7 10582 256 2.000000000
4 88 7 10583 256 2.000000000
4 89 7 10584 256 2.000000000
4 90 7 10585 256 2.000000000
4 91 7 10586 256 2.000000000
4 92 7 10587 256 2.000000000
4 93 7 10588 256 2.000000000
4 94 7 10589 256 2.000000000
4 95 7 10590 256 2.000000000
4 96 7 10591 256 2.000000000
4 97 7 10592 256 2.000000000
4 98 7 10593 256 2.000000000
4 99 7 10594 256 2.000000000
4 100 7 10595 256 2.000000000
4 101 7 10596 256 2.000000000
4 102 7 10597 256 2.000000000
4 103 7 10598 256 2.000000000
4 104 7 10599 256 2.000000000
4 105 7 10600 256 2.000000000
4 106 7 10601 256 2.000000000
4 107 7 10602 256 2.000000000
4 108 7 10603 256 2.000000000
4 109 7 10604 256 2.000000000
4 110 7 10605 256 2.000000000
4 111 7 10606 256 2.000000000
4 112 7 10607 256 2.000000000
4 113 7 10608 256 2.000000000
4 114 7 10609 256 2.000000000
4 115 7 10610 256 2.000000000
4 116 7 10611 256 2.000000000
4 117 7 10612 256 2.000000000
4 118 7 10613 256 2.000000000
4 119 7 10614 256 2.000000000
4 120 7 10615 256 2.000000000
4 121 7 10616 256 2.000000000
4 122 7 10617 256 2.000000000
4 123 7 10618 256 2.000000000
4 124 7 10619 256 2.000000000
