620
0 1 7 10000 2 2.000000000
0 2 7 10001 2 2.000000000
0 3 7 10002 2 2.000000000
0 4 7 10003 2 2.000000000
0 5 7 10004 2 2.000000000
0 6 7 10005 2 2.000000000
0 7 7 10006 2 2.000000000
0 8 7 10007 2 2.000000000
0 9 7 10008 2 2.000000000
0 10 7 10009 2 2.000000000
0 11 7 10010 2 2.000000000
0 12 7 10011 2 2.000000000
0 13 7 10012 2 2.000000000
0 14 7 10013 2 2.000000000
0 15 7 10014 2 2.000000000
0 16 7 10015 2 2.000000000
0 17 7 10016 2 2.000000000
0 18 7 10017 2 2.000000000
0 19 7 10018 2 2.000000000
0 20 7 10019 2 2.000000000
0 21 7 10020 2 2.000000000
0 22 7 10021 2 2.000000000
0 23 7 10022 2 2.000000000
0 24 7 10023 2 2.000000000
0 25 7 10024 2 2.000000000
0 26 7 10025 2 2.000000000
0 27 7 10026 2 2.000000000
0 28 7 10027 2 2.000000000
0 29 7 10028 2 2.000000000
0 30 7 10029 2 2.000000000
0 31 7 10030 2 2.000000000
0 32 7 10031 2 2.000000000
0 33 7 10032 2 2.000000000
0 34 7 10033 2 2.000000000
0 35 7 10034 2 2.000000000
0 36 7 10035 2 2.000000000
0 37 7 10036 2 2.000000000
0 38 7 10037 2 2.000000000
0 39 7 10038 2 2.000000000
0 40 7 10039 2 2.000000000
0 41 7 10040 2 2.000000000
0 42 7 10041 2 2.000000000
0 43 7 10042 2 2.000000000
0 44 7 10043 2 2.000000000
0 45 7 10044 2 2.000000000
0 46 7 10045 2 2.000000000
0 47 7 10046 2 2.000000000
0 48 7 10047 2 2.000000000
0 49 7 10048 2 2.000000000
0 50 7 10049 2 2.000000000
0 51 7 10050 2 2.000000000
0 52 7 10051 2 2.000000000
0 53 7 10052 2 2.000000000
0 54 7 10053 2 2.000000000
0 55 7 10054 2 2.000000000
0 56 7 10055 2 2.000000000
0 57 7 10056 2 2.000000000
0 58 7 10057 2 2.000000000
0 59 7 10058 2 2.000000000
0 60 7 10059 2 2.000000000
0 61 7 10060 2 2.000000000
0 62 7 10061 2 2.000000000
0 63 7 10062 2 2.000000000
0 64 7 10063 2 2.000000000
0 65 7 10064 2 2.000000000
0 66 7 10065 2 2.000000000
0 67 7 10066 2 2.000000000
0 68 7 10067 2 2.000000000
0 69 7 10068 2 2.000000000
0 70 7 10069 2 2.000000000
0 71 7 10070 2 2.000000000
0 72 7 10071 2 2.000000000
0 73 7 10072 2 2.000000000
0 74 7 10073 2 2.000000000
0 75 7 10074 2 2.000000000
0 76 7 10075 2 2.000000000
0 77 7 10076 2 2.000000000
0 78 7 10077 2 2.000000000
0 79 7 10078 2 2.000000000
0 80 7 10079 2 2.000000000
0 81 7 10080 2 2.000000000
0 82 7 10081 2 2.000000000
0 83 7 10082 2 2.000000000
0 84 7 10083 2 2.000000000
0 85 7 10084 2 2.000000000
0 86 7 10085 2 2.000000000
0 87 7 10086 2 2.000000000
0 88 7 10087 2 2.000000000
0 89 7 10088 2 2.000000000
0 90 7 10089 2 2.000000000
0 91 7 10090 2 2.000000000
0 92 7 10091 2 2.000000000
0 93 7 10092 2 2.000000000
0 94 7 10093 2 2.000000000
0 95 7 10094 2 2.000000000
0 96 7 10095 2 2.000000000
0 97 7 10096 2 2.000000000
0 98 7 10097 2 2.000000000
0 99 7 10098 2 2.000000000
0 100 7 10099 2 2.000000000
0 101 7 10100 2 2.000000000
0 102 7 10101 2 2.000000000
0 103 7 10102 2 2.000000000
0 104 7 10103 2 2.000000000
0 105 7 10104 2 2.000000000
0 106 7 10105 2 2.000000000
0 107 7 10106 2 2.000000000
0 108 7 10107 2 2.000000000
0 109 7 10108 2 2.000000000
0 110 7 10109 2 2.000000000
0 111 7 10110 2 2.000000000
0 112 7 10111 2 2.000000000
0 113 7 10112 2 2.000000000
0 114 7 10113 2 2.000000000
0 115 7 10114 2 2.000000000
0 116 7 10115 2 2.000000000
0 117 7 10116 2 2.000000000
0 118 7 10117 2 2.000000000
0 119 7 10118 2 2.000000000
0 120 7 10119 2 2.000000000
0 121 7 10120 2 2.000000000
0 122 7 10121 2 2.000000000
0 123 7 10122 2 2.000000000
0 124 7 10123 2 2.000000000
1 0 7 10124 2 2.000000000
1 2 7 10125 2 2.000000000
1 3 7 10126 2 2.000000000
1 4 7 10127 2 2.000000000
1 5 7 10128 2 2.000000000
1 6 7 10129 2 2.000000000
1 7 7 10130 2 2.000000000
1 8 7 10131 2 2.000000000
1 9 7 10132 2 2.000000000
1 10 7 10133 2 2.000000000
1 11 7 10134 2 2.000000000
1 12 7 10135 2 2.000000000
1 13 7 10136 2 2.000000000
1 14 7 10137 2 2.000000000
1 15 7 10138 2 2.000000000
1 16 7 10139 2 2.000000000
1 17 7 10140 2 2.000000000
1 18 7 10141 2 2.000000000
1 19 7 10142 2 2.000000000
1 20 7 10143 2 2.000000000
1 21 7 10144 2 2.000000000
1 22 7 10145 2 2.000000000
1 23 7 10146 2 2.000000000
1 24 7 10147 2 2.000000000
1 25 7 10148 2 2.000000000
1 26 7 10149 2 2.000000000
1 27 7 10150 2 2.000000000
1 28 7 10151 2 2.000000000
1 29 7 10152 2 2.000000000
1 30 7 10153 2 2.000000000
1 31 7 10154 2 2.000000000
1 32 7 10155 2 2.000000000
1 33 7 10156 2 2.000000000
1 34 7 10157 2 2.000000000
1 35 7 10158 2 2.000000000
1 36 7 10159 2 2.000000000
1 37 7 10160 2 2.000000000
1 38 7 10161 2 2.000000000
1 39 7 10162 2 2.000000000
1 40 7 10163 2 2.000000000
1 41 7 10164 2 2.000000000
1 42 7 10165 2 2.000000000
1 43 7 10166 2 2.000000000
1 44 7 10167 2 2.000000000
1 45 7 10168 2 2.000000000
1 46 7 10169 2 2.000000000
1 47 7 10170 2 2.000000000
1 48 7 10171 2 2.000000000
1 49 7 10172 2 2.000000000
1 50 7 10173 2 2.000000000
1 51 7 10174 2 2.000000000
1 52 7 10175 2 2.000000000
1 53 7 10176 2 2.000000000
1 54 7 10177 2 2.000000000
1 55 7 10178 2 2.000000000
1 56 7 10179 2 2.000000000
1 57 7 10180 2 2.000000000
1 58 7 10181 2 2.000000000
1 59 7 10182 2 2.000000000
1 60 7 10183 2 2.000000000
1 61 7 10184 2 2.000000000
1 62 7 10185 2 2.000000000
1 63 7 10186 2 2.000000000
1 64 7 10187 2 2.000000000
1 65 7 10188 2 2.000000000
1 66 7 10189 2 2.000000000
1 67 7 10190 2 2.000000000
1 68 7 10191 2 2.000000000
1 69 7 10192 2 2.000000000
1 70 7 10193 2 2.000000000
1 71 7 10194 2 2.000000000
1 72 7 10195 2 2.000000000
1 73 7 10196 2 2.000000000
1 74 7 10197 2 2.000000000
1 75 7 10198 2 2.000000000
1 76 7 10199 2 2.000000000
1 77 7 10200 2 2.000000000
1 78 7 10201 2 2.000000000
1 79 7 10202 2 2.000000000
1 80 7 10203 2 2.000000000
1 81 7 10204 2 2.000000000
1 82 7 10205 2 2.000000000
1 83 7 10206 2 2.000000000
1 84 7 10207 2 2.000000000
1 85 7 10208 2 2.000000000
1 86 7 10209 2 2.000000000
1 87 7 10210 2 2.000000000
1 88 7 10211 2 2.000000000
1 89 7 10212 2 2.000000000
1 90 7 10213 2 2.000000000
1 91 7 10214 2 2.000000000
1 92 7 10215 2 2.000000000
1 93 7 10216 2 2.000000000
1 94 7 10217 2 2.000000000
1 95 7 10218 2 2.000000000
1 96 7 10219 2 2.000000000
1 97 7 10220 2 2.000000000
1 98 7 10221 2 2.000000000
1 99 7 10222 2 2.000000000
1 100 7 10223 2 2.000000000
1 101 7 10224 2 2.000000000
1 102 7 10225 2 2.000000000
1 103 7 10226 2 2.000000000
1 104 7 10227 2 2.000000000
1 105 7 10228 2 2.000000000
1 106 7 10229 2 2.000000000
1 107 7 10230 2 2.000000000
1 108 7 10231 2 2.000000000
1 109 7 10232 2 2.000000000
1 110 7 10233 2 2.000000000
1 111 7 10234 2 2.000000000
1 112 7 10235 2 2.000000000
1 113 7 10236 2 2.000000000
1 114 7 10237 2 2.000000000
1 115 7 10238 2 2.000000000
1 116 7 10239 2 2.000000000
1 117 7 10240 2 2.000000000
1 118 7 10241 2 2.000000000
1 119 7 10242 2 2.000000000
1 120 7 10243 2 2.000000000
1 121 7 10244 2 2.000000000
1 122 7 10245 2 2.000000000
1 123 7 10246 2 2.000000000
1 124 7 10247 2 2.000000000
2 0 7 10248 2 2.000000000
2 1 7 10249 2 2.000000000
2 3 7 10250 2 2.000000000
2 4 7 10251 2 2.000000000
2 5 7 10252 2 2.000000000
2 6 7 10253 2 2.000000000
2 7 7 10254 2 2.000000000
2 8 7 10255 2 2.000000000
2 9 7 10256 2 2.000000000
2 10 7 10257 2 2.000000000
2 11 7 10258 2 2.000000000
2 12 7 10259 2 2.000000000
2 13 7 10260 2 2.000000000
2 14 7 10261 2 2.000000000
2 15 7 10262 2 2.000000000
2 16 7 10263 2 2.000000000
2 17 7 10264 2 2.000000000
2 18 7 10265 2 2.000000000
2 19 7 10266 2 2.000000000
2 20 7 10267 2 2.000000000
2 21 7 10268 2 2.000000000
2 22 7 10269 2 2.000000000
2 23 7 10270 2 2.000000000
2 24 7 10271 2 2.000000000
2 25 7 10272 2 2.000000000
2 26 7 10273 2 2.000000000
2 27 7 10274 2 2.000000000
2 28 7 10275 2 2.000000000
2 29 7 10276 2 2.000000000
2 30 7 10277 2 2.000000000
2 31 7 10278 2 2.000000000
2 32 7 10279 2 2.000000000
2 33 7 10280 2 2.000000000
2 34 7 10281 2 2.000000000
2 35 7 10282 2 2.000000000
2 36 7 10283 2 2.000000000
2 37 7 10284 2 2.000000000
2 38 7 10285 2 2.000000000
2 39 7 10286 2 2.000000000
2 40 7 10287 2 2.000000000
2 41 7 10288 2 2.000000000
2 42 7 10289 2 2.000000000
2 43 7 10290 2 2.000000000
2 44 7 10291 2 2.000000000
2 45 7 10292 2 2.000000000
2 46 7 10293 2 2.000000000
2 47 7 10294 2 2.000000000
2 48 7 10295 2 2.000000000
2 49 7 10296 2 2.000000000
2 50 7 10297 2 2.000000000
2 51 7 10298 2 2.000000000
2 52 7 10299 2 2.000000000
2 53 7 10300 2 2.000000000
2 54 7 10301 2 2.000000000
2 55 7 10302 2 2.000000000
2 56 7 10303 2 2.000000000
2 57 7 10304 2 2.000000000
2 58 7 10305 2 2.000000000
2 59 7 10306 2 2.000000000
2 60 7 10307 2 2.000000000
2 61 7 10308 2 2.000000000
2 62 7 10309 2 2.000000000
2 63 7 10310 2 2.000000000
2 64 7 10311 2 2.000000000
2 65 7 10312 2 2.000000000
2 66 7 10313 2 2.000000000
2 67 7 10314 2 2.000000000
2 68 7 10315 2 2.000000000
2 69 7 10316 2 2.000000000
2 70 7 10317 2 2.000000000
2 71 7 10318 2 2.000000000
2 72 7 10319 2 2.000000000
2 73 7 10320 2 2.000000000
2 74 7 10321 2 2.000000000
2 75 7 10322 2 2.000000000
2 76 7 10323 2 2.000000000
2 77 7 10324 2 2.000000000
2 78 7 10325 2 2.000000000
2 79 7 10326 2 2.000000000
2 80 7 10327 2 2.000000000
2 81 7 10328 2 2.000000000
2 82 7 10329 2 2.000000000
2 83 7 10330 2 2.000000000
2 84 7 10331 2 2.000000000
2 85 7 10332 2 2.000000000
2 86 7 10333 2 2.000000000
2 87 7 10334 2 2.000000000
2 88 7 10335 2 2.000000000
2 89 7 10336 2 2.000000000
2 90 7 10337 2 2.000000000
2 91 7 10338 2 2.000000000
2 92 7 10339 2 2.000000000
2 93 7 10340 2 2.000000000
2 94 7 10341 2 2.000000000
2 95 7 10342 2 2.000000000
2 96 7 10343 2 2.000000000
2 97 7 10344 2 2.000000000
2 98 7 10345 2 2.000000000
2 99 7 10346 2 2.000000000
2 100 7 10347 2 2.000000000
2 101 7 10348 2 2.000000000
2 102 7 10349 2 2.000000000
2 103 7 10350 2 2.000000000
2 104 7 10351 2 2.000000000
2 105 7 10352 2 2.000000000
2 106 7 10353 2 2.000000000
2 107 7 10354 2 2.000000000
2 108 7 10355 2 2.000000000
2 109 7 10356 2 2.000000000
2 110 7 10357 2 2.000000000
2 111 7 10358 2 2.000000000
2 112 7 10359 2 2.000000000
2 113 7 10360 2 2.000000000
2 114 7 10361 2 2.000000000
2 115 7 10362 2 2.000000000
2 116 7 10363 2 2.000000000
2 117 7 10364 2 2.000000000
2 118 7 10365 2 2.000000000
2 119 7 10366 2 2.000000000
2 120 7 10367 2 2.000000000
2 121 7 10368 2 2.000000000
2 122 7 10369 2 2.000000000
2 123 7 10370 2 2.000000000
2 124 7 10371 2 2.000000000
3 0 7 10372 2 2.000000000
3 1 7 10373 2 2.000000000
3 2 7 10374 2 2.000000000
3 4 7 10375 2 2.000000000
3 5 7 10376 2 2.000000000
3 6 7 10377 2 2.000000000
3 7 7 10378 2 2.000000000
3 8 7 10379 2 2.000000000
3 9 7 10380 2 2.000000000
3 10 7 10381 2 2.000000000
3 11 7 10382 2 2.000000000
3 12 7 10383 2 2.000000000
3 13 7 10384 2 2.000000000
3 14 7 10385 2 2.000000000
3 15 7 10386 2 2.000000000
3 16 7 10387 2 2.000000000
3 17 7 10388 2 2.000000000
3 18 7 10389 2 2.000000000
3 19 7 10390 2 2.000000000
3 20 7 10391 2 2.000000000
3 21 7 10392 2 2.000000000
3 22 7 10393 2 2.000000000
3 23 7 10394 2 2.000000000
3 24 7 10395 2 2.000000000
3 25 7 10396 2 2.000000000
3 26 7 10397 2 2.000000000
3 27 7 10398 2 2.000000000
3 28 7 10399 2 2.000000000
3 29 7 10400 2 2.000000000
3 30 7 10401 2 2.000000000
3 31 7 10402 2 2.000000000
3 32 7 10403 2 2.000000000
3 33 7 10404 2 2.000000000
3 34 7 10405 2 2.000000000
3 35 7 10406 2 2.000000000
3 36 7 10407 2 2.000000000
3 37 7 10408 2 2.000000000
3 38 7 10409 2 2.000000000
3 39 7 10410 2 2.000000000
3 40 7 10411 2 2.000000000
3 41 7 10412 2 2.000000000
3 42 7 10413 2 2.000000000
3 43 7 10414 2 2.000000000
3 44 7 10415 2 2.000000000
3 45 7 10416 2 2.000000000
3 46 7 10417 2 2.000000000
3 47 7 10418 2 2.000000000
3 48 7 10419 2 2.000000000
3 49 7 10420 2 2.000000000
3 50 7 10421 2 2.000000000
3 51 7 10422 2 2.000000000
3 52 7 10423 2 2.000000000
3 53 7 10424 2 2.000000000
3 54 7 10425 2 2.000000000
3 55 7 10426 2 2.000000000
3 56 7 10427 2 2.000000000
3 57 7 10428 2 2.000000000
3 58 7 10429 2 2.000000000
3 59 7 10430 2 2.000000000
3 60 7 10431 2 2.000000000
3 61 7 10432 2 2.000000000
3 62 7 10433 2 2.000000000
3 63 7 10434 2 2.000000000
3 64 7 10435 2 2.000000000
3 65 7 10436 2 2.000000000
3 66 7 10437 2 2.000000000
3 67 7 10438 2 2.000000000
3 68 7 10439 2 2.000000000
3 69 7 10440 2 2.000000000
3 70 7 10441 2 2.000000000
3 71 7 10442 2 2.000000000
3 72 7 10443 2 2.000000000
3 73 7 10444 2 2.000000000
3 74 7 10445 2 2.000000000
3 75 7 10446 2 2.000000000
3 76 7 10447 2 2.000000000
3 77 7 10448 2 2.000000000
3 78 7 10449 2 2.000000000
3 79 7 10450 2 2.000000000
3 80 7 10451 2 2.000000000
3 81 7 10452 2 2.000000000
3 82 7 10453 2 2.000000000
3 83 7 10454 2 2.000000000
3 84 7 10455 2 2.000000000
3 85 7 10456 2 2.000000000
3 86 7 10457 2 2.000000000
3 87 7 10458 2 2.000000000
3 88 7 10459 2 2.000000000
3 89 7 10460 2 2.000000000
3 90 7 10461 2 2.000000000
3 91 7 10462 2 2.000000000
3 92 7 10463 2 2.000000000
3 93 7 10464 2 2.000000000
3 94 7 10465 2 2.000000000
3 95 7 10466 2 2.000000000
3 96 7 10467 2 2.000000000
3 97 7 10468 2 2.000000000
3 98 7 10469 2 2.000000000
3 99 7 10470 2 2.000000000
3 100 7 10471 2 2.000000000
3 101 7 10472 2 2.000000000
3 102 7 10473 2 2.000000000
3 103 7 10474 2 2.000000000
3 104 7 10475 2 2.000000000
3 105 7 10476 2 2.000000000
3 106 7 10477 2 2.000000000
3 107 7 10478 2 2.000000000
3 108 7 10479 2 2.000000000
3 109 7 10480 2 2.000000000
3 110 7 10481 2 2.000000000
3 111 7 10482 2 2.000000000
3 112 7 10483 2 2.000000000
3 113 7 10484 2 2.000000000
3 114 7 10485 2 2.000000000
3 115 7 10486 2 2.000000000
3 116 7 10487 2 2.000000000
3 117 7 10488 2 2.000000000
3 118 7 10489 2 2.000000000
3 119 7 10490 2 2.000000000
3 120 7 10491 2 2.000000000
3 121 7 10492 2 2.000000000
3 122 7 10493 2 2.000000000
3 123 7 10494 2 2.000000000
3 124 7 10495 2 2.000000000
4 0 7 10496 2 2.000000000
4 1 7 10497 2 2.000000000
4 2 7 10498 2 2.000000000
4 3 7 10499 2 2.000000000
4 5 7 10500 2 2.000000000
4 6 7 10501 2 2.000000000
4 7 7 10502 2 2.000000000
4 8 7 10503 2 2.000000000
4 9 7 10504 2 2.000000000
4 10 7 10505 2 2.000000000
4 11 7 10506 2 2.000000000
4 12 7 10507 2 2.000000000
4 13 7 10508 2 2.000000000
4 14 7 10509 2 2.000000000
4 15 7 10510 2 2.000000000
4 16 7 10511 2 2.000000000
4 17 7 10512 2 2.000000000
4 18 7 10513 2 2.000000000
4 19 7 10514 2 2.000000000
4 20 7 10515 2 2.000000000
4 21 7 10516 2 2.000000000
4 22 7 10517 2 2.000000000
4 23 7 10518 2 2.000000000
4 24 7 10519 2 2.000000000
4 25 7 10520 2 2.000000000
4 26 7 10521 2 2.000000000
4 27 7 10522 2 2.000000000
4 28 7 10523 2 2.000000000
4 29 7 10524 2 2.000000000
4 30 7 10525 2 2.000000000
4 31 7 10526 2 2.000000000
4 32 7 10527 2 2.000000000
4 33 7 10528 2 2.000000000
4 34 7 10529 2 2.000000000
4 35 7 10530 2 2.000000000
4 36 7 10531 2 2.000000000
4 37 7 10532 2 2.000000000
4 38 7 10533 2 2.000000000
4 39 7 10534 2 2.000000000
4 40 7 10535 2 2.000000000
4 41 7 10536 2 2.000000000
4 42 7 10537 2 2.000000000
4 43 7 10538 2 2.000000000
4 44 7 10539 2 2.000000000
4 45 7 10540 2 2.000000000
4 46 7 10541 2 2.000000000
4 47 7 10542 2 2.000000000
4 48 7 10543 2 2.000000000
4 49 7 10544 2 2.000000000
4 50 7 10545 2 2.000000000
4 51 7 10546 2 2.000000000
4 52 7 10547 2 2.000000000
4 53 7 10548 2 2.000000000
4 54 7 10549 2 2.000000000
4 55 7 10550 2 2.000000000
4 56 7 10551 2 2.000000000
4 57 7 10552 2 2.000000000
4 58 7 10553 2 2.000000000
4 59 7 10554 2 2.000000000
4 60 7 10555 2 2.000000000
4 61 7 10556 2 2.000000000
4 62 7 10557 2 2.000000000
4 63 7 10558 2 2.000000000
4 64 7 10559 2 2.000000000
4 65 7 10560 2 2.000000000
4 66 7 10561 2 2.000000000
4 67 7 10562 2 2.000000000
4 68 7 10563 2 2.000000000
4 69 7 10564 2 2.000000000
4 70 7 10565 2 2.000000000
4 71 7 10566 2 2.000000000
4 72 7 10567 2 2.000000000
4 73 7 10568 2 2.000000000
4 74 7 10569 2 2.000000000
4 75 7 10570 2 2.000000000
4 76 7 10571 2 2.000000000
4 77 7 10572 2 2.000000000
4 78 7 10573 2 2.000000000
4 79 7 10574 2 2.000000000
4 80 7 10575 2 2.000000000
4 81 7 10576 2 2.000000000
4 82 7 10577 2 2.000000000
4 83 7 10578 2 2.000000000
4 84 7 10579 2 2.000000000
4 85 7 10580 2 2.000000000
4 86 7 10581 2 2.000000000
4 87 7 10582 2 2.000000000
4 88 7 10583 2 2.000000000
4 89 7 10584 2 2.000000000
4 90 7 10585 2 2.000000000
4 91 7 10586 2 2.000000000
4 92 7 10587 2 2.000000000
4 93 7 10588 2 2.000000000
4 94 7 10589 2 2.000000000
4 95 7 10590 2 2.000000000
4 96 7 10591 2 2.000000000
4 97 7 10592 2 2.000000000
4 98 7 10593 2 2.000000000
4 99 7 10594 2 2.000000000
4 100 7 10595 2 2.000000000
4 101 7 10596 2 2.000000000
4 102 7 10597 2 2.000000000
4 103 7 10598 2 2.000000000
4 104 7 10599 2 2.000000000
4 105 7 10600 2 2.000000000
4 106 7 10601 2 2.000000000
4 107 7 10602 2 2.000000000
4 108 7 10603 2 2.000000000
4 109 7 10604 2 2.000000000
4 110 7 10605 2 2.000000000
4 111 7 10606 2 2.000000000
4 112 7 10607 2 2.000000000
4 113 7 10608 2 2.000000000
4 114 7 10609 2 2.000000000
4 115 7 10610 2 2.000000000
4 116 7 10611 2 2.000000000
4 117 7 10612 2 2.000000000
4 118 7 10613 2 2.000000000
4 119 7 10614 2 2.000000000
4 120 7 10615 2 2.000000000
4 121 7 10616 2 2.000000000
4 122 7 10617 2 2.000000000
4 123 7 10618 2 2.000000000
4 124 7 10619 2 2.000000000
