620
0 1 7 10000 128 2.000000000
0 2 7 10001 128 2.000000000
0 3 7 10002 128 2.000000000
0 4 7 10003 128 2.000000000
0 5 7 10004 128 2.000000000
0 6 7 10005 128 2.000000000
0 7 7 10006 128 2.000000000
0 8 7 10007 128 2.000000000
0 9 7 10008 128 2.000000000
0 10 7 10009 128 2.000000000
0 11 7 10010 128 2.000000000
0 12 7 10011 128 2.000000000
0 13 7 10012 128 2.000000000
0 14 7 10013 128 2.000000000
0 15 7 10014 128 2.000000000
0 16 7 10015 128 2.000000000
0 17 7 10016 128 2.000000000
0 18 7 10017 128 2.000000000
0 19 7 10018 128 2.000000000
0 20 7 10019 128 2.000000000
0 21 7 10020 128 2.000000000
0 22 7 10021 128 2.000000000
0 23 7 10022 128 2.000000000
0 24 7 10023 128 2.000000000
0 25 7 10024 128 2.000000000
0 26 7 10025 128 2.000000000
0 27 7 10026 128 2.000000000
0 28 7 10027 128 2.000000000
0 29 7 10028 128 2.000000000
0 30 7 10029 128 2.000000000
0 31 7 10030 128 2.000000000
0 32 7 10031 128 2.000000000
0 33 7 10032 128 2.000000000
0 34 7 10033 128 2.000000000
0 35 7 10034 128 2.000000000
0 36 7 10035 128 2.000000000
0 37 7 10036 128 2.000000000
0 38 7 10037 128 2.000000000
0 39 7 10038 128 2.000000000
0 40 7 10039 128 2.000000000
0 41 7 10040 128 2.000000000
0 42 7 10041 128 2.000000000
0 43 7 10042 128 2.000000000
0 44 7 10043 128 2.000000000
0 45 7 10044 128 2.000000000
0 46 7 10045 128 2.000000000
0 47 7 10046 128 2.000000000
0 48 7 10047 128 2.000000000
0 49 7 10048 128 2.000000000
0 50 7 10049 128 2.000000000
0 51 7 10050 128 2.000000000
0 52 7 10051 128 2.000000000
0 53 7 10052 128 2.000000000
0 54 7 10053 128 2.000000000
0 55 7 10054 128 2.000000000
0 56 7 10055 128 2.000000000
0 57 7 10056 128 2.000000000
0 58 7 10057 128 2.000000000
0 59 7 10058 128 2.000000000
0 60 7 10059 128 2.000000000
0 61 7 10060 128 2.000000000
0 62 7 10061 128 2.000000000
0 63 7 10062 128 2.000000000
0 64 7 10063 128 2.000000000
0 65 7 10064 128 2.000000000
0 66 7 10065 128 2.000000000
0 67 7 10066 128 2.000000000
0 68 7 10067 128 2.000000000
0 69 7 10068 128 2.000000000
0 70 7 10069 128 2.000000000
0 71 7 10070 128 2.000000000
0 72 7 10071 128 2.000000000
0 73 7 10072 128 2.000000000
0 74 7 10073 128 2.000000000
0 75 7 10074 128 2.000000000
0 76 7 10075 128 2.000000000
0 77 7 10076 128 2.000000000
0 78 7 10077 128 2.000000000
0 79 7 10078 128 2.000000000
0 80 7 10079 128 2.000000000
0 81 7 10080 128 2.000000000
0 82 7 10081 128 2.000000000
0 83 7 10082 128 2.000000000
0 84 7 10083 128 2.000000000
0 85 7 10084 128 2.000000000
0 86 7 10085 128 2.000000000
0 87 7 10086 128 2.000000000
0 88 7 10087 128 2.000000000
0 89 7 10088 128 2.000000000
0 90 7 10089 128 2.000000000
0 91 7 10090 128 2.000000000
0 92 7 10091 128 2.000000000
0 93 7 10092 128 2.000000000
0 94 7 10093 128 2.000000000
0 95 7 10094 128 2.000000000
0 96 7 10095 128 2.000000000
0 97 7 10096 128 2.000000000
0 98 7 10097 128 2.000000000
0 99 7 10098 128 2.000000000
0 100 7 10099 128 2.000000000
0 101 7 10100 128 2.000000000
0 102 7 10101 128 2.000000000
0 103 7 10102 128 2.000000000
0 104 7 10103 128 2.000000000
0 105 7 10104 128 2.000000000
0 106 7 10105 128 2.000000000
0 107 7 10106 128 2.000000000
0 108 7 10107 128 2.000000000
0 109 7 10108 128 2.000000000
0 110 7 10109 128 2.000000000
0 111 7 10110 128 2.000000000
0 112 7 10111 128 2.000000000
0 113 7 10112 128 2.000000000
0 114 7 10113 128 2.000000000
0 115 7 10114 128 2.000000000
0 116 7 10115 128 2.000000000
0 117 7 10116 128 2.000000000
0 118 7 10117 128 2.000000000
0 119 7 10118 128 2.000000000
0 120 7 10119 128 2.000000000
0 121 7 10120 128 2.000000000
0 122 7 10121 128 2.000000000
0 123 7 10122 128 2.000000000
0 124 7 10123 128 2.000000000
1 0 7 10124 128 2.000000000
1 2 7 10125 128 2.000000000
1 3 7 10126 128 2.000000000
1 4 7 10127 128 2.000000000
1 5 7 10128 128 2.000000000
1 6 7 10129 128 2.000000000
1 7 7 10130 128 2.000000000
1 8 7 10131 128 2.000000000
1 9 7 10132 128 2.000000000
1 10 7 10133 128 2.000000000
1 11 7 10134 128 2.000000000
1 12 7 10135 128 2.000000000
1 13 7 10136 128 2.000000000
1 14 7 10137 128 2.000000000
1 15 7 10138 128 2.000000000
1 16 7 10139 128 2.000000000
1 17 7 10140 128 2.000000000
1 18 7 10141 128 2.000000000
1 19 7 10142 128 2.000000000
1 20 7 10143 128 2.000000000
1 21 7 10144 128 2.000000000
1 22 7 10145 128 2.000000000
1 23 7 10146 128 2.000000000
1 24 7 10147 128 2.000000000
1 25 7 10148 128 2.000000000
1 26 7 10149 128 2.000000000
1 27 7 10150 128 2.000000000
1 28 7 10151 128 2.000000000
1 29 7 10152 128 2.000000000
1 30 7 10153 128 2.000000000
1 31 7 10154 128 2.000000000
1 32 7 10155 128 2.000000000
1 33 7 10156 128 2.000000000
1 34 7 10157 128 2.000000000
1 35 7 10158 128 2.000000000
1 36 7 10159 128 2.000000000
1 37 7 10160 128 2.000000000
1 38 7 10161 128 2.000000000
1 39 7 10162 128 2.000000000
1 40 7 10163 128 2.000000000
1 41 7 10164 128 2.000000000
1 42 7 10165 128 2.000000000
1 43 7 10166 128 2.000000000
1 44 7 10167 128 2.000000000
1 45 7 10168 128 2.000000000
1 46 7 10169 128 2.000000000
1 47 7 10170 128 2.000000000
1 48 7 10171 128 2.000000000
1 49 7 10172 128 2.000000000
1 50 7 10173 128 2.000000000
1 51 7 10174 128 2.000000000
1 52 7 10175 128 2.000000000
1 53 7 10176 128 2.000000000
1 54 7 10177 128 2.000000000
1 55 7 10178 128 2.000000000
1 56 7 10179 128 2.000000000
1 57 7 10180 128 2.000000000
1 58 7 10181 128 2.000000000
1 59 7 10182 128 2.000000000
1 60 7 10183 128 2.000000000
1 61 7 10184 128 2.000000000
1 62 7 10185 128 2.000000000
1 63 7 10186 128 2.000000000
1 64 7 10187 128 2.000000000
1 65 7 10188 128 2.000000000
1 66 7 10189 128 2.000000000
1 67 7 10190 128 2.000000000
1 68 7 10191 128 2.000000000
1 69 7 10192 128 2.000000000
1 70 7 10193 128 2.000000000
1 71 7 10194 128 2.000000000
1 72 7 10195 128 2.000000000
1 73 7 10196 128 2.000000000
1 74 7 10197 128 2.000000000
1 75 7 10198 128 2.000000000
1 76 7 10199 128 2.000000000
1 77 7 10200 128 2.000000000
1 78 7 10201 128 2.000000000
1 79 7 10202 128 2.000000000
1 80 7 10203 128 2.000000000
1 81 7 10204 128 2.000000000
1 82 7 10205 128 2.000000000
1 83 7 10206 128 2.000000000
1 84 7 10207 128 2.000000000
1 85 7 10208 128 2.000000000
1 86 7 10209 128 2.000000000
1 87 7 10210 128 2.000000000
1 88 7 10211 128 2.000000000
1 89 7 10212 128 2.000000000
1 90 7 10213 128 2.000000000
1 91 7 10214 128 2.000000000
1 92 7 10215 128 2.000000000
1 93 7 10216 128 2.000000000
1 94 7 10217 128 2.000000000
1 95 7 10218 128 2.000000000
1 96 7 10219 128 2.000000000
1 97 7 10220 128 2.000000000
1 98 7 10221 128 2.000000000
1 99 7 10222 128 2.000000000
1 100 7 10223 128 2.000000000
1 101 7 10224 128 2.000000000
1 102 7 10225 128 2.000000000
1 103 7 10226 128 2.000000000
1 104 7 10227 128 2.000000000
1 105 7 10228 128 2.000000000
1 106 7 10229 128 2.000000000
1 107 7 10230 128 2.000000000
1 108 7 10231 128 2.000000000
1 109 7 10232 128 2.000000000
1 110 7 10233 128 2.000000000
1 111 7 10234 128 2.000000000
1 112 7 10235 128 2.000000000
1 113 7 10236 128 2.000000000
1 114 7 10237 128 2.000000000
1 115 7 10238 128 2.000000000
1 116 7 10239 128 2.000000000
1 117 7 10240 128 2.000000000
1 118 7 10241 128 2.000000000
1 119 7 10242 128 2.000000000
1 120 7 10243 128 2.000000000
1 121 7 10244 128 2.000000000
1 122 7 10245 128 2.000000000
1 123 7 10246 128 2.000000000
1 124 7 10247 128 2.000000000
2 0 7 10248 128 2.000000000
2 1 7 10249 128 2.000000000
2 3 7 10250 128 2.000000000
2 4 7 10251 128 2.000000000
2 5 7 10252 128 2.000000000
2 6 7 10253 128 2.000000000
2 7 7 10254 128 2.000000000
2 8 7 10255 128 2.000000000
2 9 7 10256 128 2.000000000
2 10 7 10257 128 2.000000000
2 11 7 10258 128 2.000000000
2 12 7 10259 128 2.000000000
2 13 7 10260 128 2.000000000
2 14 7 10261 128 2.000000000
2 15 7 10262 128 2.000000000
2 16 7 10263 128 2.000000000
2 17 7 10264 128 2.000000000
2 18 7 10265 128 2.000000000
2 19 7 10266 128 2.000000000
2 20 7 10267 128 2.000000000
2 21 7 10268 128 2.000000000
2 22 7 10269 128 2.000000000
2 23 7 10270 128 2.000000000
2 24 7 10271 128 2.000000000
2 25 7 10272 128 2.000000000
2 26 7 10273 128 2.000000000
2 27 7 10274 128 2.000000000
2 28 7 10275 128 2.000000000
2 29 7 10276 128 2.000000000
2 30 7 10277 128 2.000000000
2 31 7 10278 128 2.000000000
2 32 7 10279 128 2.000000000
2 33 7 10280 128 2.000000000
2 34 7 10281 128 2.000000000
2 35 7 10282 128 2.000000000
2 36 7 10283 128 2.000000000
2 37 7 10284 128 2.000000000
2 38 7 10285 128 2.000000000
2 39 7 10286 128 2.000000000
2 40 7 10287 128 2.000000000
2 41 7 10288 128 2.000000000
2 42 7 10289 128 2.000000000
2 43 7 10290 128 2.000000000
2 44 7 10291 128 2.000000000
2 45 7 10292 128 2.000000000
2 46 7 10293 128 2.000000000
2 47 7 10294 128 2.000000000
2 48 7 10295 128 2.000000000
2 49 7 10296 128 2.000000000
2 50 7 10297 128 2.000000000
2 51 7 10298 128 2.000000000
2 52 7 10299 128 2.000000000
2 53 7 10300 128 2.000000000
2 54 7 10301 128 2.000000000
2 55 7 10302 128 2.000000000
2 56 7 10303 128 2.000000000
2 57 7 10304 128 2.000000000
2 58 7 10305 128 2.000000000
2 59 7 10306 128 2.000000000
2 60 7 10307 128 2.000000000
2 61 7 10308 128 2.000000000
2 62 7 10309 128 2.000000000
2 63 7 10310 128 2.000000000
2 64 7 10311 128 2.000000000
2 65 7 10312 128 2.000000000
2 66 7 10313 128 2.000000000
2 67 7 10314 128 2.000000000
2 68 7 10315 128 2.000000000
2 69 7 10316 128 2.000000000
2 70 7 10317 128 2.000000000
2 71 7 10318 128 2.000000000
2 72 7 10319 128 2.000000000
2 73 7 10320 128 2.000000000
2 74 7 10321 128 2.000000000
2 75 7 10322 128 2.000000000
2 76 7 10323 128 2.000000000
2 77 7 10324 128 2.000000000
2 78 7 10325 128 2.000000000
2 79 7 10326 128 2.000000000
2 80 7 10327 128 2.000000000
2 81 7 10328 128 2.000000000
2 82 7 10329 128 2.000000000
2 83 7 10330 128 2.000000000
2 84 7 10331 128 2.000000000
2 85 7 10332 128 2.000000000
2 86 7 10333 128 2.000000000
2 87 7 10334 128 2.000000000
2 88 7 10335 128 2.000000000
2 89 7 10336 128 2.000000000
2 90 7 10337 128 2.000000000
2 91 7 10338 128 2.000000000
2 92 7 10339 128 2.000000000
2 93 7 10340 128 2.000000000
2 94 7 10341 128 2.000000000
2 95 7 10342 128 2.000000000
2 96 7 10343 128 2.000000000
2 97 7 10344 128 2.000000000
2 98 7 10345 128 2.000000000
2 99 7 10346 128 2.000000000
2 100 7 10347 128 2.000000000
2 101 7 10348 128 2.000000000
2 102 7 10349 128 2.000000000
2 103 7 10350 128 2.000000000
2 104 7 10351 128 2.000000000
2 105 7 10352 128 2.000000000
2 106 7 10353 128 2.000000000
2 107 7 10354 128 2.000000000
2 108 7 10355 128 2.000000000
2 109 7 10356 128 2.000000000
2 110 7 10357 128 2.000000000
2 111 7 10358 128 2.000000000
2 112 7 10359 128 2.000000000
2 113 7 10360 128 2.000000000
2 114 7 10361 128 2.000000000
2 115 7 10362 128 2.000000000
2 116 7 10363 128 2.000000000
2 117 7 10364 128 2.000000000
2 118 7 10365 128 2.000000000
2 119 7 10366 128 2.000000000
2 120 7 10367 128 2.000000000
2 121 7 10368 128 2.000000000
2 122 7 10369 128 2.000000000
2 123 7 10370 128 2.000000000
2 124 7 10371 128 2.000000000
3 0 7 10372 128 2.000000000
3 1 7 10373 128 2.000000000
3 2 7 10374 128 2.000000000
3 4 7 10375 128 2.000000000
3 5 7 10376 128 2.000000000
3 6 7 10377 128 2.000000000
3 7 7 10378 128 2.000000000
3 8 7 10379 128 2.000000000
3 9 7 10380 128 2.000000000
3 10 7 10381 128 2.000000000
3 11 7 10382 128 2.000000000
3 12 7 10383 128 2.000000000
3 13 7 10384 128 2.000000000
3 14 7 10385 128 2.000000000
3 15 7 10386 128 2.000000000
3 16 7 10387 128 2.000000000
3 17 7 10388 128 2.000000000
3 18 7 10389 128 2.000000000
3 19 7 10390 128 2.000000000
3 20 7 10391 128 2.000000000
3 21 7 10392 128 2.000000000
3 22 7 10393 128 2.000000000
3 23 7 10394 128 2.000000000
3 24 7 10395 128 2.000000000
3 25 7 10396 128 2.000000000
3 26 7 10397 128 2.000000000
3 27 7 10398 128 2.000000000
3 28 7 10399 128 2.000000000
3 29 7 10400 128 2.000000000
3 30 7 10401 128 2.000000000
3 31 7 10402 128 2.000000000
3 32 7 10403 128 2.000000000
3 33 7 10404 128 2.000000000
3 34 7 10405 128 2.000000000
3 35 7 10406 128 2.000000000
3 36 7 10407 128 2.000000000
3 37 7 10408 128 2.000000000
3 38 7 10409 128 2.000000000
3 39 7 10410 128 2.000000000
3 40 7 10411 128 2.000000000
3 41 7 10412 128 2.000000000
3 42 7 10413 128 2.000000000
3 43 7 10414 128 2.000000000
3 44 7 10415 128 2.000000000
3 45 7 10416 128 2.000000000
3 46 7 10417 128 2.000000000
3 47 7 10418 128 2.000000000
3 48 7 10419 128 2.000000000
3 49 7 10420 128 2.000000000
3 50 7 10421 128 2.000000000
3 51 7 10422 128 2.000000000
3 52 7 10423 128 2.000000000
3 53 7 10424 128 2.000000000
3 54 7 10425 128 2.000000000
3 55 7 10426 128 2.000000000
3 56 7 10427 128 2.000000000
3 57 7 10428 128 2.000000000
3 58 7 10429 128 2.000000000
3 59 7 10430 128 2.000000000
3 60 7 10431 128 2.000000000
3 61 7 10432 128 2.000000000
3 62 7 10433 128 2.000000000
3 63 7 10434 128 2.000000000
3 64 7 10435 128 2.000000000
3 65 7 10436 128 2.000000000
3 66 7 10437 128 2.000000000
3 67 7 10438 128 2.000000000
3 68 7 10439 128 2.000000000
3 69 7 10440 128 2.000000000
3 70 7 10441 128 2.000000000
3 71 7 10442 128 2.000000000
3 72 7 10443 128 2.000000000
3 73 7 10444 128 2.000000000
3 74 7 10445 128 2.000000000
3 75 7 10446 128 2.000000000
3 76 7 10447 128 2.000000000
3 77 7 10448 128 2.000000000
3 78 7 10449 128 2.000000000
3 79 7 10450 128 2.000000000
3 80 7 10451 128 2.000000000
3 81 7 10452 128 2.000000000
3 82 7 10453 128 2.000000000
3 83 7 10454 128 2.000000000
3 84 7 10455 128 2.000000000
3 85 7 10456 128 2.000000000
3 86 7 10457 128 2.000000000
3 87 7 10458 128 2.000000000
3 88 7 10459 128 2.000000000
3 89 7 10460 128 2.000000000
3 90 7 10461 128 2.000000000
3 91 7 10462 128 2.000000000
3 92 7 10463 128 2.000000000
3 93 7 10464 128 2.000000000
3 94 7 10465 128 2.000000000
3 95 7 10466 128 2.000000000
3 96 7 10467 128 2.000000000
3 97 7 10468 128 2.000000000
3 98 7 10469 128 2.000000000
3 99 7 10470 128 2.000000000
3 100 7 10471 128 2.000000000
3 101 7 10472 128 2.000000000
3 102 7 10473 128 2.000000000
3 103 7 10474 128 2.000000000
3 104 7 10475 128 2.000000000
3 105 7 10476 128 2.000000000
3 106 7 10477 128 2.000000000
3 107 7 10478 128 2.000000000
3 108 7 10479 128 2.000000000
3 109 7 10480 128 2.000000000
3 110 7 10481 128 2.000000000
3 111 7 10482 128 2.000000000
3 112 7 10483 128 2.000000000
3 113 7 10484 128 2.000000000
3 114 7 10485 128 2.000000000
3 115 7 10486 128 2.000000000
3 116 7 10487 128 2.000000000
3 117 7 10488 128 2.000000000
3 118 7 10489 128 2.000000000
3 119 7 10490 128 2.000000000
3 120 7 10491 128 2.000000000
3 121 7 10492 128 2.000000000
3 122 7 10493 128 2.000000000
3 123 7 10494 128 2.000000000
3 124 7 10495 128 2.000000000
4 0 7 10496 128 2.000000000
4 1 7 10497 128 2.000000000
4 2 7 10498 128 2.000000000
4 3 7 10499 128 2.000000000
4 5 7 10500 128 2.000000000
4 6 7 10501 128 2.000000000
4 7 7 10502 128 2.000000000
4 8 7 10503 128 2.000000000
4 9 7 10504 128 2.000000000
4 10 7 10505 128 2.000000000
4 11 7 10506 128 2.000000000
4 12 7 10507 128 2.000000000
4 13 7 10508 128 2.000000000
4 14 7 10509 128 2.000000000
4 15 7 10510 128 2.000000000
4 16 7 10511 128 2.000000000
4 17 7 10512 128 2.000000000
4 18 7 10513 128 2.000000000
4 19 7 10514 128 2.000000000
4 20 7 10515 128 2.000000000
4 21 7 10516 128 2.000000000
4 22 7 10517 128 2.000000000
4 23 7 10518 128 2.000000000
4 24 7 10519 128 2.000000000
4 25 7 10520 128 2.000000000
4 26 7 10521 128 2.000000000
4 27 7 10522 128 2.000000000
4 28 7 10523 128 2.000000000
4 29 7 10524 128 2.000000000
4 30 7 10525 128 2.000000000
4 31 7 10526 128 2.000000000
4 32 7 10527 128 2.000000000
4 33 7 10528 128 2.000000000
4 34 7 10529 128 2.000000000
4 35 7 10530 128 2.000000000
4 36 7 10531 128 2.000000000
4 37 7 10532 128 2.000000000
4 38 7 10533 128 2.000000000
4 39 7 10534 128 2.000000000
4 40 7 10535 128 2.000000000
4 41 7 10536 128 2.000000000
4 42 7 10537 128 2.000000000
4 43 7 10538 128 2.000000000
4 44 7 10539 128 2.000000000
4 45 7 10540 128 2.000000000
4 46 7 10541 128 2.000000000
4 47 7 10542 128 2.000000000
4 48 7 10543 128 2.000000000
4 49 7 10544 128 2.000000000
4 50 7 10545 128 2.000000000
4 51 7 10546 128 2.000000000
4 52 7 10547 128 2.000000000
4 53 7 10548 128 2.000000000
4 54 7 10549 128 2.000000000
4 55 7 10550 128 2.000000000
4 56 7 10551 128 2.000000000
4 57 7 10552 128 2.000000000
4 58 7 10553 128 2.000000000
4 59 7 10554 128 2.000000000
4 60 7 10555 128 2.000000000
4 61 7 10556 128 2.000000000
4 62 7 10557 128 2.000000000
4 63 7 10558 128 2.000000000
4 64 7 10559 128 2.000000000
4 65 7 10560 128 2.000000000
4 66 7 10561 128 2.000000000
4 67 7 10562 128 2.000000000
4 68 7 10563 128 2.000000000
4 69 7 10564 128 2.000000000
4 70 7 10565 128 2.000000000
4 71 7 10566 128 2.000000000
4 72 7 10567 128 2.000000000
4 73 7 10568 128 2.000000000
4 74 7 10569 128 2.000000000
4 75 7 10570 128 2.000000000
4 76 7 10571 128 2.000000000
4 77 7 10572 128 2.000000000
4 78 7 10573 128 2.000000000
4 79 7 10574 128 2.000000000
4 80 7 10575 128 2.000000000
4 81 7 10576 128 2.000000000
4 82 7 10577 128 2.000000000
4 83 7 10578 128 2.000000000
4 84 7 10579 128 2.000000000
4 85 7 10580 128 2.000000000
4 86 7 10581 128 2.000000000
4 87 7 10582 128 2.000000000
4 88 7 10583 128 2.000000000
4 89 7 10584 128 2.000000000
4 90 7 10585 128 2.000000000
4 91 7 10586 128 2.000000000
4 92 7 10587 128 2.000000000
4 93 7 10588 128 2.000000000
4 94 7 10589 128 2.000000000
4 95 7 10590 128 2.000000000
4 96 7 10591 128 2.000000000
4 97 7 10592 128 2.000000000
4 98 7 10593 128 2.000000000
4 99 7 10594 128 2.000000000
4 100 7 10595 128 2.000000000
4 101 7 10596 128 2.000000000
4 102 7 10597 128 2.000000000
4 103 7 10598 128 2.000000000
4 104 7 10599 128 2.000000000
4 105 7 10600 128 2.000000000
4 106 7 10601 128 2.000000000
4 107 7 10602 128 2.000000000
4 108 7 10603 128 2.000000000
4 109 7 10604 128 2.000000000
4 110 7 10605 128 2.000000000
4 111 7 10606 128 2.000000000
4 112 7 10607 128 2.000000000
4 113 7 10608 128 2.000000000
4 114 7 10609 128 2.000000000
4 115 7 10610 128 2.000000000
4 116 7 10611 128 2.000000000
4 117 7 10612 128 2.000000000
4 118 7 10613 128 2.000000000
4 119 7 10614 128 2.000000000
4 120 7 10615 128 2.000000000
4 121 7 10616 128 2.000000000
4 122 7 10617 128 2.000000000
4 123 7 10618 128 2.000000000
4 124 7 10619 128 2.000000000
