620
0 1 7 10000 4 2.000000000
0 2 7 10001 4 2.000000000
0 3 7 10002 4 2.000000000
0 4 7 10003 4 2.000000000
0 5 7 10004 4 2.000000000
0 6 7 10005 4 2.000000000
0 7 7 10006 4 2.000000000
0 8 7 10007 4 2.000000000
0 9 7 10008 4 2.000000000
0 10 7 10009 4 2.000000000
0 11 7 10010 4 2.000000000
0 12 7 10011 4 2.000000000
0 13 7 10012 4 2.000000000
0 14 7 10013 4 2.000000000
0 15 7 10014 4 2.000000000
0 16 7 10015 4 2.000000000
0 17 7 10016 4 2.000000000
0 18 7 10017 4 2.000000000
0 19 7 10018 4 2.000000000
0 20 7 10019 4 2.000000000
0 21 7 10020 4 2.000000000
0 22 7 10021 4 2.000000000
0 23 7 10022 4 2.000000000
0 24 7 10023 4 2.000000000
0 25 7 10024 4 2.000000000
0 26 7 10025 4 2.000000000
0 27 7 10026 4 2.000000000
0 28 7 10027 4 2.000000000
0 29 7 10028 4 2.000000000
0 30 7 10029 4 2.000000000
0 31 7 10030 4 2.000000000
0 32 7 10031 4 2.000000000
0 33 7 10032 4 2.000000000
0 34 7 10033 4 2.000000000
0 35 7 10034 4 2.000000000
0 36 7 10035 4 2.000000000
0 37 7 10036 4 2.000000000
0 38 7 10037 4 2.000000000
0 39 7 10038 4 2.000000000
0 40 7 10039 4 2.000000000
0 41 7 10040 4 2.000000000
0 42 7 10041 4 2.000000000
0 43 7 10042 4 2.000000000
0 44 7 10043 4 2.000000000
0 45 7 10044 4 2.000000000
0 46 7 10045 4 2.000000000
0 47 7 10046 4 2.000000000
0 48 7 10047 4 2.000000000
0 49 7 10048 4 2.000000000
0 50 7 10049 4 2.000000000
0 51 7 10050 4 2.000000000
0 52 7 10051 4 2.000000000
0 53 7 10052 4 2.000000000
0 54 7 10053 4 2.000000000
0 55 7 10054 4 2.000000000
0 56 7 10055 4 2.000000000
0 57 7 10056 4 2.000000000
0 58 7 10057 4 2.000000000
0 59 7 10058 4 2.000000000
0 60 7 10059 4 2.000000000
0 61 7 10060 4 2.000000000
0 62 7 10061 4 2.000000000
0 63 7 10062 4 2.000000000
0 64 7 10063 4 2.000000000
0 65 7 10064 4 2.000000000
0 66 7 10065 4 2.000000000
0 67 7 10066 4 2.000000000
0 68 7 10067 4 2.000000000
0 69 7 10068 4 2.000000000
0 70 7 10069 4 2.000000000
0 71 7 10070 4 2.000000000
0 72 7 10071 4 2.000000000
0 73 7 10072 4 2.000000000
0 74 7 10073 4 2.000000000
0 75 7 10074 4 2.000000000
0 76 7 10075 4 2.000000000
0 77 7 10076 4 2.000000000
0 78 7 10077 4 2.000000000
0 79 7 10078 4 2.000000000
0 80 7 10079 4 2.000000000
0 81 7 10080 4 2.000000000
0 82 7 10081 4 2.000000000
0 83 7 10082 4 2.000000000
0 84 7 10083 4 2.000000000
0 85 7 10084 4 2.000000000
0 86 7 10085 4 2.000000000
0 87 7 10086 4 2.000000000
0 88 7 10087 4 2.000000000
0 89 7 10088 4 2.000000000
0 90 7 10089 4 2.000000000
0 91 7 10090 4 2.000000000
0 92 7 10091 4 2.000000000
0 93 7 10092 4 2.000000000
0 94 7 10093 4 2.000000000
0 95 7 10094 4 2.000000000
0 96 7 10095 4 2.000000000
0 97 7 10096 4 2.000000000
0 98 7 10097 4 2.000000000
0 99 7 10098 4 2.000000000
0 100 7 10099 4 2.000000000
0 101 7 10100 4 2.000000000
0 102 7 10101 4 2.000000000
0 103 7 10102 4 2.000000000
0 104 7 10103 4 2.000000000
0 105 7 10104 4 2.000000000
0 106 7 10105 4 2.000000000
0 107 7 10106 4 2.000000000
0 108 7 10107 4 2.000000000
0 109 7 10108 4 2.000000000
0 110 7 10109 4 2.000000000
0 111 7 10110 4 2.000000000
0 112 7 10111 4 2.000000000
0 113 7 10112 4 2.000000000
0 114 7 10113 4 2.000000000
0 115 7 10114 4 2.000000000
0 116 7 10115 4 2.000000000
0 117 7 10116 4 2.000000000
0 118 7 10117 4 2.000000000
0 119 7 10118 4 2.000000000
0 120 7 10119 4 2.000000000
0 121 7 10120 4 2.000000000
0 122 7 10121 4 2.000000000
0 123 7 10122 4 2.000000000
0 124 7 10123 4 2.000000000
1 0 7 10124 4 2.000000000
1 2 7 10125 4 2.000000000
1 3 7 10126 4 2.000000000
1 4 7 10127 4 2.000000000
1 5 7 10128 4 2.000000000
1 6 7 10129 4 2.000000000
1 7 7 10130 4 2.000000000
1 8 7 10131 4 2.000000000
1 9 7 10132 4 2.000000000
1 10 7 10133 4 2.000000000
1 11 7 10134 4 2.000000000
1 12 7 10135 4 2.000000000
1 13 7 10136 4 2.000000000
1 14 7 10137 4 2.000000000
1 15 7 10138 4 2.000000000
1 16 7 10139 4 2.000000000
1 17 7 10140 4 2.000000000
1 18 7 10141 4 2.000000000
1 19 7 10142 4 2.000000000
1 20 7 10143 4 2.000000000
1 21 7 10144 4 2.000000000
1 22 7 10145 4 2.000000000
1 23 7 10146 4 2.000000000
1 24 7 10147 4 2.000000000
1 25 7 10148 4 2.000000000
1 26 7 10149 4 2.000000000
1 27 7 10150 4 2.000000000
1 28 7 10151 4 2.000000000
1 29 7 10152 4 2.000000000
1 30 7 10153 4 2.000000000
1 31 7 10154 4 2.000000000
1 32 7 10155 4 2.000000000
1 33 7 10156 4 2.000000000
1 34 7 10157 4 2.000000000
1 35 7 10158 4 2.000000000
1 36 7 10159 4 2.000000000
1 37 7 10160 4 2.000000000
1 38 7 10161 4 2.000000000
1 39 7 10162 4 2.000000000
1 40 7 10163 4 2.000000000
1 41 7 10164 4 2.000000000
1 42 7 10165 4 2.000000000
1 43 7 10166 4 2.000000000
1 44 7 10167 4 2.000000000
1 45 7 10168 4 2.000000000
1 46 7 10169 4 2.000000000
1 47 7 10170 4 2.000000000
1 48 7 10171 4 2.000000000
1 49 7 10172 4 2.000000000
1 50 7 10173 4 2.000000000
1 51 7 10174 4 2.000000000
1 52 7 10175 4 2.000000000
1 53 7 10176 4 2.000000000
1 54 7 10177 4 2.000000000
1 55 7 10178 4 2.000000000
1 56 7 10179 4 2.000000000
1 57 7 10180 4 2.000000000
1 58 7 10181 4 2.000000000
1 59 7 10182 4 2.000000000
1 60 7 10183 4 2.000000000
1 61 7 10184 4 2.000000000
1 62 7 10185 4 2.000000000
1 63 7 10186 4 2.000000000
1 64 7 10187 4 2.000000000
1 65 7 10188 4 2.000000000
1 66 7 10189 4 2.000000000
1 67 7 10190 4 2.000000000
1 68 7 10191 4 2.000000000
1 69 7 10192 4 2.000000000
1 70 7 10193 4 2.000000000
1 71 7 10194 4 2.000000000
1 72 7 10195 4 2.000000000
1 73 7 10196 4 2.000000000
1 74 7 10197 4 2.000000000
1 75 7 10198 4 2.000000000
1 76 7 10199 4 2.000000000
1 77 7 10200 4 2.000000000
1 78 7 10201 4 2.000000000
1 79 7 10202 4 2.000000000
1 80 7 10203 4 2.000000000
1 81 7 10204 4 2.000000000
1 82 7 10205 4 2.000000000
1 83 7 10206 4 2.000000000
1 84 7 10207 4 2.000000000
1 85 7 10208 4 2.000000000
1 86 7 10209 4 2.000000000
1 87 7 10210 4 2.000000000
1 88 7 10211 4 2.000000000
1 89 7 10212 4 2.000000000
1 90 7 10213 4 2.000000000
1 91 7 10214 4 2.000000000
1 92 7 10215 4 2.000000000
1 93 7 10216 4 2.000000000
1 94 7 10217 4 2.000000000
1 95 7 10218 4 2.000000000
1 96 7 10219 4 2.000000000
1 97 7 10220 4 2.000000000
1 98 7 10221 4 2.000000000
1 99 7 10222 4 2.000000000
1 100 7 10223 4 2.000000000
1 101 7 10224 4 2.000000000
1 102 7 10225 4 2.000000000
1 103 7 10226 4 2.000000000
1 104 7 10227 4 2.000000000
1 105 7 10228 4 2.000000000
1 106 7 10229 4 2.000000000
1 107 7 10230 4 2.000000000
1 108 7 10231 4 2.000000000
1 109 7 10232 4 2.000000000
1 110 7 10233 4 2.000000000
1 111 7 10234 4 2.000000000
1 112 7 10235 4 2.000000000
1 113 7 10236 4 2.000000000
1 114 7 10237 4 2.000000000
1 115 7 10238 4 2.000000000
1 116 7 10239 4 2.000000000
1 117 7 10240 4 2.000000000
1 118 7 10241 4 2.000000000
1 119 7 10242 4 2.000000000
1 120 7 10243 4 2.000000000
1 121 7 10244 4 2.000000000
1 122 7 10245 4 2.000000000
1 123 7 10246 4 2.000000000
1 124 7 10247 4 2.000000000
2 0 7 10248 4 2.000000000
2 1 7 10249 4 2.000000000
2 3 7 10250 4 2.000000000
2 4 7 10251 4 2.000000000
2 5 7 10252 4 2.000000000
2 6 7 10253 4 2.000000000
2 7 7 10254 4 2.000000000
2 8 7 10255 4 2.000000000
2 9 7 10256 4 2.000000000
2 10 7 10257 4 2.000000000
2 11 7 10258 4 2.000000000
2 12 7 10259 4 2.000000000
2 13 7 10260 4 2.000000000
2 14 7 10261 4 2.000000000
2 15 7 10262 4 2.000000000
2 16 7 10263 4 2.000000000
2 17 7 10264 4 2.000000000
2 18 7 10265 4 2.000000000
2 19 7 10266 4 2.000000000
2 20 7 10267 4 2.000000000
2 21 7 10268 4 2.000000000
2 22 7 10269 4 2.000000000
2 23 7 10270 4 2.000000000
2 24 7 10271 4 2.000000000
2 25 7 10272 4 2.000000000
2 26 7 10273 4 2.000000000
2 27 7 10274 4 2.000000000
2 28 7 10275 4 2.000000000
2 29 7 10276 4 2.000000000
2 30 7 10277 4 2.000000000
2 31 7 10278 4 2.000000000
2 32 7 10279 4 2.000000000
2 33 7 10280 4 2.000000000
2 34 7 10281 4 2.000000000
2 35 7 10282 4 2.000000000
2 36 7 10283 4 2.000000000
2 37 7 10284 4 2.000000000
2 38 7 10285 4 2.000000000
2 39 7 10286 4 2.000000000
2 40 7 10287 4 2.000000000
2 41 7 10288 4 2.000000000
2 42 7 10289 4 2.000000000
2 43 7 10290 4 2.000000000
2 44 7 10291 4 2.000000000
2 45 7 10292 4 2.000000000
2 46 7 10293 4 2.000000000
2 47 7 10294 4 2.000000000
2 48 7 10295 4 2.000000000
2 49 7 10296 4 2.000000000
2 50 7 10297 4 2.000000000
2 51 7 10298 4 2.000000000
2 52 7 10299 4 2.000000000
2 53 7 10300 4 2.000000000
2 54 7 10301 4 2.000000000
2 55 7 10302 4 2.000000000
2 56 7 10303 4 2.000000000
2 57 7 10304 4 2.000000000
2 58 7 10305 4 2.000000000
2 59 7 10306 4 2.000000000
2 60 7 10307 4 2.000000000
2 61 7 10308 4 2.000000000
2 62 7 10309 4 2.000000000
2 63 7 10310 4 2.000000000
2 64 7 10311 4 2.000000000
2 65 7 10312 4 2.000000000
2 66 7 10313 4 2.000000000
2 67 7 10314 4 2.000000000
2 68 7 10315 4 2.000000000
2 69 7 10316 4 2.000000000
2 70 7 10317 4 2.000000000
2 71 7 10318 4 2.000000000
2 72 7 10319 4 2.000000000
2 73 7 10320 4 2.000000000
2 74 7 10321 4 2.000000000
2 75 7 10322 4 2.000000000
2 76 7 10323 4 2.000000000
2 77 7 10324 4 2.000000000
2 78 7 10325 4 2.000000000
2 79 7 10326 4 2.000000000
2 80 7 10327 4 2.000000000
2 81 7 10328 4 2.000000000
2 82 7 10329 4 2.000000000
2 83 7 10330 4 2.000000000
2 84 7 10331 4 2.000000000
2 85 7 10332 4 2.000000000
2 86 7 10333 4 2.000000000
2 87 7 10334 4 2.000000000
2 88 7 10335 4 2.000000000
2 89 7 10336 4 2.000000000
2 90 7 10337 4 2.000000000
2 91 7 10338 4 2.000000000
2 92 7 10339 4 2.000000000
2 93 7 10340 4 2.000000000
2 94 7 10341 4 2.000000000
2 95 7 10342 4 2.000000000
2 96 7 10343 4 2.000000000
2 97 7 10344 4 2.000000000
2 98 7 10345 4 2.000000000
2 99 7 10346 4 2.000000000
2 100 7 10347 4 2.000000000
2 101 7 10348 4 2.000000000
2 102 7 10349 4 2.000000000
2 103 7 10350 4 2.000000000
2 104 7 10351 4 2.000000000
2 105 7 10352 4 2.000000000
2 106 7 10353 4 2.000000000
2 107 7 10354 4 2.000000000
2 108 7 10355 4 2.000000000
2 109 7 10356 4 2.000000000
2 110 7 10357 4 2.000000000
2 111 7 10358 4 2.000000000
2 112 7 10359 4 2.000000000
2 113 7 10360 4 2.000000000
2 114 7 10361 4 2.000000000
2 115 7 10362 4 2.000000000
2 116 7 10363 4 2.000000000
2 117 7 10364 4 2.000000000
2 118 7 10365 4 2.000000000
2 119 7 10366 4 2.000000000
2 120 7 10367 4 2.000000000
2 121 7 10368 4 2.000000000
2 122 7 10369 4 2.000000000
2 123 7 10370 4 2.000000000
2 124 7 10371 4 2.000000000
3 0 7 10372 4 2.000000000
3 1 7 10373 4 2.000000000
3 2 7 10374 4 2.000000000
3 4 7 10375 4 2.000000000
3 5 7 10376 4 2.000000000
3 6 7 10377 4 2.000000000
3 7 7 10378 4 2.000000000
3 8 7 10379 4 2.000000000
3 9 7 10380 4 2.000000000
3 10 7 10381 4 2.000000000
3 11 7 10382 4 2.000000000
3 12 7 10383 4 2.000000000
3 13 7 10384 4 2.000000000
3 14 7 10385 4 2.000000000
3 15 7 10386 4 2.000000000
3 16 7 10387 4 2.000000000
3 17 7 10388 4 2.000000000
3 18 7 10389 4 2.000000000
3 19 7 10390 4 2.000000000
3 20 7 10391 4 2.000000000
3 21 7 10392 4 2.000000000
3 22 7 10393 4 2.000000000
3 23 7 10394 4 2.000000000
3 24 7 10395 4 2.000000000
3 25 7 10396 4 2.000000000
3 26 7 10397 4 2.000000000
3 27 7 10398 4 2.000000000
3 28 7 10399 4 2.000000000
3 29 7 10400 4 2.000000000
3 30 7 10401 4 2.000000000
3 31 7 10402 4 2.000000000
3 32 7 10403 4 2.000000000
3 33 7 10404 4 2.000000000
3 34 7 10405 4 2.000000000
3 35 7 10406 4 2.000000000
3 36 7 10407 4 2.000000000
3 37 7 10408 4 2.000000000
3 38 7 10409 4 2.000000000
3 39 7 10410 4 2.000000000
3 40 7 10411 4 2.000000000
3 41 7 10412 4 2.000000000
3 42 7 10413 4 2.000000000
3 43 7 10414 4 2.000000000
3 44 7 10415 4 2.000000000
3 45 7 10416 4 2.000000000
3 46 7 10417 4 2.000000000
3 47 7 10418 4 2.000000000
3 48 7 10419 4 2.000000000
3 49 7 10420 4 2.000000000
3 50 7 10421 4 2.000000000
3 51 7 10422 4 2.000000000
3 52 7 10423 4 2.000000000
3 53 7 10424 4 2.000000000
3 54 7 10425 4 2.000000000
3 55 7 10426 4 2.000000000
3 56 7 10427 4 2.000000000
3 57 7 10428 4 2.000000000
3 58 7 10429 4 2.000000000
3 59 7 10430 4 2.000000000
3 60 7 10431 4 2.000000000
3 61 7 10432 4 2.000000000
3 62 7 10433 4 2.000000000
3 63 7 10434 4 2.000000000
3 64 7 10435 4 2.000000000
3 65 7 10436 4 2.000000000
3 66 7 10437 4 2.000000000
3 67 7 10438 4 2.000000000
3 68 7 10439 4 2.000000000
3 69 7 10440 4 2.000000000
3 70 7 10441 4 2.000000000
3 71 7 10442 4 2.000000000
3 72 7 10443 4 2.000000000
3 73 7 10444 4 2.000000000
3 74 7 10445 4 2.000000000
3 75 7 10446 4 2.000000000
3 76 7 10447 4 2.000000000
3 77 7 10448 4 2.000000000
3 78 7 10449 4 2.000000000
3 79 7 10450 4 2.000000000
3 80 7 10451 4 2.000000000
3 81 7 10452 4 2.000000000
3 82 7 10453 4 2.000000000
3 83 7 10454 4 2.000000000
3 84 7 10455 4 2.000000000
3 85 7 10456 4 2.000000000
3 86 7 10457 4 2.000000000
3 87 7 10458 4 2.000000000
3 88 7 10459 4 2.000000000
3 89 7 10460 4 2.000000000
3 90 7 10461 4 2.000000000
3 91 7 10462 4 2.000000000
3 92 7 10463 4 2.000000000
3 93 7 10464 4 2.000000000
3 94 7 10465 4 2.000000000
3 95 7 10466 4 2.000000000
3 96 7 10467 4 2.000000000
3 97 7 10468 4 2.000000000
3 98 7 10469 4 2.000000000
3 99 7 10470 4 2.000000000
3 100 7 10471 4 2.000000000
3 101 7 10472 4 2.000000000
3 102 7 10473 4 2.000000000
3 103 7 10474 4 2.000000000
3 104 7 10475 4 2.000000000
3 105 7 10476 4 2.000000000
3 106 7 10477 4 2.000000000
3 107 7 10478 4 2.000000000
3 108 7 10479 4 2.000000000
3 109 7 10480 4 2.000000000
3 110 7 10481 4 2.000000000
3 111 7 10482 4 2.000000000
3 112 7 10483 4 2.000000000
3 113 7 10484 4 2.000000000
3 114 7 10485 4 2.000000000
3 115 7 10486 4 2.000000000
3 116 7 10487 4 2.000000000
3 117 7 10488 4 2.000000000
3 118 7 10489 4 2.000000000
3 119 7 10490 4 2.000000000
3 120 7 10491 4 2.000000000
3 121 7 10492 4 2.000000000
3 122 7 10493 4 2.000000000
3 123 7 10494 4 2.000000000
3 124 7 10495 4 2.000000000
4 0 7 10496 4 2.000000000
4 1 7 10497 4 2.000000000
4 2 7 10498 4 2.000000000
4 3 7 10499 4 2.000000000
4 5 7 10500 4 2.000000000
4 6 7 10501 4 2.000000000
4 7 7 10502 4 2.000000000
4 8 7 10503 4 2.000000000
4 9 7 10504 4 2.000000000
4 10 7 10505 4 2.000000000
4 11 7 10506 4 2.000000000
4 12 7 10507 4 2.000000000
4 13 7 10508 4 2.000000000
4 14 7 10509 4 2.000000000
4 15 7 10510 4 2.000000000
4 16 7 10511 4 2.000000000
4 17 7 10512 4 2.000000000
4 18 7 10513 4 2.000000000
4 19 7 10514 4 2.000000000
4 20 7 10515 4 2.000000000
4 21 7 10516 4 2.000000000
4 22 7 10517 4 2.000000000
4 23 7 10518 4 2.000000000
4 24 7 10519 4 2.000000000
4 25 7 10520 4 2.000000000
4 26 7 10521 4 2.000000000
4 27 7 10522 4 2.000000000
4 28 7 10523 4 2.000000000
4 29 7 10524 4 2.000000000
4 30 7 10525 4 2.000000000
4 31 7 10526 4 2.000000000
4 32 7 10527 4 2.000000000
4 33 7 10528 4 2.000000000
4 34 7 10529 4 2.000000000
4 35 7 10530 4 2.000000000
4 36 7 10531 4 2.000000000
4 37 7 10532 4 2.000000000
4 38 7 10533 4 2.000000000
4 39 7 10534 4 2.000000000
4 40 7 10535 4 2.000000000
4 41 7 10536 4 2.000000000
4 42 7 10537 4 2.000000000
4 43 7 10538 4 2.000000000
4 44 7 10539 4 2.000000000
4 45 7 10540 4 2.000000000
4 46 7 10541 4 2.000000000
4 47 7 10542 4 2.000000000
4 48 7 10543 4 2.000000000
4 49 7 10544 4 2.000000000
4 50 7 10545 4 2.000000000
4 51 7 10546 4 2.000000000
4 52 7 10547 4 2.000000000
4 53 7 10548 4 2.000000000
4 54 7 10549 4 2.000000000
4 55 7 10550 4 2.000000000
4 56 7 10551 4 2.000000000
4 57 7 10552 4 2.000000000
4 58 7 10553 4 2.000000000
4 59 7 10554 4 2.000000000
4 60 7 10555 4 2.000000000
4 61 7 10556 4 2.000000000
4 62 7 10557 4 2.000000000
4 63 7 10558 4 2.000000000
4 64 7 10559 4 2.000000000
4 65 7 10560 4 2.000000000
4 66 7 10561 4 2.000000000
4 67 7 10562 4 2.000000000
4 68 7 10563 4 2.000000000
4 69 7 10564 4 2.000000000
4 70 7 10565 4 2.000000000
4 71 7 10566 4 2.000000000
4 72 7 10567 4 2.000000000
4 73 7 10568 4 2.000000000
4 74 7 10569 4 2.000000000
4 75 7 10570 4 2.000000000
4 76 7 10571 4 2.000000000
4 77 7 10572 4 2.000000000
4 78 7 10573 4 2.000000000
4 79 7 10574 4 2.000000000
4 80 7 10575 4 2.000000000
4 81 7 10576 4 2.000000000
4 82 7 10577 4 2.000000000
4 83 7 10578 4 2.000000000
4 84 7 10579 4 2.000000000
4 85 7 10580 4 2.000000000
4 86 7 10581 4 2.000000000
4 87 7 10582 4 2.000000000
4 88 7 10583 4 2.000000000
4 89 7 10584 4 2.000000000
4 90 7 10585 4 2.000000000
4 91 7 10586 4 2.000000000
4 92 7 10587 4 2.000000000
4 93 7 10588 4 2.000000000
4 94 7 10589 4 2.000000000
4 95 7 10590 4 2.000000000
4 96 7 10591 4 2.000000000
4 97 7 10592 4 2.000000000
4 98 7 10593 4 2.000000000
4 99 7 10594 4 2.000000000
4 100 7 10595 4 2.000000000
4 101 7 10596 4 2.000000000
4 102 7 10597 4 2.000000000
4 103 7 10598 4 2.000000000
4 104 7 10599 4 2.000000000
4 105 7 10600 4 2.000000000
4 106 7 10601 4 2.000000000
4 107 7 10602 4 2.000000000
4 108 7 10603 4 2.000000000
4 109 7 10604 4 2.000000000
4 110 7 10605 4 2.000000000
4 111 7 10606 4 2.000000000
4 112 7 10607 4 2.000000000
4 113 7 10608 4 2.000000000
4 114 7 10609 4 2.000000000
4 115 7 10610 4 2.000000000
4 116 7 10611 4 2.000000000
4 117 7 10612 4 2.000000000
4 118 7 10613 4 2.000000000
4 119 7 10614 4 2.000000000
4 120 7 10615 4 2.000000000
4 121 7 10616 4 2.000000000
4 122 7 10617 4 2.000000000
4 123 7 10618 4 2.000000000
4 124 7 10619 4 2.000000000
