620
0 1 7 10000 8 2.000000000
0 2 7 10001 8 2.000000000
0 3 7 10002 8 2.000000000
0 4 7 10003 8 2.000000000
0 5 7 10004 8 2.000000000
0 6 7 10005 8 2.000000000
0 7 7 10006 8 2.000000000
0 8 7 10007 8 2.000000000
0 9 7 10008 8 2.000000000
0 10 7 10009 8 2.000000000
0 11 7 10010 8 2.000000000
0 12 7 10011 8 2.000000000
0 13 7 10012 8 2.000000000
0 14 7 10013 8 2.000000000
0 15 7 10014 8 2.000000000
0 16 7 10015 8 2.000000000
0 17 7 10016 8 2.000000000
0 18 7 10017 8 2.000000000
0 19 7 10018 8 2.000000000
0 20 7 10019 8 2.000000000
0 21 7 10020 8 2.000000000
0 22 7 10021 8 2.000000000
0 23 7 10022 8 2.000000000
0 24 7 10023 8 2.000000000
0 25 7 10024 8 2.000000000
0 26 7 10025 8 2.000000000
0 27 7 10026 8 2.000000000
0 28 7 10027 8 2.000000000
0 29 7 10028 8 2.000000000
0 30 7 10029 8 2.000000000
0 31 7 10030 8 2.000000000
0 32 7 10031 8 2.000000000
0 33 7 10032 8 2.000000000
0 34 7 10033 8 2.000000000
0 35 7 10034 8 2.000000000
0 36 7 10035 8 2.000000000
0 37 7 10036 8 2.000000000
0 38 7 10037 8 2.000000000
0 39 7 10038 8 2.000000000
0 40 7 10039 8 2.000000000
0 41 7 10040 8 2.000000000
0 42 7 10041 8 2.000000000
0 43 7 10042 8 2.000000000
0 44 7 10043 8 2.000000000
0 45 7 10044 8 2.000000000
0 46 7 10045 8 2.000000000
0 47 7 10046 8 2.000000000
0 48 7 10047 8 2.000000000
0 49 7 10048 8 2.000000000
0 50 7 10049 8 2.000000000
0 51 7 10050 8 2.000000000
0 52 7 10051 8 2.000000000
0 53 7 10052 8 2.000000000
0 54 7 10053 8 2.000000000
0 55 7 10054 8 2.000000000
0 56 7 10055 8 2.000000000
0 57 7 10056 8 2.000000000
0 58 7 10057 8 2.000000000
0 59 7 10058 8 2.000000000
0 60 7 10059 8 2.000000000
0 61 7 10060 8 2.000000000
0 62 7 10061 8 2.000000000
0 63 7 10062 8 2.000000000
0 64 7 10063 8 2.000000000
0 65 7 10064 8 2.000000000
0 66 7 10065 8 2.000000000
0 67 7 10066 8 2.000000000
0 68 7 10067 8 2.000000000
0 69 7 10068 8 2.000000000
0 70 7 10069 8 2.000000000
0 71 7 10070 8 2.000000000
0 72 7 10071 8 2.000000000
0 73 7 10072 8 2.000000000
0 74 7 10073 8 2.000000000
0 75 7 10074 8 2.000000000
0 76 7 10075 8 2.000000000
0 77 7 10076 8 2.000000000
0 78 7 10077 8 2.000000000
0 79 7 10078 8 2.000000000
0 80 7 10079 8 2.000000000
0 81 7 10080 8 2.000000000
0 82 7 10081 8 2.000000000
0 83 7 10082 8 2.000000000
0 84 7 10083 8 2.000000000
0 85 7 10084 8 2.000000000
0 86 7 10085 8 2.000000000
0 87 7 10086 8 2.000000000
0 88 7 10087 8 2.000000000
0 89 7 10088 8 2.000000000
0 90 7 10089 8 2.000000000
0 91 7 10090 8 2.000000000
0 92 7 10091 8 2.000000000
0 93 7 10092 8 2.000000000
0 94 7 10093 8 2.000000000
0 95 7 10094 8 2.000000000
0 96 7 10095 8 2.000000000
0 97 7 10096 8 2.000000000
0 98 7 10097 8 2.000000000
0 99 7 10098 8 2.000000000
0 100 7 10099 8 2.000000000
0 101 7 10100 8 2.000000000
0 102 7 10101 8 2.000000000
0 103 7 10102 8 2.000000000
0 104 7 10103 8 2.000000000
0 105 7 10104 8 2.000000000
0 106 7 10105 8 2.000000000
0 107 7 10106 8 2.000000000
0 108 7 10107 8 2.000000000
0 109 7 10108 8 2.000000000
0 110 7 10109 8 2.000000000
0 111 7 10110 8 2.000000000
0 112 7 10111 8 2.000000000
0 113 7 10112 8 2.000000000
0 114 7 10113 8 2.000000000
0 115 7 10114 8 2.000000000
0 116 7 10115 8 2.000000000
0 117 7 10116 8 2.000000000
0 118 7 10117 8 2.000000000
0 119 7 10118 8 2.000000000
0 120 7 10119 8 2.000000000
0 121 7 10120 8 2.000000000
0 122 7 10121 8 2.000000000
0 123 7 10122 8 2.000000000
0 124 7 10123 8 2.000000000
1 0 7 10124 8 2.000000000
1 2 7 10125 8 2.000000000
1 3 7 10126 8 2.000000000
1 4 7 10127 8 2.000000000
1 5 7 10128 8 2.000000000
1 6 7 10129 8 2.000000000
1 7 7 10130 8 2.000000000
1 8 7 10131 8 2.000000000
1 9 7 10132 8 2.000000000
1 10 7 10133 8 2.000000000
1 11 7 10134 8 2.000000000
1 12 7 10135 8 2.000000000
1 13 7 10136 8 2.000000000
1 14 7 10137 8 2.000000000
1 15 7 10138 8 2.000000000
1 16 7 10139 8 2.000000000
1 17 7 10140 8 2.000000000
1 18 7 10141 8 2.000000000
1 19 7 10142 8 2.000000000
1 20 7 10143 8 2.000000000
1 21 7 10144 8 2.000000000
1 22 7 10145 8 2.000000000
1 23 7 10146 8 2.000000000
1 24 7 10147 8 2.000000000
1 25 7 10148 8 2.000000000
1 26 7 10149 8 2.000000000
1 27 7 10150 8 2.000000000
1 28 7 10151 8 2.000000000
1 29 7 10152 8 2.000000000
1 30 7 10153 8 2.000000000
1 31 7 10154 8 2.000000000
1 32 7 10155 8 2.000000000
1 33 7 10156 8 2.000000000
1 34 7 10157 8 2.000000000
1 35 7 10158 8 2.000000000
1 36 7 10159 8 2.000000000
1 37 7 10160 8 2.000000000
1 38 7 10161 8 2.000000000
1 39 7 10162 8 2.000000000
1 40 7 10163 8 2.000000000
1 41 7 10164 8 2.000000000
1 42 7 10165 8 2.000000000
1 43 7 10166 8 2.000000000
1 44 7 10167 8 2.000000000
1 45 7 10168 8 2.000000000
1 46 7 10169 8 2.000000000
1 47 7 10170 8 2.000000000
1 48 7 10171 8 2.000000000
1 49 7 10172 8 2.000000000
1 50 7 10173 8 2.000000000
1 51 7 10174 8 2.000000000
1 52 7 10175 8 2.000000000
1 53 7 10176 8 2.000000000
1 54 7 10177 8 2.000000000
1 55 7 10178 8 2.000000000
1 56 7 10179 8 2.000000000
1 57 7 10180 8 2.000000000
1 58 7 10181 8 2.000000000
1 59 7 10182 8 2.000000000
1 60 7 10183 8 2.000000000
1 61 7 10184 8 2.000000000
1 62 7 10185 8 2.000000000
1 63 7 10186 8 2.000000000
1 64 7 10187 8 2.000000000
1 65 7 10188 8 2.000000000
1 66 7 10189 8 2.000000000
1 67 7 10190 8 2.000000000
1 68 7 10191 8 2.000000000
1 69 7 10192 8 2.000000000
1 70 7 10193 8 2.000000000
1 71 7 10194 8 2.000000000
1 72 7 10195 8 2.000000000
1 73 7 10196 8 2.000000000
1 74 7 10197 8 2.000000000
1 75 7 10198 8 2.000000000
1 76 7 10199 8 2.000000000
1 77 7 10200 8 2.000000000
1 78 7 10201 8 2.000000000
1 79 7 10202 8 2.000000000
1 80 7 10203 8 2.000000000
1 81 7 10204 8 2.000000000
1 82 7 10205 8 2.000000000
1 83 7 10206 8 2.000000000
1 84 7 10207 8 2.000000000
1 85 7 10208 8 2.000000000
1 86 7 10209 8 2.000000000
1 87 7 10210 8 2.000000000
1 88 7 10211 8 2.000000000
1 89 7 10212 8 2.000000000
1 90 7 10213 8 2.000000000
1 91 7 10214 8 2.000000000
1 92 7 10215 8 2.000000000
1 93 7 10216 8 2.000000000
1 94 7 10217 8 2.000000000
1 95 7 10218 8 2.000000000
1 96 7 10219 8 2.000000000
1 97 7 10220 8 2.000000000
1 98 7 10221 8 2.000000000
1 99 7 10222 8 2.000000000
1 100 7 10223 8 2.000000000
1 101 7 10224 8 2.000000000
1 102 7 10225 8 2.000000000
1 103 7 10226 8 2.000000000
1 104 7 10227 8 2.000000000
1 105 7 10228 8 2.000000000
1 106 7 10229 8 2.000000000
1 107 7 10230 8 2.000000000
1 108 7 10231 8 2.000000000
1 109 7 10232 8 2.000000000
1 110 7 10233 8 2.000000000
1 111 7 10234 8 2.000000000
1 112 7 10235 8 2.000000000
1 113 7 10236 8 2.000000000
1 114 7 10237 8 2.000000000
1 115 7 10238 8 2.000000000
1 116 7 10239 8 2.000000000
1 117 7 10240 8 2.000000000
1 118 7 10241 8 2.000000000
1 119 7 10242 8 2.000000000
1 120 7 10243 8 2.000000000
1 121 7 10244 8 2.000000000
1 122 7 10245 8 2.000000000
1 123 7 10246 8 2.000000000
1 124 7 10247 8 2.000000000
2 0 7 10248 8 2.000000000
2 1 7 10249 8 2.000000000
2 3 7 10250 8 2.000000000
2 4 7 10251 8 2.000000000
2 5 7 10252 8 2.000000000
2 6 7 10253 8 2.000000000
2 7 7 10254 8 2.000000000
2 8 7 10255 8 2.000000000
2 9 7 10256 8 2.000000000
2 10 7 10257 8 2.000000000
2 11 7 10258 8 2.000000000
2 12 7 10259 8 2.000000000
2 13 7 10260 8 2.000000000
2 14 7 10261 8 2.000000000
2 15 7 10262 8 2.000000000
2 16 7 10263 8 2.000000000
2 17 7 10264 8 2.000000000
2 18 7 10265 8 2.000000000
2 19 7 10266 8 2.000000000
2 20 7 10267 8 2.000000000
2 21 7 10268 8 2.000000000
2 22 7 10269 8 2.000000000
2 23 7 10270 8 2.000000000
2 24 7 10271 8 2.000000000
2 25 7 10272 8 2.000000000
2 26 7 10273 8 2.000000000
2 27 7 10274 8 2.000000000
2 28 7 10275 8 2.000000000
2 29 7 10276 8 2.000000000
2 30 7 10277 8 2.000000000
2 31 7 10278 8 2.000000000
2 32 7 10279 8 2.000000000
2 33 7 10280 8 2.000000000
2 34 7 10281 8 2.000000000
2 35 7 10282 8 2.000000000
2 36 7 10283 8 2.000000000
2 37 7 10284 8 2.000000000
2 38 7 10285 8 2.000000000
2 39 7 10286 8 2.000000000
2 40 7 10287 8 2.000000000
2 41 7 10288 8 2.000000000
2 42 7 10289 8 2.000000000
2 43 7 10290 8 2.000000000
2 44 7 10291 8 2.000000000
2 45 7 10292 8 2.000000000
2 46 7 10293 8 2.000000000
2 47 7 10294 8 2.000000000
2 48 7 10295 8 2.000000000
2 49 7 10296 8 2.000000000
2 50 7 10297 8 2.000000000
2 51 7 10298 8 2.000000000
2 52 7 10299 8 2.000000000
2 53 7 10300 8 2.000000000
2 54 7 10301 8 2.000000000
2 55 7 10302 8 2.000000000
2 56 7 10303 8 2.000000000
2 57 7 10304 8 2.000000000
2 58 7 10305 8 2.000000000
2 59 7 10306 8 2.000000000
2 60 7 10307 8 2.000000000
2 61 7 10308 8 2.000000000
2 62 7 10309 8 2.000000000
2 63 7 10310 8 2.000000000
2 64 7 10311 8 2.000000000
2 65 7 10312 8 2.000000000
2 66 7 10313 8 2.000000000
2 67 7 10314 8 2.000000000
2 68 7 10315 8 2.000000000
2 69 7 10316 8 2.000000000
2 70 7 10317 8 2.000000000
2 71 7 10318 8 2.000000000
2 72 7 10319 8 2.000000000
2 73 7 10320 8 2.000000000
2 74 7 10321 8 2.000000000
2 75 7 10322 8 2.000000000
2 76 7 10323 8 2.000000000
2 77 7 10324 8 2.000000000
2 78 7 10325 8 2.000000000
2 79 7 10326 8 2.000000000
2 80 7 10327 8 2.000000000
2 81 7 10328 8 2.000000000
2 82 7 10329 8 2.000000000
2 83 7 10330 8 2.000000000
2 84 7 10331 8 2.000000000
2 85 7 10332 8 2.000000000
2 86 7 10333 8 2.000000000
2 87 7 10334 8 2.000000000
2 88 7 10335 8 2.000000000
2 89 7 10336 8 2.000000000
2 90 7 10337 8 2.000000000
2 91 7 10338 8 2.000000000
2 92 7 10339 8 2.000000000
2 93 7 10340 8 2.000000000
2 94 7 10341 8 2.000000000
2 95 7 10342 8 2.000000000
2 96 7 10343 8 2.000000000
2 97 7 10344 8 2.000000000
2 98 7 10345 8 2.000000000
2 99 7 10346 8 2.000000000
2 100 7 10347 8 2.000000000
2 101 7 10348 8 2.000000000
2 102 7 10349 8 2.000000000
2 103 7 10350 8 2.000000000
2 104 7 10351 8 2.000000000
2 105 7 10352 8 2.000000000
2 106 7 10353 8 2.000000000
2 107 7 10354 8 2.000000000
2 108 7 10355 8 2.000000000
2 109 7 10356 8 2.000000000
2 110 7 10357 8 2.000000000
2 111 7 10358 8 2.000000000
2 112 7 10359 8 2.000000000
2 113 7 10360 8 2.000000000
2 114 7 10361 8 2.000000000
2 115 7 10362 8 2.000000000
2 116 7 10363 8 2.000000000
2 117 7 10364 8 2.000000000
2 118 7 10365 8 2.000000000
2 119 7 10366 8 2.000000000
2 120 7 10367 8 2.000000000
2 121 7 10368 8 2.000000000
2 122 7 10369 8 2.000000000
2 123 7 10370 8 2.000000000
2 124 7 10371 8 2.000000000
3 0 7 10372 8 2.000000000
3 1 7 10373 8 2.000000000
3 2 7 10374 8 2.000000000
3 4 7 10375 8 2.000000000
3 5 7 10376 8 2.000000000
3 6 7 10377 8 2.000000000
3 7 7 10378 8 2.000000000
3 8 7 10379 8 2.000000000
3 9 7 10380 8 2.000000000
3 10 7 10381 8 2.000000000
3 11 7 10382 8 2.000000000
3 12 7 10383 8 2.000000000
3 13 7 10384 8 2.000000000
3 14 7 10385 8 2.000000000
3 15 7 10386 8 2.000000000
3 16 7 10387 8 2.000000000
3 17 7 10388 8 2.000000000
3 18 7 10389 8 2.000000000
3 19 7 10390 8 2.000000000
3 20 7 10391 8 2.000000000
3 21 7 10392 8 2.000000000
3 22 7 10393 8 2.000000000
3 23 7 10394 8 2.000000000
3 24 7 10395 8 2.000000000
3 25 7 10396 8 2.000000000
3 26 7 10397 8 2.000000000
3 27 7 10398 8 2.000000000
3 28 7 10399 8 2.000000000
3 29 7 10400 8 2.000000000
3 30 7 10401 8 2.000000000
3 31 7 10402 8 2.000000000
3 32 7 10403 8 2.000000000
3 33 7 10404 8 2.000000000
3 34 7 10405 8 2.000000000
3 35 7 10406 8 2.000000000
3 36 7 10407 8 2.000000000
3 37 7 10408 8 2.000000000
3 38 7 10409 8 2.000000000
3 39 7 10410 8 2.000000000
3 40 7 10411 8 2.000000000
3 41 7 10412 8 2.000000000
3 42 7 10413 8 2.000000000
3 43 7 10414 8 2.000000000
3 44 7 10415 8 2.000000000
3 45 7 10416 8 2.000000000
3 46 7 10417 8 2.000000000
3 47 7 10418 8 2.000000000
3 48 7 10419 8 2.000000000
3 49 7 10420 8 2.000000000
3 50 7 10421 8 2.000000000
3 51 7 10422 8 2.000000000
3 52 7 10423 8 2.000000000
3 53 7 10424 8 2.000000000
3 54 7 10425 8 2.000000000
3 55 7 10426 8 2.000000000
3 56 7 10427 8 2.000000000
3 57 7 10428 8 2.000000000
3 58 7 10429 8 2.000000000
3 59 7 10430 8 2.000000000
3 60 7 10431 8 2.000000000
3 61 7 10432 8 2.000000000
3 62 7 10433 8 2.000000000
3 63 7 10434 8 2.000000000
3 64 7 10435 8 2.000000000
3 65 7 10436 8 2.000000000
3 66 7 10437 8 2.000000000
3 67 7 10438 8 2.000000000
3 68 7 10439 8 2.000000000
3 69 7 10440 8 2.000000000
3 70 7 10441 8 2.000000000
3 71 7 10442 8 2.000000000
3 72 7 10443 8 2.000000000
3 73 7 10444 8 2.000000000
3 74 7 10445 8 2.000000000
3 75 7 10446 8 2.000000000
3 76 7 10447 8 2.000000000
3 77 7 10448 8 2.000000000
3 78 7 10449 8 2.000000000
3 79 7 10450 8 2.000000000
3 80 7 10451 8 2.000000000
3 81 7 10452 8 2.000000000
3 82 7 10453 8 2.000000000
3 83 7 10454 8 2.000000000
3 84 7 10455 8 2.000000000
3 85 7 10456 8 2.000000000
3 86 7 10457 8 2.000000000
3 87 7 10458 8 2.000000000
3 88 7 10459 8 2.000000000
3 89 7 10460 8 2.000000000
3 90 7 10461 8 2.000000000
3 91 7 10462 8 2.000000000
3 92 7 10463 8 2.000000000
3 93 7 10464 8 2.000000000
3 94 7 10465 8 2.000000000
3 95 7 10466 8 2.000000000
3 96 7 10467 8 2.000000000
3 97 7 10468 8 2.000000000
3 98 7 10469 8 2.000000000
3 99 7 10470 8 2.000000000
3 100 7 10471 8 2.000000000
3 101 7 10472 8 2.000000000
3 102 7 10473 8 2.000000000
3 103 7 10474 8 2.000000000
3 104 7 10475 8 2.000000000
3 105 7 10476 8 2.000000000
3 106 7 10477 8 2.000000000
3 107 7 10478 8 2.000000000
3 108 7 10479 8 2.000000000
3 109 7 10480 8 2.000000000
3 110 7 10481 8 2.000000000
3 111 7 10482 8 2.000000000
3 112 7 10483 8 2.000000000
3 113 7 10484 8 2.000000000
3 114 7 10485 8 2.000000000
3 115 7 10486 8 2.000000000
3 116 7 10487 8 2.000000000
3 117 7 10488 8 2.000000000
3 118 7 10489 8 2.000000000
3 119 7 10490 8 2.000000000
3 120 7 10491 8 2.000000000
3 121 7 10492 8 2.000000000
3 122 7 10493 8 2.000000000
3 123 7 10494 8 2.000000000
3 124 7 10495 8 2.000000000
4 0 7 10496 8 2.000000000
4 1 7 10497 8 2.000000000
4 2 7 10498 8 2.000000000
4 3 7 10499 8 2.000000000
4 5 7 10500 8 2.000000000
4 6 7 10501 8 2.000000000
4 7 7 10502 8 2.000000000
4 8 7 10503 8 2.000000000
4 9 7 10504 8 2.000000000
4 10 7 10505 8 2.000000000
4 11 7 10506 8 2.000000000
4 12 7 10507 8 2.000000000
4 13 7 10508 8 2.000000000
4 14 7 10509 8 2.000000000
4 15 7 10510 8 2.000000000
4 16 7 10511 8 2.000000000
4 17 7 10512 8 2.000000000
4 18 7 10513 8 2.000000000
4 19 7 10514 8 2.000000000
4 20 7 10515 8 2.000000000
4 21 7 10516 8 2.000000000
4 22 7 10517 8 2.000000000
4 23 7 10518 8 2.000000000
4 24 7 10519 8 2.000000000
4 25 7 10520 8 2.000000000
4 26 7 10521 8 2.000000000
4 27 7 10522 8 2.000000000
4 28 7 10523 8 2.000000000
4 29 7 10524 8 2.000000000
4 30 7 10525 8 2.000000000
4 31 7 10526 8 2.000000000
4 32 7 10527 8 2.000000000
4 33 7 10528 8 2.000000000
4 34 7 10529 8 2.000000000
4 35 7 10530 8 2.000000000
4 36 7 10531 8 2.000000000
4 37 7 10532 8 2.000000000
4 38 7 10533 8 2.000000000
4 39 7 10534 8 2.000000000
4 40 7 10535 8 2.000000000
4 41 7 10536 8 2.000000000
4 42 7 10537 8 2.000000000
4 43 7 10538 8 2.000000000
4 44 7 10539 8 2.000000000
4 45 7 10540 8 2.000000000
4 46 7 10541 8 2.000000000
4 47 7 10542 8 2.000000000
4 48 7 10543 8 2.000000000
4 49 7 10544 8 2.000000000
4 50 7 10545 8 2.000000000
4 51 7 10546 8 2.000000000
4 52 7 10547 8 2.000000000
4 53 7 10548 8 2.000000000
4 54 7 10549 8 2.000000000
4 55 7 10550 8 2.000000000
4 56 7 10551 8 2.000000000
4 57 7 10552 8 2.000000000
4 58 7 10553 8 2.000000000
4 59 7 10554 8 2.000000000
4 60 7 10555 8 2.000000000
4 61 7 10556 8 2.000000000
4 62 7 10557 8 2.000000000
4 63 7 10558 8 2.000000000
4 64 7 10559 8 2.000000000
4 65 7 10560 8 2.000000000
4 66 7 10561 8 2.000000000
4 67 7 10562 8 2.000000000
4 68 7 10563 8 2.000000000
4 69 7 10564 8 2.000000000
4 70 7 10565 8 2.000000000
4 71 7 10566 8 2.000000000
4 72 7 10567 8 2.000000000
4 73 7 10568 8 2.000000000
4 74 7 10569 8 2.000000000
4 75 7 10570 8 2.000000000
4 76 7 10571 8 2.000000000
4 77 7 10572 8 2.000000000
4 78 7 10573 8 2.000000000
4 79 7 10574 8 2.000000000
4 80 7 10575 8 2.000000000
4 81 7 10576 8 2.000000000
4 82 7 10577 8 2.000000000
4 83 7 10578 8 2.000000000
4 84 7 10579 8 2.000000000
4 85 7 10580 8 2.000000000
4 86 7 10581 8 2.000000000
4 87 7 10582 8 2.000000000
4 88 7 10583 8 2.000000000
4 89 7 10584 8 2.000000000
4 90 7 10585 8 2.000000000
4 91 7 10586 8 2.000000000
4 92 7 10587 8 2.000000000
4 93 7 10588 8 2.000000000
4 94 7 10589 8 2.000000000
4 95 7 10590 8 2.000000000
4 96 7 10591 8 2.000000000
4 97 7 10592 8 2.000000000
4 98 7 10593 8 2.000000000
4 99 7 10594 8 2.000000000
4 100 7 10595 8 2.000000000
4 101 7 10596 8 2.000000000
4 102 7 10597 8 2.000000000
4 103 7 10598 8 2.000000000
4 104 7 10599 8 2.000000000
4 105 7 10600 8 2.000000000
4 106 7 10601 8 2.000000000
4 107 7 10602 8 2.000000000
4 108 7 10603 8 2.000000000
4 109 7 10604 8 2.000000000
4 110 7 10605 8 2.000000000
4 111 7 10606 8 2.000000000
4 112 7 10607 8 2.000000000
4 113 7 10608 8 2.000000000
4 114 7 10609 8 2.000000000
4 115 7 10610 8 2.000000000
4 116 7 10611 8 2.000000000
4 117 7 10612 8 2.000000000
4 118 7 10613 8 2.000000000
4 119 7 10614 8 2.000000000
4 120 7 10615 8 2.000000000
4 121 7 10616 8 2.000000000
4 122 7 10617 8 2.000000000
4 123 7 10618 8 2.000000000
4 124 7 10619 8 2.000000000
