620
0 1 7 10000 32 2.000000000
0 2 7 10001 32 2.000000000
0 3 7 10002 32 2.000000000
0 4 7 10003 32 2.000000000
0 5 7 10004 32 2.000000000
0 6 7 10005 32 2.000000000
0 7 7 10006 32 2.000000000
0 8 7 10007 32 2.000000000
0 9 7 10008 32 2.000000000
0 10 7 10009 32 2.000000000
0 11 7 10010 32 2.000000000
0 12 7 10011 32 2.000000000
0 13 7 10012 32 2.000000000
0 14 7 10013 32 2.000000000
0 15 7 10014 32 2.000000000
0 16 7 10015 32 2.000000000
0 17 7 10016 32 2.000000000
0 18 7 10017 32 2.000000000
0 19 7 10018 32 2.000000000
0 20 7 10019 32 2.000000000
0 21 7 10020 32 2.000000000
0 22 7 10021 32 2.000000000
0 23 7 10022 32 2.000000000
0 24 7 10023 32 2.000000000
0 25 7 10024 32 2.000000000
0 26 7 10025 32 2.000000000
0 27 7 10026 32 2.000000000
0 28 7 10027 32 2.000000000
0 29 7 10028 32 2.000000000
0 30 7 10029 32 2.000000000
0 31 7 10030 32 2.000000000
0 32 7 10031 32 2.000000000
0 33 7 10032 32 2.000000000
0 34 7 10033 32 2.000000000
0 35 7 10034 32 2.000000000
0 36 7 10035 32 2.000000000
0 37 7 10036 32 2.000000000
0 38 7 10037 32 2.000000000
0 39 7 10038 32 2.000000000
0 40 7 10039 32 2.000000000
0 41 7 10040 32 2.000000000
0 42 7 10041 32 2.000000000
0 43 7 10042 32 2.000000000
0 44 7 10043 32 2.000000000
0 45 7 10044 32 2.000000000
0 46 7 10045 32 2.000000000
0 47 7 10046 32 2.000000000
0 48 7 10047 32 2.000000000
0 49 7 10048 32 2.000000000
0 50 7 10049 32 2.000000000
0 51 7 10050 32 2.000000000
0 52 7 10051 32 2.000000000
0 53 7 10052 32 2.000000000
0 54 7 10053 32 2.000000000
0 55 7 10054 32 2.000000000
0 56 7 10055 32 2.000000000
0 57 7 10056 32 2.000000000
0 58 7 10057 32 2.000000000
0 59 7 10058 32 2.000000000
0 60 7 10059 32 2.000000000
0 61 7 10060 32 2.000000000
0 62 7 10061 32 2.000000000
0 63 7 10062 32 2.000000000
0 64 7 10063 32 2.000000000
0 65 7 10064 32 2.000000000
0 66 7 10065 32 2.000000000
0 67 7 10066 32 2.000000000
0 68 7 10067 32 2.000000000
0 69 7 10068 32 2.000000000
0 70 7 10069 32 2.000000000
0 71 7 10070 32 2.000000000
0 72 7 10071 32 2.000000000
0 73 7 10072 32 2.000000000
0 74 7 10073 32 2.000000000
0 75 7 10074 32 2.000000000
0 76 7 10075 32 2.000000000
0 77 7 10076 32 2.000000000
0 78 7 10077 32 2.000000000
0 79 7 10078 32 2.000000000
0 80 7 10079 32 2.000000000
0 81 7 10080 32 2.000000000
0 82 7 10081 32 2.000000000
0 83 7 10082 32 2.000000000
0 84 7 10083 32 2.000000000
0 85 7 10084 32 2.000000000
0 86 7 10085 32 2.000000000
0 87 7 10086 32 2.000000000
0 88 7 10087 32 2.000000000
0 89 7 10088 32 2.000000000
0 90 7 10089 32 2.000000000
0 91 7 10090 32 2.000000000
0 92 7 10091 32 2.000000000
0 93 7 10092 32 2.000000000
0 94 7 10093 32 2.000000000
0 95 7 10094 32 2.000000000
0 96 7 10095 32 2.000000000
0 97 7 10096 32 2.000000000
0 98 7 10097 32 2.000000000
0 99 7 10098 32 2.000000000
0 100 7 10099 32 2.000000000
0 101 7 10100 32 2.000000000
0 102 7 10101 32 2.000000000
0 103 7 10102 32 2.000000000
0 104 7 10103 32 2.000000000
0 105 7 10104 32 2.000000000
0 106 7 10105 32 2.000000000
0 107 7 10106 32 2.000000000
0 108 7 10107 32 2.000000000
0 109 7 10108 32 2.000000000
0 110 7 10109 32 2.000000000
0 111 7 10110 32 2.000000000
0 112 7 10111 32 2.000000000
0 113 7 10112 32 2.000000000
0 114 7 10113 32 2.000000000
0 115 7 10114 32 2.000000000
0 116 7 10115 32 2.000000000
0 117 7 10116 32 2.000000000
0 118 7 10117 32 2.000000000
0 119 7 10118 32 2.000000000
0 120 7 10119 32 2.000000000
0 121 7 10120 32 2.000000000
0 122 7 10121 32 2.000000000
0 123 7 10122 32 2.000000000
0 124 7 10123 32 2.000000000
1 0 7 10124 32 2.000000000
1 2 7 10125 32 2.000000000
1 3 7 10126 32 2.000000000
1 4 7 10127 32 2.000000000
1 5 7 10128 32 2.000000000
1 6 7 10129 32 2.000000000
1 7 7 10130 32 2.000000000
1 8 7 10131 32 2.000000000
1 9 7 10132 32 2.000000000
1 10 7 10133 32 2.000000000
1 11 7 10134 32 2.000000000
1 12 7 10135 32 2.000000000
1 13 7 10136 32 2.000000000
1 14 7 10137 32 2.000000000
1 15 7 10138 32 2.000000000
1 16 7 10139 32 2.000000000
1 17 7 10140 32 2.000000000
1 18 7 10141 32 2.000000000
1 19 7 10142 32 2.000000000
1 20 7 10143 32 2.000000000
1 21 7 10144 32 2.000000000
1 22 7 10145 32 2.000000000
1 23 7 10146 32 2.000000000
1 24 7 10147 32 2.000000000
1 25 7 10148 32 2.000000000
1 26 7 10149 32 2.000000000
1 27 7 10150 32 2.000000000
1 28 7 10151 32 2.000000000
1 29 7 10152 32 2.000000000
1 30 7 10153 32 2.000000000
1 31 7 10154 32 2.000000000
1 32 7 10155 32 2.000000000
1 33 7 10156 32 2.000000000
1 34 7 10157 32 2.000000000
1 35 7 10158 32 2.000000000
1 36 7 10159 32 2.000000000
1 37 7 10160 32 2.000000000
1 38 7 10161 32 2.000000000
1 39 7 10162 32 2.000000000
1 40 7 10163 32 2.000000000
1 41 7 10164 32 2.000000000
1 42 7 10165 32 2.000000000
1 43 7 10166 32 2.000000000
1 44 7 10167 32 2.000000000
1 45 7 10168 32 2.000000000
1 46 7 10169 32 2.000000000
1 47 7 10170 32 2.000000000
1 48 7 10171 32 2.000000000
1 49 7 10172 32 2.000000000
1 50 7 10173 32 2.000000000
1 51 7 10174 32 2.000000000
1 52 7 10175 32 2.000000000
1 53 7 10176 32 2.000000000
1 54 7 10177 32 2.000000000
1 55 7 10178 32 2.000000000
1 56 7 10179 32 2.000000000
1 57 7 10180 32 2.000000000
1 58 7 10181 32 2.000000000
1 59 7 10182 32 2.000000000
1 60 7 10183 32 2.000000000
1 61 7 10184 32 2.000000000
1 62 7 10185 32 2.000000000
1 63 7 10186 32 2.000000000
1 64 7 10187 32 2.000000000
1 65 7 10188 32 2.000000000
1 66 7 10189 32 2.000000000
1 67 7 10190 32 2.000000000
1 68 7 10191 32 2.000000000
1 69 7 10192 32 2.000000000
1 70 7 10193 32 2.000000000
1 71 7 10194 32 2.000000000
1 72 7 10195 32 2.000000000
1 73 7 10196 32 2.000000000
1 74 7 10197 32 2.000000000
1 75 7 10198 32 2.000000000
1 76 7 10199 32 2.000000000
1 77 7 10200 32 2.000000000
1 78 7 10201 32 2.000000000
1 79 7 10202 32 2.000000000
1 80 7 10203 32 2.000000000
1 81 7 10204 32 2.000000000
1 82 7 10205 32 2.000000000
1 83 7 10206 32 2.000000000
1 84 7 10207 32 2.000000000
1 85 7 10208 32 2.000000000
1 86 7 10209 32 2.000000000
1 87 7 10210 32 2.000000000
1 88 7 10211 32 2.000000000
1 89 7 10212 32 2.000000000
1 90 7 10213 32 2.000000000
1 91 7 10214 32 2.000000000
1 92 7 10215 32 2.000000000
1 93 7 10216 32 2.000000000
1 94 7 10217 32 2.000000000
1 95 7 10218 32 2.000000000
1 96 7 10219 32 2.000000000
1 97 7 10220 32 2.000000000
1 98 7 10221 32 2.000000000
1 99 7 10222 32 2.000000000
1 100 7 10223 32 2.000000000
1 101 7 10224 32 2.000000000
1 102 7 10225 32 2.000000000
1 103 7 10226 32 2.000000000
1 104 7 10227 32 2.000000000
1 105 7 10228 32 2.000000000
1 106 7 10229 32 2.000000000
1 107 7 10230 32 2.000000000
1 108 7 10231 32 2.000000000
1 109 7 10232 32 2.000000000
1 110 7 10233 32 2.000000000
1 111 7 10234 32 2.000000000
1 112 7 10235 32 2.000000000
1 113 7 10236 32 2.000000000
1 114 7 10237 32 2.000000000
1 115 7 10238 32 2.000000000
1 116 7 10239 32 2.000000000
1 117 7 10240 32 2.000000000
1 118 7 10241 32 2.000000000
1 119 7 10242 32 2.000000000
1 120 7 10243 32 2.000000000
1 121 7 10244 32 2.000000000
1 122 7 10245 32 2.000000000
1 123 7 10246 32 2.000000000
1 124 7 10247 32 2.000000000
2 0 7 10248 32 2.000000000
2 1 7 10249 32 2.000000000
2 3 7 10250 32 2.000000000
2 4 7 10251 32 2.000000000
2 5 7 10252 32 2.000000000
2 6 7 10253 32 2.000000000
2 7 7 10254 32 2.000000000
2 8 7 10255 32 2.000000000
2 9 7 10256 32 2.000000000
2 10 7 10257 32 2.000000000
2 11 7 10258 32 2.000000000
2 12 7 10259 32 2.000000000
2 13 7 10260 32 2.000000000
2 14 7 10261 32 2.000000000
2 15 7 10262 32 2.000000000
2 16 7 10263 32 2.000000000
2 17 7 10264 32 2.000000000
2 18 7 10265 32 2.000000000
2 19 7 10266 32 2.000000000
2 20 7 10267 32 2.000000000
2 21 7 10268 32 2.000000000
2 22 7 10269 32 2.000000000
2 23 7 10270 32 2.000000000
2 24 7 10271 32 2.000000000
2 25 7 10272 32 2.000000000
2 26 7 10273 32 2.000000000
2 27 7 10274 32 2.000000000
2 28 7 10275 32 2.000000000
2 29 7 10276 32 2.000000000
2 30 7 10277 32 2.000000000
2 31 7 10278 32 2.000000000
2 32 7 10279 32 2.000000000
2 33 7 10280 32 2.000000000
2 34 7 10281 32 2.000000000
2 35 7 10282 32 2.000000000
2 36 7 10283 32 2.000000000
2 37 7 10284 32 2.000000000
2 38 7 10285 32 2.000000000
2 39 7 10286 32 2.000000000
2 40 7 10287 32 2.000000000
2 41 7 10288 32 2.000000000
2 42 7 10289 32 2.000000000
2 43 7 10290 32 2.000000000
2 44 7 10291 32 2.000000000
2 45 7 10292 32 2.000000000
2 46 7 10293 32 2.000000000
2 47 7 10294 32 2.000000000
2 48 7 10295 32 2.000000000
2 49 7 10296 32 2.000000000
2 50 7 10297 32 2.000000000
2 51 7 10298 32 2.000000000
2 52 7 10299 32 2.000000000
2 53 7 10300 32 2.000000000
2 54 7 10301 32 2.000000000
2 55 7 10302 32 2.000000000
2 56 7 10303 32 2.000000000
2 57 7 10304 32 2.000000000
2 58 7 10305 32 2.000000000
2 59 7 10306 32 2.000000000
2 60 7 10307 32 2.000000000
2 61 7 10308 32 2.000000000
2 62 7 10309 32 2.000000000
2 63 7 10310 32 2.000000000
2 64 7 10311 32 2.000000000
2 65 7 10312 32 2.000000000
2 66 7 10313 32 2.000000000
2 67 7 10314 32 2.000000000
2 68 7 10315 32 2.000000000
2 69 7 10316 32 2.000000000
2 70 7 10317 32 2.000000000
2 71 7 10318 32 2.000000000
2 72 7 10319 32 2.000000000
2 73 7 10320 32 2.000000000
2 74 7 10321 32 2.000000000
2 75 7 10322 32 2.000000000
2 76 7 10323 32 2.000000000
2 77 7 10324 32 2.000000000
2 78 7 10325 32 2.000000000
2 79 7 10326 32 2.000000000
2 80 7 10327 32 2.000000000
2 81 7 10328 32 2.000000000
2 82 7 10329 32 2.000000000
2 83 7 10330 32 2.000000000
2 84 7 10331 32 2.000000000
2 85 7 10332 32 2.000000000
2 86 7 10333 32 2.000000000
2 87 7 10334 32 2.000000000
2 88 7 10335 32 2.000000000
2 89 7 10336 32 2.000000000
2 90 7 10337 32 2.000000000
2 91 7 10338 32 2.000000000
2 92 7 10339 32 2.000000000
2 93 7 10340 32 2.000000000
2 94 7 10341 32 2.000000000
2 95 7 10342 32 2.000000000
2 96 7 10343 32 2.000000000
2 97 7 10344 32 2.000000000
2 98 7 10345 32 2.000000000
2 99 7 10346 32 2.000000000
2 100 7 10347 32 2.000000000
2 101 7 10348 32 2.000000000
2 102 7 10349 32 2.000000000
2 103 7 10350 32 2.000000000
2 104 7 10351 32 2.000000000
2 105 7 10352 32 2.000000000
2 106 7 10353 32 2.000000000
2 107 7 10354 32 2.000000000
2 108 7 10355 32 2.000000000
2 109 7 10356 32 2.000000000
2 110 7 10357 32 2.000000000
2 111 7 10358 32 2.000000000
2 112 7 10359 32 2.000000000
2 113 7 10360 32 2.000000000
2 114 7 10361 32 2.000000000
2 115 7 10362 32 2.000000000
2 116 7 10363 32 2.000000000
2 117 7 10364 32 2.000000000
2 118 7 10365 32 2.000000000
2 119 7 10366 32 2.000000000
2 120 7 10367 32 2.000000000
2 121 7 10368 32 2.000000000
2 122 7 10369 32 2.000000000
2 123 7 10370 32 2.000000000
2 124 7 10371 32 2.000000000
3 0 7 10372 32 2.000000000
3 1 7 10373 32 2.000000000
3 2 7 10374 32 2.000000000
3 4 7 10375 32 2.000000000
3 5 7 10376 32 2.000000000
3 6 7 10377 32 2.000000000
3 7 7 10378 32 2.000000000
3 8 7 10379 32 2.000000000
3 9 7 10380 32 2.000000000
3 10 7 10381 32 2.000000000
3 11 7 10382 32 2.000000000
3 12 7 10383 32 2.000000000
3 13 7 10384 32 2.000000000
3 14 7 10385 32 2.000000000
3 15 7 10386 32 2.000000000
3 16 7 10387 32 2.000000000
3 17 7 10388 32 2.000000000
3 18 7 10389 32 2.000000000
3 19 7 10390 32 2.000000000
3 20 7 10391 32 2.000000000
3 21 7 10392 32 2.000000000
3 22 7 10393 32 2.000000000
3 23 7 10394 32 2.000000000
3 24 7 10395 32 2.000000000
3 25 7 10396 32 2.000000000
3 26 7 10397 32 2.000000000
3 27 7 10398 32 2.000000000
3 28 7 10399 32 2.000000000
3 29 7 10400 32 2.000000000
3 30 7 10401 32 2.000000000
3 31 7 10402 32 2.000000000
3 32 7 10403 32 2.000000000
3 33 7 10404 32 2.000000000
3 34 7 10405 32 2.000000000
3 35 7 10406 32 2.000000000
3 36 7 10407 32 2.000000000
3 37 7 10408 32 2.000000000
3 38 7 10409 32 2.000000000
3 39 7 10410 32 2.000000000
3 40 7 10411 32 2.000000000
3 41 7 10412 32 2.000000000
3 42 7 10413 32 2.000000000
3 43 7 10414 32 2.000000000
3 44 7 10415 32 2.000000000
3 45 7 10416 32 2.000000000
3 46 7 10417 32 2.000000000
3 47 7 10418 32 2.000000000
3 48 7 10419 32 2.000000000
3 49 7 10420 32 2.000000000
3 50 7 10421 32 2.000000000
3 51 7 10422 32 2.000000000
3 52 7 10423 32 2.000000000
3 53 7 10424 32 2.000000000
3 54 7 10425 32 2.000000000
3 55 7 10426 32 2.000000000
3 56 7 10427 32 2.000000000
3 57 7 10428 32 2.000000000
3 58 7 10429 32 2.000000000
3 59 7 10430 32 2.000000000
3 60 7 10431 32 2.000000000
3 61 7 10432 32 2.000000000
3 62 7 10433 32 2.000000000
3 63 7 10434 32 2.000000000
3 64 7 10435 32 2.000000000
3 65 7 10436 32 2.000000000
3 66 7 10437 32 2.000000000
3 67 7 10438 32 2.000000000
3 68 7 10439 32 2.000000000
3 69 7 10440 32 2.000000000
3 70 7 10441 32 2.000000000
3 71 7 10442 32 2.000000000
3 72 7 10443 32 2.000000000
3 73 7 10444 32 2.000000000
3 74 7 10445 32 2.000000000
3 75 7 10446 32 2.000000000
3 76 7 10447 32 2.000000000
3 77 7 10448 32 2.000000000
3 78 7 10449 32 2.000000000
3 79 7 10450 32 2.000000000
3 80 7 10451 32 2.000000000
3 81 7 10452 32 2.000000000
3 82 7 10453 32 2.000000000
3 83 7 10454 32 2.000000000
3 84 7 10455 32 2.000000000
3 85 7 10456 32 2.000000000
3 86 7 10457 32 2.000000000
3 87 7 10458 32 2.000000000
3 88 7 10459 32 2.000000000
3 89 7 10460 32 2.000000000
3 90 7 10461 32 2.000000000
3 91 7 10462 32 2.000000000
3 92 7 10463 32 2.000000000
3 93 7 10464 32 2.000000000
3 94 7 10465 32 2.000000000
3 95 7 10466 32 2.000000000
3 96 7 10467 32 2.000000000
3 97 7 10468 32 2.000000000
3 98 7 10469 32 2.000000000
3 99 7 10470 32 2.000000000
3 100 7 10471 32 2.000000000
3 101 7 10472 32 2.000000000
3 102 7 10473 32 2.000000000
3 103 7 10474 32 2.000000000
3 104 7 10475 32 2.000000000
3 105 7 10476 32 2.000000000
3 106 7 10477 32 2.000000000
3 107 7 10478 32 2.000000000
3 108 7 10479 32 2.000000000
3 109 7 10480 32 2.000000000
3 110 7 10481 32 2.000000000
3 111 7 10482 32 2.000000000
3 112 7 10483 32 2.000000000
3 113 7 10484 32 2.000000000
3 114 7 10485 32 2.000000000
3 115 7 10486 32 2.000000000
3 116 7 10487 32 2.000000000
3 117 7 10488 32 2.000000000
3 118 7 10489 32 2.000000000
3 119 7 10490 32 2.000000000
3 120 7 10491 32 2.000000000
3 121 7 10492 32 2.000000000
3 122 7 10493 32 2.000000000
3 123 7 10494 32 2.000000000
3 124 7 10495 32 2.000000000
4 0 7 10496 32 2.000000000
4 1 7 10497 32 2.000000000
4 2 7 10498 32 2.000000000
4 3 7 10499 32 2.000000000
4 5 7 10500 32 2.000000000
4 6 7 10501 32 2.000000000
4 7 7 10502 32 2.000000000
4 8 7 10503 32 2.000000000
4 9 7 10504 32 2.000000000
4 10 7 10505 32 2.000000000
4 11 7 10506 32 2.000000000
4 12 7 10507 32 2.000000000
4 13 7 10508 32 2.000000000
4 14 7 10509 32 2.000000000
4 15 7 10510 32 2.000000000
4 16 7 10511 32 2.000000000
4 17 7 10512 32 2.000000000
4 18 7 10513 32 2.000000000
4 19 7 10514 32 2.000000000
4 20 7 10515 32 2.000000000
4 21 7 10516 32 2.000000000
4 22 7 10517 32 2.000000000
4 23 7 10518 32 2.000000000
4 24 7 10519 32 2.000000000
4 25 7 10520 32 2.000000000
4 26 7 10521 32 2.000000000
4 27 7 10522 32 2.000000000
4 28 7 10523 32 2.000000000
4 29 7 10524 32 2.000000000
4 30 7 10525 32 2.000000000
4 31 7 10526 32 2.000000000
4 32 7 10527 32 2.000000000
4 33 7 10528 32 2.000000000
4 34 7 10529 32 2.000000000
4 35 7 10530 32 2.000000000
4 36 7 10531 32 2.000000000
4 37 7 10532 32 2.000000000
4 38 7 10533 32 2.000000000
4 39 7 10534 32 2.000000000
4 40 7 10535 32 2.000000000
4 41 7 10536 32 2.000000000
4 42 7 10537 32 2.000000000
4 43 7 10538 32 2.000000000
4 44 7 10539 32 2.000000000
4 45 7 10540 32 2.000000000
4 46 7 10541 32 2.000000000
4 47 7 10542 32 2.000000000
4 48 7 10543 32 2.000000000
4 49 7 10544 32 2.000000000
4 50 7 10545 32 2.000000000
4 51 7 10546 32 2.000000000
4 52 7 10547 32 2.000000000
4 53 7 10548 32 2.000000000
4 54 7 10549 32 2.000000000
4 55 7 10550 32 2.000000000
4 56 7 10551 32 2.000000000
4 57 7 10552 32 2.000000000
4 58 7 10553 32 2.000000000
4 59 7 10554 32 2.000000000
4 60 7 10555 32 2.000000000
4 61 7 10556 32 2.000000000
4 62 7 10557 32 2.000000000
4 63 7 10558 32 2.000000000
4 64 7 10559 32 2.000000000
4 65 7 10560 32 2.000000000
4 66 7 10561 32 2.000000000
4 67 7 10562 32 2.000000000
4 68 7 10563 32 2.000000000
4 69 7 10564 32 2.000000000
4 70 7 10565 32 2.000000000
4 71 7 10566 32 2.000000000
4 72 7 10567 32 2.000000000
4 73 7 10568 32 2.000000000
4 74 7 10569 32 2.000000000
4 75 7 10570 32 2.000000000
4 76 7 10571 32 2.000000000
4 77 7 10572 32 2.000000000
4 78 7 10573 32 2.000000000
4 79 7 10574 32 2.000000000
4 80 7 10575 32 2.000000000
4 81 7 10576 32 2.000000000
4 82 7 10577 32 2.000000000
4 83 7 10578 32 2.000000000
4 84 7 10579 32 2.000000000
4 85 7 10580 32 2.000000000
4 86 7 10581 32 2.000000000
4 87 7 10582 32 2.000000000
4 88 7 10583 32 2.000000000
4 89 7 10584 32 2.000000000
4 90 7 10585 32 2.000000000
4 91 7 10586 32 2.000000000
4 92 7 10587 32 2.000000000
4 93 7 10588 32 2.000000000
4 94 7 10589 32 2.000000000
4 95 7 10590 32 2.000000000
4 96 7 10591 32 2.000000000
4 97 7 10592 32 2.000000000
4 98 7 10593 32 2.000000000
4 99 7 10594 32 2.000000000
4 100 7 10595 32 2.000000000
4 101 7 10596 32 2.000000000
4 102 7 10597 32 2.000000000
4 103 7 10598 32 2.000000000
4 104 7 10599 32 2.000000000
4 105 7 10600 32 2.000000000
4 106 7 10601 32 2.000000000
4 107 7 10602 32 2.000000000
4 108 7 10603 32 2.000000000
4 109 7 10604 32 2.000000000
4 110 7 10605 32 2.000000000
4 111 7 10606 32 2.000000000
4 112 7 10607 32 2.000000000
4 113 7 10608 32 2.000000000
4 114 7 10609 32 2.000000000
4 115 7 10610 32 2.000000000
4 116 7 10611 32 2.000000000
4 117 7 10612 32 2.000000000
4 118 7 10613 32 2.000000000
4 119 7 10614 32 2.000000000
4 120 7 10615 32 2.000000000
4 121 7 10616 32 2.000000000
4 122 7 10617 32 2.000000000
4 123 7 10618 32 2.000000000
4 124 7 10619 32 2.000000000
