2176
0 4096 7 10000 128 2.000000000
1 4097 7 10001 128 2.000000000
2 4098 7 10002 128 2.000000000
3 4099 7 10003 128 2.000000000
4 4100 7 10004 128 2.000000000
5 4101 7 10005 128 2.000000000
6 4102 7 10006 128 2.000000000
7 4103 7 10007 128 2.000000000
8 4104 7 10008 128 2.000000000
9 4105 7 10009 128 2.000000000
10 4106 7 10010 128 2.000000000
11 4107 7 10011 128 2.000000000
12 4108 7 10012 128 2.000000000
13 4109 7 10013 128 2.000000000
14 4110 7 10014 128 2.000000000
15 4111 7 10015 128 2.000000000
16 4112 7 10016 128 2.000000000
17 4113 7 10017 128 2.000000000
18 4114 7 10018 128 2.000000000
19 4115 7 10019 128 2.000000000
20 4116 7 10020 128 2.000000000
21 4117 7 10021 128 2.000000000
22 4118 7 10022 128 2.000000000
23 4119 7 10023 128 2.000000000
24 4120 7 10024 128 2.000000000
25 4121 7 10025 128 2.000000000
26 4122 7 10026 128 2.000000000
27 4123 7 10027 128 2.000000000
28 4124 7 10028 128 2.000000000
29 4125 7 10029 128 2.000000000
30 4126 7 10030 128 2.000000000
31 4127 7 10031 128 2.000000000
0 32768 7 10032 128 2.000000000
8 32776 7 10033 128 2.000000000
16 32784 7 10034 128 2.000000000
24 32792 7 10035 128 2.000000000
0 16384 7 10036 128 2.000000000
8 16392 7 10037 128 2.000000000
16 16400 7 10038 128 2.000000000
24 16408 7 10039 128 2.000000000
0 8192 7 10040 128 2.000000000
8 8200 7 10041 128 2.000000000
16 8208 7 10042 128 2.000000000
24 8216 7 10043 128 2.000000000
0 512 7 10044 128 2.000000000
8 520 7 10045 128 2.000000000
16 528 7 10046 128 2.000000000
24 536 7 10047 128 2.000000000
0 256 7 10048 128 2.000000000
8 264 7 10049 128 2.000000000
16 272 7 10050 128 2.000000000
24 280 7 10051 128 2.000000000
0 128 7 10052 128 2.000000000
8 136 7 10053 128 2.000000000
16 144 7 10054 128 2.000000000
24 152 7 10055 128 2.000000000
0 64 7 10056 128 2.000000000
8 72 7 10057 128 2.000000000
16 80 7 10058 128 2.000000000
24 88 7 10059 128 2.000000000
0 32 7 10060 128 2.000000000
8 40 7 10061 128 2.000000000
16 48 7 10062 128 2.000000000
24 56 7 10063 128 2.000000000
0 16 7 10064 128 2.000000000
16 0 7 10065 128 2.000000000
8 24 7 10066 128 2.000000000
24 8 7 10067 128 2.000000000
0 8 7 10068 128 2.000000000
8 0 7 10069 128 2.000000000
16 24 7 10070 128 2.000000000
24 16 7 10071 128 2.000000000
1 32769 7 10072 128 2.000000000
9 32777 7 10073 128 2.000000000
17 32785 7 10074 128 2.000000000
25 32793 7 10075 128 2.000000000
1 16385 7 10076 128 2.000000000
9 16393 7 10077 128 2.000000000
17 16401 7 10078 128 2.000000000
25 16409 7 10079 128 2.000000000
1 8193 7 10080 128 2.000000000
9 8201 7 10081 128 2.000000000
17 8209 7 10082 128 2.000000000
25 8217 7 10083 128 2.000000000
1 513 7 10084 128 2.000000000
9 521 7 10085 128 2.000000000
17 529 7 10086 128 2.000000000
25 537 7 10087 128 2.000000000
1 257 7 10088 128 2.000000000
9 265 7 10089 128 2.000000000
17 273 7 10090 128 2.000000000
25 281 7 10091 128 2.000000000
1 129 7 10092 128 2.000000000
9 137 7 10093 128 2.000000000
17 145 7 10094 128 2.000000000
25 153 7 10095 128 2.000000000
1 65 7 10096 128 2.000000000
9 73 7 10097 128 2.000000000
17 81 7 10098 128 2.000000000
25 89 7 10099 128 2.000000000
1 33 7 10100 128 2.000000000
9 41 7 10101 128 2.000000000
17 49 7 10102 128 2.000000000
25 57 7 10103 128 2.000000000
1 17 7 10104 128 2.000000000
17 1 7 10105 128 2.000000000
9 25 7 10106 128 2.000000000
25 9 7 10107 128 2.000000000
1 9 7 10108 128 2.000000000
9 1 7 10109 128 2.000000000
17 25 7 10110 128 2.000000000
25 17 7 10111 128 2.000000000
2 32770 7 10112 128 2.000000000
10 32778 7 10113 128 2.000000000
18 32786 7 10114 128 2.000000000
26 32794 7 10115 128 2.000000000
2 16386 7 10116 128 2.000000000
10 16394 7 10117 128 2.000000000
18 16402 7 10118 128 2.000000000
26 16410 7 10119 128 2.000000000
2 8194 7 10120 128 2.000000000
10 8202 7 10121 128 2.000000000
18 8210 7 10122 128 2.000000000
26 8218 7 10123 128 2.000000000
2 514 7 10124 128 2.000000000
10 522 7 10125 128 2.000000000
18 530 7 10126 128 2.000000000
26 538 7 10127 128 2.000000000
2 258 7 10128 128 2.000000000
10 266 7 10129 128 2.000000000
18 274 7 10130 128 2.000000000
26 282 7 10131 128 2.000000000
2 130 7 10132 128 2.000000000
10 138 7 10133 128 2.000000000
18 146 7 10134 128 2.000000000
26 154 7 10135 128 2.000000000
2 66 7 10136 128 2.000000000
10 74 7 10137 128 2.000000000
18 82 7 10138 128 2.000000000
26 90 7 10139 128 2.000000000
2 34 7 10140 128 2.000000000
10 42 7 10141 128 2.000000000
18 50 7 10142 128 2.000000000
26 58 7 10143 128 2.000000000
2 18 7 10144 128 2.000000000
18 2 7 10145 128 2.000000000
10 26 7 10146 128 2.000000000
26 10 7 10147 128 2.000000000
2 10 7 10148 128 2.000000000
10 2 7 10149 128 2.000000000
18 26 7 10150 128 2.000000000
26 18 7 10151 128 2.000000000
3 32771 7 10152 128 2.000000000
11 32779 7 10153 128 2.000000000
19 32787 7 10154 128 2.000000000
27 32795 7 10155 128 2.000000000
3 16387 7 10156 128 2.000000000
11 16395 7 10157 128 2.000000000
19 16403 7 10158 128 2.000000000
27 16411 7 10159 128 2.000000000
3 8195 7 10160 128 2.000000000
11 8203 7 10161 128 2.000000000
19 8211 7 10162 128 2.000000000
27 8219 7 10163 128 2.000000000
3 515 7 10164 128 2.000000000
11 523 7 10165 128 2.000000000
19 531 7 10166 128 2.000000000
27 539 7 10167 128 2.000000000
3 259 7 10168 128 2.000000000
11 267 7 10169 128 2.000000000
19 275 7 10170 128 2.000000000
27 283 7 10171 128 2.000000000
3 131 7 10172 128 2.000000000
11 139 7 10173 128 2.000000000
19 147 7 10174 128 2.000000000
27 155 7 10175 128 2.000000000
3 67 7 10176 128 2.000000000
11 75 7 10177 128 2.000000000
19 83 7 10178 128 2.000000000
27 91 7 10179 128 2.000000000
3 35 7 10180 128 2.000000000
11 43 7 10181 128 2.000000000
19 51 7 10182 128 2.000000000
27 59 7 10183 128 2.000000000
3 19 7 10184 128 2.000000000
19 3 7 10185 128 2.000000000
11 27 7 10186 128 2.000000000
27 11 7 10187 128 2.000000000
3 11 7 10188 128 2.000000000
11 3 7 10189 128 2.000000000
19 27 7 10190 128 2.000000000
27 19 7 10191 128 2.000000000
4 32772 7 10192 128 2.000000000
12 32780 7 10193 128 2.000000000
20 32788 7 10194 128 2.000000000
28 32796 7 10195 128 2.000000000
4 16388 7 10196 128 2.000000000
12 16396 7 10197 128 2.000000000
20 16404 7 10198 128 2.000000000
28 16412 7 10199 128 2.000000000
4 8196 7 10200 128 2.000000000
12 8204 7 10201 128 2.000000000
20 8212 7 10202 128 2.000000000
28 8220 7 10203 128 2.000000000
4 516 7 10204 128 2.000000000
12 524 7 10205 128 2.000000000
20 532 7 10206 128 2.000000000
28 540 7 10207 128 2.000000000
4 260 7 10208 128 2.000000000
12 268 7 10209 128 2.000000000
20 276 7 10210 128 2.000000000
28 284 7 10211 128 2.000000000
4 132 7 10212 128 2.000000000
12 140 7 10213 128 2.000000000
20 148 7 10214 128 2.000000000
28 156 7 10215 128 2.000000000
4 68 7 10216 128 2.000000000
12 76 7 10217 128 2.000000000
20 84 7 10218 128 2.000000000
28 92 7 10219 128 2.000000000
4 36 7 10220 128 2.000000000
12 44 7 10221 128 2.000000000
20 52 7 10222 128 2.000000000
28 60 7 10223 128 2.000000000
4 20 7 10224 128 2.000000000
20 4 7 10225 128 2.000000000
12 28 7 10226 128 2.000000000
28 12 7 10227 128 2.000000000
4 12 7 10228 128 2.000000000
12 4 7 10229 128 2.000000000
20 28 7 10230 128 2.000000000
28 20 7 10231 128 2.000000000
5 32773 7 10232 128 2.000000000
13 32781 7 10233 128 2.000000000
21 32789 7 10234 128 2.000000000
29 32797 7 10235 128 2.000000000
5 16389 7 10236 128 2.000000000
13 16397 7 10237 128 2.000000000
21 16405 7 10238 128 2.000000000
29 16413 7 10239 128 2.000000000
5 8197 7 10240 128 2.000000000
13 8205 7 10241 128 2.000000000
21 8213 7 10242 128 2.000000000
29 8221 7 10243 128 2.000000000
5 517 7 10244 128 2.000000000
13 525 7 10245 128 2.000000000
21 533 7 10246 128 2.000000000
29 541 7 10247 128 2.000000000
5 261 7 10248 128 2.000000000
13 269 7 10249 128 2.000000000
21 277 7 10250 128 2.000000000
29 285 7 10251 128 2.000000000
5 133 7 10252 128 2.000000000
13 141 7 10253 128 2.000000000
21 149 7 10254 128 2.000000000
29 157 7 10255 128 2.000000000
5 69 7 10256 128 2.000000000
13 77 7 10257 128 2.000000000
21 85 7 10258 128 2.000000000
29 93 7 10259 128 2.000000000
5 37 7 10260 128 2.000000000
13 45 7 10261 128 2.000000000
21 53 7 10262 128 2.000000000
29 61 7 10263 128 2.000000000
5 21 7 10264 128 2.000000000
21 5 7 10265 128 2.000000000
13 29 7 10266 128 2.000000000
29 13 7 10267 128 2.000000000
5 13 7 10268 128 2.000000000
13 5 7 10269 128 2.000000000
21 29 7 10270 128 2.000000000
29 21 7 10271 128 2.000000000
6 32774 7 10272 128 2.000000000
14 32782 7 10273 128 2.000000000
22 32790 7 10274 128 2.000000000
30 32798 7 10275 128 2.000000000
6 16390 7 10276 128 2.000000000
14 16398 7 10277 128 2.000000000
22 16406 7 10278 128 2.000000000
30 16414 7 10279 128 2.000000000
6 8198 7 10280 128 2.000000000
14 8206 7 10281 128 2.000000000
22 8214 7 10282 128 2.000000000
30 8222 7 10283 128 2.000000000
6 518 7 10284 128 2.000000000
14 526 7 10285 128 2.000000000
22 534 7 10286 128 2.000000000
30 542 7 10287 128 2.000000000
6 262 7 10288 128 2.000000000
14 270 7 10289 128 2.000000000
22 278 7 10290 128 2.000000000
30 286 7 10291 128 2.000000000
6 134 7 10292 128 2.000000000
14 142 7 10293 128 2.000000000
22 150 7 10294 128 2.000000000
30 158 7 10295 128 2.000000000
6 70 7 10296 128 2.000000000
14 78 7 10297 128 2.000000000
22 86 7 10298 128 2.000000000
30 94 7 10299 128 2.000000000
6 38 7 10300 128 2.000000000
14 46 7 10301 128 2.000000000
22 54 7 10302 128 2.000000000
30 62 7 10303 128 2.000000000
6 22 7 10304 128 2.000000000
22 6 7 10305 128 2.000000000
14 30 7 10306 128 2.000000000
30 14 7 10307 128 2.000000000
6 14 7 10308 128 2.000000000
14 6 7 10309 128 2.000000000
22 30 7 10310 128 2.000000000
30 22 7 10311 128 2.000000000
7 32775 7 10312 128 2.000000000
15 32783 7 10313 128 2.000000000
23 32791 7 10314 128 2.000000000
31 32799 7 10315 128 2.000000000
7 16391 7 10316 128 2.000000000
15 16399 7 10317 128 2.000000000
23 16407 7 10318 128 2.000000000
31 16415 7 10319 128 2.000000000
7 8199 7 10320 128 2.000000000
15 8207 7 10321 128 2.000000000
23 8215 7 10322 128 2.000000000
31 8223 7 10323 128 2.000000000
7 519 7 10324 128 2.000000000
15 527 7 10325 128 2.000000000
23 535 7 10326 128 2.000000000
31 543 7 10327 128 2.000000000
7 263 7 10328 128 2.000000000
15 271 7 10329 128 2.000000000
23 279 7 10330 128 2.000000000
31 287 7 10331 128 2.000000000
7 135 7 10332 128 2.000000000
15 143 7 10333 128 2.000000000
23 151 7 10334 128 2.000000000
31 159 7 10335 128 2.000000000
7 71 7 10336 128 2.000000000
15 79 7 10337 128 2.000000000
23 87 7 10338 128 2.000000000
31 95 7 10339 128 2.000000000
7 39 7 10340 128 2.000000000
15 47 7 10341 128 2.000000000
23 55 7 10342 128 2.000000000
31 63 7 10343 128 2.000000000
7 23 7 10344 128 2.000000000
23 7 7 10345 128 2.000000000
15 31 7 10346 128 2.000000000
31 15 7 10347 128 2.000000000
7 15 7 10348 128 2.000000000
15 7 7 10349 128 2.000000000
23 31 7 10350 128 2.000000000
31 23 7 10351 128 2.000000000
0 8 7 10352 128 2.000000000
0 9 7 10353 128 2.000000000
0 10 7 10354 128 2.000000000
0 11 7 10355 128 2.000000000
0 12 7 10356 128 2.000000000
0 13 7 10357 128 2.000000000
0 14 7 10358 128 2.000000000
0 15 7 10359 128 2.000000000
0 16 7 10360 128 2.000000000
0 17 7 10361 128 2.000000000
0 18 7 10362 128 2.000000000
0 19 7 10363 128 2.000000000
0 20 7 10364 128 2.000000000
0 21 7 10365 128 2.000000000
0 22 7 10366 128 2.000000000
0 23 7 10367 128 2.000000000
0 24 7 10368 128 2.000000000
0 25 7 10369 128 2.000000000
0 26 7 10370 128 2.000000000
0 27 7 10371 128 2.000000000
0 28 7 10372 128 2.000000000
0 29 7 10373 128 2.000000000
0 30 7 10374 128 2.000000000
0 31 7 10375 128 2.000000000
0 32 7 10376 128 2.000000000
0 33 7 10377 128 2.000000000
0 34 7 10378 128 2.000000000
0 35 7 10379 128 2.000000000
0 36 7 10380 128 2.000000000
0 37 7 10381 128 2.000000000
0 38 7 10382 128 2.000000000
0 39 7 10383 128 2.000000000
0 40 7 10384 128 2.000000000
0 41 7 10385 128 2.000000000
0 42 7 10386 128 2.000000000
0 43 7 10387 128 2.000000000
0 44 7 10388 128 2.000000000
0 45 7 10389 128 2.000000000
0 46 7 10390 128 2.000000000
0 47 7 10391 128 2.000000000
0 48 7 10392 128 2.000000000
0 49 7 10393 128 2.000000000
0 50 7 10394 128 2.000000000
0 51 7 10395 128 2.000000000
0 52 7 10396 128 2.000000000
0 53 7 10397 128 2.000000000
0 54 7 10398 128 2.000000000
0 55 7 10399 128 2.000000000
0 56 7 10400 128 2.000000000
0 57 7 10401 128 2.000000000
0 58 7 10402 128 2.000000000
0 59 7 10403 128 2.000000000
0 60 7 10404 128 2.000000000
0 61 7 10405 128 2.000000000
0 62 7 10406 128 2.000000000
0 63 7 10407 128 2.000000000
1 8 7 10408 128 2.000000000
1 9 7 10409 128 2.000000000
1 10 7 10410 128 2.000000000
1 11 7 10411 128 2.000000000
1 12 7 10412 128 2.000000000
1 13 7 10413 128 2.000000000
1 14 7 10414 128 2.000000000
1 15 7 10415 128 2.000000000
1 16 7 10416 128 2.000000000
1 17 7 10417 128 2.000000000
1 18 7 10418 128 2.000000000
1 19 7 10419 128 2.000000000
1 20 7 10420 128 2.000000000
1 21 7 10421 128 2.000000000
1 22 7 10422 128 2.000000000
1 23 7 10423 128 2.000000000
1 24 7 10424 128 2.000000000
1 25 7 10425 128 2.000000000
1 26 7 10426 128 2.000000000
1 27 7 10427 128 2.000000000
1 28 7 10428 128 2.000000000
1 29 7 10429 128 2.000000000
1 30 7 10430 128 2.000000000
1 31 7 10431 128 2.000000000
1 32 7 10432 128 2.000000000
1 33 7 10433 128 2.000000000
1 34 7 10434 128 2.000000000
1 35 7 10435 128 2.000000000
1 36 7 10436 128 2.000000000
1 37 7 10437 128 2.000000000
1 38 7 10438 128 2.000000000
1 39 7 10439 128 2.000000000
1 40 7 10440 128 2.000000000
1 41 7 10441 128 2.000000000
1 42 7 10442 128 2.000000000
1 43 7 10443 128 2.000000000
1 44 7 10444 128 2.000000000
1 45 7 10445 128 2.000000000
1 46 7 10446 128 2.000000000
1 47 7 10447 128 2.000000000
1 48 7 10448 128 2.000000000
1 49 7 10449 128 2.000000000
1 50 7 10450 128 2.000000000
1 51 7 10451 128 2.000000000
1 52 7 10452 128 2.000000000
1 53 7 10453 128 2.000000000
1 54 7 10454 128 2.000000000
1 55 7 10455 128 2.000000000
1 56 7 10456 128 2.000000000
1 57 7 10457 128 2.000000000
1 58 7 10458 128 2.000000000
1 59 7 10459 128 2.000000000
1 60 7 10460 128 2.000000000
1 61 7 10461 128 2.000000000
1 62 7 10462 128 2.000000000
1 63 7 10463 128 2.000000000
2 8 7 10464 128 2.000000000
2 9 7 10465 128 2.000000000
2 10 7 10466 128 2.000000000
2 11 7 10467 128 2.000000000
2 12 7 10468 128 2.000000000
2 13 7 10469 128 2.000000000
2 14 7 10470 128 2.000000000
2 15 7 10471 128 2.000000000
2 16 7 10472 128 2.000000000
2 17 7 10473 128 2.000000000
2 18 7 10474 128 2.000000000
2 19 7 10475 128 2.000000000
2 20 7 10476 128 2.000000000
2 21 7 10477 128 2.000000000
2 22 7 10478 128 2.000000000
2 23 7 10479 128 2.000000000
2 24 7 10480 128 2.000000000
2 25 7 10481 128 2.000000000
2 26 7 10482 128 2.000000000
2 27 7 10483 128 2.000000000
2 28 7 10484 128 2.000000000
2 29 7 10485 128 2.000000000
2 30 7 10486 128 2.000000000
2 31 7 10487 128 2.000000000
2 32 7 10488 128 2.000000000
2 33 7 10489 128 2.000000000
2 34 7 10490 128 2.000000000
2 35 7 10491 128 2.000000000
2 36 7 10492 128 2.000000000
2 37 7 10493 128 2.000000000
2 38 7 10494 128 2.000000000
2 39 7 10495 128 2.000000000
2 40 7 10496 128 2.000000000
2 41 7 10497 128 2.000000000
2 42 7 10498 128 2.000000000
2 43 7 10499 128 2.000000000
2 44 7 10500 128 2.000000000
2 45 7 10501 128 2.000000000
2 46 7 10502 128 2.000000000
2 47 7 10503 128 2.000000000
2 48 7 10504 128 2.000000000
2 49 7 10505 128 2.000000000
2 50 7 10506 128 2.000000000
2 51 7 10507 128 2.000000000
2 52 7 10508 128 2.000000000
2 53 7 10509 128 2.000000000
2 54 7 10510 128 2.000000000
2 55 7 10511 128 2.000000000
2 56 7 10512 128 2.000000000
2 57 7 10513 128 2.000000000
2 58 7 10514 128 2.000000000
2 59 7 10515 128 2.000000000
2 60 7 10516 128 2.000000000
2 61 7 10517 128 2.000000000
2 62 7 10518 128 2.000000000
2 63 7 10519 128 2.000000000
3 8 7 10520 128 2.000000000
3 9 7 10521 128 2.000000000
3 10 7 10522 128 2.000000000
3 11 7 10523 128 2.000000000
3 12 7 10524 128 2.000000000
3 13 7 10525 128 2.000000000
3 14 7 10526 128 2.000000000
3 15 7 10527 128 2.000000000
3 16 7 10528 128 2.000000000
3 17 7 10529 128 2.000000000
3 18 7 10530 128 2.000000000
3 19 7 10531 128 2.000000000
3 20 7 10532 128 2.000000000
3 21 7 10533 128 2.000000000
3 22 7 10534 128 2.000000000
3 23 7 10535 128 2.000000000
3 24 7 10536 128 2.000000000
3 25 7 10537 128 2.000000000
3 26 7 10538 128 2.000000000
3 27 7 10539 128 2.000000000
3 28 7 10540 128 2.000000000
3 29 7 10541 128 2.000000000
3 30 7 10542 128 2.000000000
3 31 7 10543 128 2.000000000
3 32 7 10544 128 2.000000000
3 33 7 10545 128 2.000000000
3 34 7 10546 128 2.000000000
3 35 7 10547 128 2.000000000
3 36 7 10548 128 2.000000000
3 37 7 10549 128 2.000000000
3 38 7 10550 128 2.000000000
3 39 7 10551 128 2.000000000
3 40 7 10552 128 2.000000000
3 41 7 10553 128 2.000000000
3 42 7 10554 128 2.000000000
3 43 7 10555 128 2.000000000
3 44 7 10556 128 2.000000000
3 45 7 10557 128 2.000000000
3 46 7 10558 128 2.000000000
3 47 7 10559 128 2.000000000
3 48 7 10560 128 2.000000000
3 49 7 10561 128 2.000000000
3 50 7 10562 128 2.000000000
3 51 7 10563 128 2.000000000
3 52 7 10564 128 2.000000000
3 53 7 10565 128 2.000000000
3 54 7 10566 128 2.000000000
3 55 7 10567 128 2.000000000
3 56 7 10568 128 2.000000000
3 57 7 10569 128 2.000000000
3 58 7 10570 128 2.000000000
3 59 7 10571 128 2.000000000
3 60 7 10572 128 2.000000000
3 61 7 10573 128 2.000000000
3 62 7 10574 128 2.000000000
3 63 7 10575 128 2.000000000
4 8 7 10576 128 2.000000000
4 9 7 10577 128 2.000000000
4 10 7 10578 128 2.000000000
4 11 7 10579 128 2.000000000
4 12 7 10580 128 2.000000000
4 13 7 10581 128 2.000000000
4 14 7 10582 128 2.000000000
4 15 7 10583 128 2.000000000
4 16 7 10584 128 2.000000000
4 17 7 10585 128 2.000000000
4 18 7 10586 128 2.000000000
4 19 7 10587 128 2.000000000
4 20 7 10588 128 2.000000000
4 21 7 10589 128 2.000000000
4 22 7 10590 128 2.000000000
4 23 7 10591 128 2.000000000
4 24 7 10592 128 2.000000000
4 25 7 10593 128 2.000000000
4 26 7 10594 128 2.000000000
4 27 7 10595 128 2.000000000
4 28 7 10596 128 2.000000000
4 29 7 10597 128 2.000000000
4 30 7 10598 128 2.000000000
4 31 7 10599 128 2.000000000
4 32 7 10600 128 2.000000000
4 33 7 10601 128 2.000000000
4 34 7 10602 128 2.000000000
4 35 7 10603 128 2.000000000
4 36 7 10604 128 2.000000000
4 37 7 10605 128 2.000000000
4 38 7 10606 128 2.000000000
4 39 7 10607 128 2.000000000
4 40 7 10608 128 2.000000000
4 41 7 10609 128 2.000000000
4 42 7 10610 128 2.000000000
4 43 7 10611 128 2.000000000
4 44 7 10612 128 2.000000000
4 45 7 10613 128 2.000000000
4 46 7 10614 128 2.000000000
4 47 7 10615 128 2.000000000
4 48 7 10616 128 2.000000000
4 49 7 10617 128 2.000000000
4 50 7 10618 128 2.000000000
4 51 7 10619 128 2.000000000
4 52 7 10620 128 2.000000000
4 53 7 10621 128 2.000000000
4 54 7 10622 128 2.000000000
4 55 7 10623 128 2.000000000
4 56 7 10624 128 2.000000000
4 57 7 10625 128 2.000000000
4 58 7 10626 128 2.000000000
4 59 7 10627 128 2.000000000
4 60 7 10628 128 2.000000000
4 61 7 10629 128 2.000000000
4 62 7 10630 128 2.000000000
4 63 7 10631 128 2.000000000
5 8 7 10632 128 2.000000000
5 9 7 10633 128 2.000000000
5 10 7 10634 128 2.000000000
5 11 7 10635 128 2.000000000
5 12 7 10636 128 2.000000000
5 13 7 10637 128 2.000000000
5 14 7 10638 128 2.000000000
5 15 7 10639 128 2.000000000
5 16 7 10640 128 2.000000000
5 17 7 10641 128 2.000000000
5 18 7 10642 128 2.000000000
5 19 7 10643 128 2.000000000
5 20 7 10644 128 2.000000000
5 21 7 10645 128 2.000000000
5 22 7 10646 128 2.000000000
5 23 7 10647 128 2.000000000
5 24 7 10648 128 2.000000000
5 25 7 10649 128 2.000000000
5 26 7 10650 128 2.000000000
5 27 7 10651 128 2.000000000
5 28 7 10652 128 2.000000000
5 29 7 10653 128 2.000000000
5 30 7 10654 128 2.000000000
5 31 7 10655 128 2.000000000
5 32 7 10656 128 2.000000000
5 33 7 10657 128 2.000000000
5 34 7 10658 128 2.000000000
5 35 7 10659 128 2.000000000
5 36 7 10660 128 2.000000000
5 37 7 10661 128 2.000000000
5 38 7 10662 128 2.000000000
5 39 7 10663 128 2.000000000
5 40 7 10664 128 2.000000000
5 41 7 10665 128 2.000000000
5 42 7 10666 128 2.000000000
5 43 7 10667 128 2.000000000
5 44 7 10668 128 2.000000000
5 45 7 10669 128 2.000000000
5 46 7 10670 128 2.000000000
5 47 7 10671 128 2.000000000
5 48 7 10672 128 2.000000000
5 49 7 10673 128 2.000000000
5 50 7 10674 128 2.000000000
5 51 7 10675 128 2.000000000
5 52 7 10676 128 2.000000000
5 53 7 10677 128 2.000000000
5 54 7 10678 128 2.000000000
5 55 7 10679 128 2.000000000
5 56 7 10680 128 2.000000000
5 57 7 10681 128 2.000000000
5 58 7 10682 128 2.000000000
5 59 7 10683 128 2.000000000
5 60 7 10684 128 2.000000000
5 61 7 10685 128 2.000000000
5 62 7 10686 128 2.000000000
5 63 7 10687 128 2.000000000
6 8 7 10688 128 2.000000000
6 9 7 10689 128 2.000000000
6 10 7 10690 128 2.000000000
6 11 7 10691 128 2.000000000
6 12 7 10692 128 2.000000000
6 13 7 10693 128 2.000000000
6 14 7 10694 128 2.000000000
6 15 7 10695 128 2.000000000
6 16 7 10696 128 2.000000000
6 17 7 10697 128 2.000000000
6 18 7 10698 128 2.000000000
6 19 7 10699 128 2.000000000
6 20 7 10700 128 2.000000000
6 21 7 10701 128 2.000000000
6 22 7 10702 128 2.000000000
6 23 7 10703 128 2.000000000
6 24 7 10704 128 2.000000000
6 25 7 10705 128 2.000000000
6 26 7 10706 128 2.000000000
6 27 7 10707 128 2.000000000
6 28 7 10708 128 2.000000000
6 29 7 10709 128 2.000000000
6 30 7 10710 128 2.000000000
6 31 7 10711 128 2.000000000
6 32 7 10712 128 2.000000000
6 33 7 10713 128 2.000000000
6 34 7 10714 128 2.000000000
6 35 7 10715 128 2.000000000
6 36 7 10716 128 2.000000000
6 37 7 10717 128 2.000000000
6 38 7 10718 128 2.000000000
6 39 7 10719 128 2.000000000
6 40 7 10720 128 2.000000000
6 41 7 10721 128 2.000000000
6 42 7 10722 128 2.000000000
6 43 7 10723 128 2.000000000
6 44 7 10724 128 2.000000000
6 45 7 10725 128 2.000000000
6 46 7 10726 128 2.000000000
6 47 7 10727 128 2.000000000
6 48 7 10728 128 2.000000000
6 49 7 10729 128 2.000000000
6 50 7 10730 128 2.000000000
6 51 7 10731 128 2.000000000
6 52 7 10732 128 2.000000000
6 53 7 10733 128 2.000000000
6 54 7 10734 128 2.000000000
6 55 7 10735 128 2.000000000
6 56 7 10736 128 2.000000000
6 57 7 10737 128 2.000000000
6 58 7 10738 128 2.000000000
6 59 7 10739 128 2.000000000
6 60 7 10740 128 2.000000000
6 61 7 10741 128 2.000000000
6 62 7 10742 128 2.000000000
6 63 7 10743 128 2.000000000
7 8 7 10744 128 2.000000000
7 9 7 10745 128 2.000000000
7 10 7 10746 128 2.000000000
7 11 7 10747 128 2.000000000
7 12 7 10748 128 2.000000000
7 13 7 10749 128 2.000000000
7 14 7 10750 128 2.000000000
7 15 7 10751 128 2.000000000
7 16 7 10752 128 2.000000000
7 17 7 10753 128 2.000000000
7 18 7 10754 128 2.000000000
7 19 7 10755 128 2.000000000
7 20 7 10756 128 2.000000000
7 21 7 10757 128 2.000000000
7 22 7 10758 128 2.000000000
7 23 7 10759 128 2.000000000
7 24 7 10760 128 2.000000000
7 25 7 10761 128 2.000000000
7 26 7 10762 128 2.000000000
7 27 7 10763 128 2.000000000
7 28 7 10764 128 2.000000000
7 29 7 10765 128 2.000000000
7 30 7 10766 128 2.000000000
7 31 7 10767 128 2.000000000
7 32 7 10768 128 2.000000000
7 33 7 10769 128 2.000000000
7 34 7 10770 128 2.000000000
7 35 7 10771 128 2.000000000
7 36 7 10772 128 2.000000000
7 37 7 10773 128 2.000000000
7 38 7 10774 128 2.000000000
7 39 7 10775 128 2.000000000
7 40 7 10776 128 2.000000000
7 41 7 10777 128 2.000000000
7 42 7 10778 128 2.000000000
7 43 7 10779 128 2.000000000
7 44 7 10780 128 2.000000000
7 45 7 10781 128 2.000000000
7 46 7 10782 128 2.000000000
7 47 7 10783 128 2.000000000
7 48 7 10784 128 2.000000000
7 49 7 10785 128 2.000000000
7 50 7 10786 128 2.000000000
7 51 7 10787 128 2.000000000
7 52 7 10788 128 2.000000000
7 53 7 10789 128 2.000000000
7 54 7 10790 128 2.000000000
7 55 7 10791 128 2.000000000
7 56 7 10792 128 2.000000000
7 57 7 10793 128 2.000000000
7 58 7 10794 128 2.000000000
7 59 7 10795 128 2.000000000
7 60 7 10796 128 2.000000000
7 61 7 10797 128 2.000000000
7 62 7 10798 128 2.000000000
7 63 7 10799 128 2.000000000
8 0 7 10800 128 2.000000000
8 1 7 10801 128 2.000000000
8 2 7 10802 128 2.000000000
8 3 7 10803 128 2.000000000
8 4 7 10804 128 2.000000000
8 5 7 10805 128 2.000000000
8 6 7 10806 128 2.000000000
8 7 7 10807 128 2.000000000
8 16 7 10808 128 2.000000000
8 17 7 10809 128 2.000000000
8 18 7 10810 128 2.000000000
8 19 7 10811 128 2.000000000
8 20 7 10812 128 2.000000000
8 21 7 10813 128 2.000000000
8 22 7 10814 128 2.000000000
8 23 7 10815 128 2.000000000
8 24 7 10816 128 2.000000000
8 25 7 10817 128 2.000000000
8 26 7 10818 128 2.000000000
8 27 7 10819 128 2.000000000
8 28 7 10820 128 2.000000000
8 29 7 10821 128 2.000000000
8 30 7 10822 128 2.000000000
8 31 7 10823 128 2.000000000
8 32 7 10824 128 2.000000000
8 33 7 10825 128 2.000000000
8 34 7 10826 128 2.000000000
8 35 7 10827 128 2.000000000
8 36 7 10828 128 2.000000000
8 37 7 10829 128 2.000000000
8 38 7 10830 128 2.000000000
8 39 7 10831 128 2.000000000
8 40 7 10832 128 2.000000000
8 41 7 10833 128 2.000000000
8 42 7 10834 128 2.000000000
8 43 7 10835 128 2.000000000
8 44 7 10836 128 2.000000000
8 45 7 10837 128 2.000000000
8 46 7 10838 128 2.000000000
8 47 7 10839 128 2.000000000
8 48 7 10840 128 2.000000000
8 49 7 10841 128 2.000000000
8 50 7 10842 128 2.000000000
8 51 7 10843 128 2.000000000
8 52 7 10844 128 2.000000000
8 53 7 10845 128 2.000000000
8 54 7 10846 128 2.000000000
8 55 7 10847 128 2.000000000
8 56 7 10848 128 2.000000000
8 57 7 10849 128 2.000000000
8 58 7 10850 128 2.000000000
8 59 7 10851 128 2.000000000
8 60 7 10852 128 2.000000000
8 61 7 10853 128 2.000000000
8 62 7 10854 128 2.000000000
8 63 7 10855 128 2.000000000
9 0 7 10856 128 2.000000000
9 1 7 10857 128 2.000000000
9 2 7 10858 128 2.000000000
9 3 7 10859 128 2.000000000
9 4 7 10860 128 2.000000000
9 5 7 10861 128 2.000000000
9 6 7 10862 128 2.000000000
9 7 7 10863 128 2.000000000
9 16 7 10864 128 2.000000000
9 17 7 10865 128 2.000000000
9 18 7 10866 128 2.000000000
9 19 7 10867 128 2.000000000
9 20 7 10868 128 2.000000000
9 21 7 10869 128 2.000000000
9 22 7 10870 128 2.000000000
9 23 7 10871 128 2.000000000
9 24 7 10872 128 2.000000000
9 25 7 10873 128 2.000000000
9 26 7 10874 128 2.000000000
9 27 7 10875 128 2.000000000
9 28 7 10876 128 2.000000000
9 29 7 10877 128 2.000000000
9 30 7 10878 128 2.000000000
9 31 7 10879 128 2.000000000
9 32 7 10880 128 2.000000000
9 33 7 10881 128 2.000000000
9 34 7 10882 128 2.000000000
9 35 7 10883 128 2.000000000
9 36 7 10884 128 2.000000000
9 37 7 10885 128 2.000000000
9 38 7 10886 128 2.000000000
9 39 7 10887 128 2.000000000
9 40 7 10888 128 2.000000000
9 41 7 10889 128 2.000000000
9 42 7 10890 128 2.000000000
9 43 7 10891 128 2.000000000
9 44 7 10892 128 2.000000000
9 45 7 10893 128 2.000000000
9 46 7 10894 128 2.000000000
9 47 7 10895 128 2.000000000
9 48 7 10896 128 2.000000000
9 49 7 10897 128 2.000000000
9 50 7 10898 128 2.000000000
9 51 7 10899 128 2.000000000
9 52 7 10900 128 2.000000000
9 53 7 10901 128 2.000000000
9 54 7 10902 128 2.000000000
9 55 7 10903 128 2.000000000
9 56 7 10904 128 2.000000000
9 57 7 10905 128 2.000000000
9 58 7 10906 128 2.000000000
9 59 7 10907 128 2.000000000
9 60 7 10908 128 2.000000000
9 61 7 10909 128 2.000000000
9 62 7 10910 128 2.000000000
9 63 7 10911 128 2.000000000
10 0 7 10912 128 2.000000000
10 1 7 10913 128 2.000000000
10 2 7 10914 128 2.000000000
10 3 7 10915 128 2.000000000
10 4 7 10916 128 2.000000000
10 5 7 10917 128 2.000000000
10 6 7 10918 128 2.000000000
10 7 7 10919 128 2.000000000
10 16 7 10920 128 2.000000000
10 17 7 10921 128 2.000000000
10 18 7 10922 128 2.000000000
10 19 7 10923 128 2.000000000
10 20 7 10924 128 2.000000000
10 21 7 10925 128 2.000000000
10 22 7 10926 128 2.000000000
10 23 7 10927 128 2.000000000
10 24 7 10928 128 2.000000000
10 25 7 10929 128 2.000000000
10 26 7 10930 128 2.000000000
10 27 7 10931 128 2.000000000
10 28 7 10932 128 2.000000000
10 29 7 10933 128 2.000000000
10 30 7 10934 128 2.000000000
10 31 7 10935 128 2.000000000
10 32 7 10936 128 2.000000000
10 33 7 10937 128 2.000000000
10 34 7 10938 128 2.000000000
10 35 7 10939 128 2.000000000
10 36 7 10940 128 2.000000000
10 37 7 10941 128 2.000000000
10 38 7 10942 128 2.000000000
10 39 7 10943 128 2.000000000
10 40 7 10944 128 2.000000000
10 41 7 10945 128 2.000000000
10 42 7 10946 128 2.000000000
10 43 7 10947 128 2.000000000
10 44 7 10948 128 2.000000000
10 45 7 10949 128 2.000000000
10 46 7 10950 128 2.000000000
10 47 7 10951 128 2.000000000
10 48 7 10952 128 2.000000000
10 49 7 10953 128 2.000000000
10 50 7 10954 128 2.000000000
10 51 7 10955 128 2.000000000
10 52 7 10956 128 2.000000000
10 53 7 10957 128 2.000000000
10 54 7 10958 128 2.000000000
10 55 7 10959 128 2.000000000
10 56 7 10960 128 2.000000000
10 57 7 10961 128 2.000000000
10 58 7 10962 128 2.000000000
10 59 7 10963 128 2.000000000
10 60 7 10964 128 2.000000000
10 61 7 10965 128 2.000000000
10 62 7 10966 128 2.000000000
10 63 7 10967 128 2.000000000
11 0 7 10968 128 2.000000000
11 1 7 10969 128 2.000000000
11 2 7 10970 128 2.000000000
11 3 7 10971 128 2.000000000
11 4 7 10972 128 2.000000000
11 5 7 10973 128 2.000000000
11 6 7 10974 128 2.000000000
11 7 7 10975 128 2.000000000
11 16 7 10976 128 2.000000000
11 17 7 10977 128 2.000000000
11 18 7 10978 128 2.000000000
11 19 7 10979 128 2.000000000
11 20 7 10980 128 2.000000000
11 21 7 10981 128 2.000000000
11 22 7 10982 128 2.000000000
11 23 7 10983 128 2.000000000
11 24 7 10984 128 2.000000000
11 25 7 10985 128 2.000000000
11 26 7 10986 128 2.000000000
11 27 7 10987 128 2.000000000
11 28 7 10988 128 2.000000000
11 29 7 10989 128 2.000000000
11 30 7 10990 128 2.000000000
11 31 7 10991 128 2.000000000
11 32 7 10992 128 2.000000000
11 33 7 10993 128 2.000000000
11 34 7 10994 128 2.000000000
11 35 7 10995 128 2.000000000
11 36 7 10996 128 2.000000000
11 37 7 10997 128 2.000000000
11 38 7 10998 128 2.000000000
11 39 7 10999 128 2.000000000
11 40 7 11000 128 2.000000000
11 41 7 11001 128 2.000000000
11 42 7 11002 128 2.000000000
11 43 7 11003 128 2.000000000
11 44 7 11004 128 2.000000000
11 45 7 11005 128 2.000000000
11 46 7 11006 128 2.000000000
11 47 7 11007 128 2.000000000
11 48 7 11008 128 2.000000000
11 49 7 11009 128 2.000000000
11 50 7 11010 128 2.000000000
11 51 7 11011 128 2.000000000
11 52 7 11012 128 2.000000000
11 53 7 11013 128 2.000000000
11 54 7 11014 128 2.000000000
11 55 7 11015 128 2.000000000
11 56 7 11016 128 2.000000000
11 57 7 11017 128 2.000000000
11 58 7 11018 128 2.000000000
11 59 7 11019 128 2.000000000
11 60 7 11020 128 2.000000000
11 61 7 11021 128 2.000000000
11 62 7 11022 128 2.000000000
11 63 7 11023 128 2.000000000
12 0 7 11024 128 2.000000000
12 1 7 11025 128 2.000000000
12 2 7 11026 128 2.000000000
12 3 7 11027 128 2.000000000
12 4 7 11028 128 2.000000000
12 5 7 11029 128 2.000000000
12 6 7 11030 128 2.000000000
12 7 7 11031 128 2.000000000
12 16 7 11032 128 2.000000000
12 17 7 11033 128 2.000000000
12 18 7 11034 128 2.000000000
12 19 7 11035 128 2.000000000
12 20 7 11036 128 2.000000000
12 21 7 11037 128 2.000000000
12 22 7 11038 128 2.000000000
12 23 7 11039 128 2.000000000
12 24 7 11040 128 2.000000000
12 25 7 11041 128 2.000000000
12 26 7 11042 128 2.000000000
12 27 7 11043 128 2.000000000
12 28 7 11044 128 2.000000000
12 29 7 11045 128 2.000000000
12 30 7 11046 128 2.000000000
12 31 7 11047 128 2.000000000
12 32 7 11048 128 2.000000000
12 33 7 11049 128 2.000000000
12 34 7 11050 128 2.000000000
12 35 7 11051 128 2.000000000
12 36 7 11052 128 2.000000000
12 37 7 11053 128 2.000000000
12 38 7 11054 128 2.000000000
12 39 7 11055 128 2.000000000
12 40 7 11056 128 2.000000000
12 41 7 11057 128 2.000000000
12 42 7 11058 128 2.000000000
12 43 7 11059 128 2.000000000
12 44 7 11060 128 2.000000000
12 45 7 11061 128 2.000000000
12 46 7 11062 128 2.000000000
12 47 7 11063 128 2.000000000
12 48 7 11064 128 2.000000000
12 49 7 11065 128 2.000000000
12 50 7 11066 128 2.000000000
12 51 7 11067 128 2.000000000
12 52 7 11068 128 2.000000000
12 53 7 11069 128 2.000000000
12 54 7 11070 128 2.000000000
12 55 7 11071 128 2.000000000
12 56 7 11072 128 2.000000000
12 57 7 11073 128 2.000000000
12 58 7 11074 128 2.000000000
12 59 7 11075 128 2.000000000
12 60 7 11076 128 2.000000000
12 61 7 11077 128 2.000000000
12 62 7 11078 128 2.000000000
12 63 7 11079 128 2.000000000
13 0 7 11080 128 2.000000000
13 1 7 11081 128 2.000000000
13 2 7 11082 128 2.000000000
13 3 7 11083 128 2.000000000
13 4 7 11084 128 2.000000000
13 5 7 11085 128 2.000000000
13 6 7 11086 128 2.000000000
13 7 7 11087 128 2.000000000
13 16 7 11088 128 2.000000000
13 17 7 11089 128 2.000000000
13 18 7 11090 128 2.000000000
13 19 7 11091 128 2.000000000
13 20 7 11092 128 2.000000000
13 21 7 11093 128 2.000000000
13 22 7 11094 128 2.000000000
13 23 7 11095 128 2.000000000
13 24 7 11096 128 2.000000000
13 25 7 11097 128 2.000000000
13 26 7 11098 128 2.000000000
13 27 7 11099 128 2.000000000
13 28 7 11100 128 2.000000000
13 29 7 11101 128 2.000000000
13 30 7 11102 128 2.000000000
13 31 7 11103 128 2.000000000
13 32 7 11104 128 2.000000000
13 33 7 11105 128 2.000000000
13 34 7 11106 128 2.000000000
13 35 7 11107 128 2.000000000
13 36 7 11108 128 2.000000000
13 37 7 11109 128 2.000000000
13 38 7 11110 128 2.000000000
13 39 7 11111 128 2.000000000
13 40 7 11112 128 2.000000000
13 41 7 11113 128 2.000000000
13 42 7 11114 128 2.000000000
13 43 7 11115 128 2.000000000
13 44 7 11116 128 2.000000000
13 45 7 11117 128 2.000000000
13 46 7 11118 128 2.000000000
13 47 7 11119 128 2.000000000
13 48 7 11120 128 2.000000000
13 49 7 11121 128 2.000000000
13 50 7 11122 128 2.000000000
13 51 7 11123 128 2.000000000
13 52 7 11124 128 2.000000000
13 53 7 11125 128 2.000000000
13 54 7 11126 128 2.000000000
13 55 7 11127 128 2.000000000
13 56 7 11128 128 2.000000000
13 57 7 11129 128 2.000000000
13 58 7 11130 128 2.000000000
13 59 7 11131 128 2.000000000
13 60 7 11132 128 2.000000000
13 61 7 11133 128 2.000000000
13 62 7 11134 128 2.000000000
13 63 7 11135 128 2.000000000
14 0 7 11136 128 2.000000000
14 1 7 11137 128 2.000000000
14 2 7 11138 128 2.000000000
14 3 7 11139 128 2.000000000
14 4 7 11140 128 2.000000000
14 5 7 11141 128 2.000000000
14 6 7 11142 128 2.000000000
14 7 7 11143 128 2.000000000
14 16 7 11144 128 2.000000000
14 17 7 11145 128 2.000000000
14 18 7 11146 128 2.000000000
14 19 7 11147 128 2.000000000
14 20 7 11148 128 2.000000000
14 21 7 11149 128 2.000000000
14 22 7 11150 128 2.000000000
14 23 7 11151 128 2.000000000
14 24 7 11152 128 2.000000000
14 25 7 11153 128 2.000000000
14 26 7 11154 128 2.000000000
14 27 7 11155 128 2.000000000
14 28 7 11156 128 2.000000000
14 29 7 11157 128 2.000000000
14 30 7 11158 128 2.000000000
14 31 7 11159 128 2.000000000
14 32 7 11160 128 2.000000000
14 33 7 11161 128 2.000000000
14 34 7 11162 128 2.000000000
14 35 7 11163 128 2.000000000
14 36 7 11164 128 2.000000000
14 37 7 11165 128 2.000000000
14 38 7 11166 128 2.000000000
14 39 7 11167 128 2.000000000
14 40 7 11168 128 2.000000000
14 41 7 11169 128 2.000000000
14 42 7 11170 128 2.000000000
14 43 7 11171 128 2.000000000
14 44 7 11172 128 2.000000000
14 45 7 11173 128 2.000000000
14 46 7 11174 128 2.000000000
14 47 7 11175 128 2.000000000
14 48 7 11176 128 2.000000000
14 49 7 11177 128 2.000000000
14 50 7 11178 128 2.000000000
14 51 7 11179 128 2.000000000
14 52 7 11180 128 2.000000000
14 53 7 11181 128 2.000000000
14 54 7 11182 128 2.000000000
14 55 7 11183 128 2.000000000
14 56 7 11184 128 2.000000000
14 57 7 11185 128 2.000000000
14 58 7 11186 128 2.000000000
14 59 7 11187 128 2.000000000
14 60 7 11188 128 2.000000000
14 61 7 11189 128 2.000000000
14 62 7 11190 128 2.000000000
14 63 7 11191 128 2.000000000
15 0 7 11192 128 2.000000000
15 1 7 11193 128 2.000000000
15 2 7 11194 128 2.000000000
15 3 7 11195 128 2.000000000
15 4 7 11196 128 2.000000000
15 5 7 11197 128 2.000000000
15 6 7 11198 128 2.000000000
15 7 7 11199 128 2.000000000
15 16 7 11200 128 2.000000000
15 17 7 11201 128 2.000000000
15 18 7 11202 128 2.000000000
15 19 7 11203 128 2.000000000
15 20 7 11204 128 2.000000000
15 21 7 11205 128 2.000000000
15 22 7 11206 128 2.000000000
15 23 7 11207 128 2.000000000
15 24 7 11208 128 2.000000000
15 25 7 11209 128 2.000000000
15 26 7 11210 128 2.000000000
15 27 7 11211 128 2.000000000
15 28 7 11212 128 2.000000000
15 29 7 11213 128 2.000000000
15 30 7 11214 128 2.000000000
15 31 7 11215 128 2.000000000
15 32 7 11216 128 2.000000000
15 33 7 11217 128 2.000000000
15 34 7 11218 128 2.000000000
15 35 7 11219 128 2.000000000
15 36 7 11220 128 2.000000000
15 37 7 11221 128 2.000000000
15 38 7 11222 128 2.000000000
15 39 7 11223 128 2.000000000
15 40 7 11224 128 2.000000000
15 41 7 11225 128 2.000000000
15 42 7 11226 128 2.000000000
15 43 7 11227 128 2.000000000
15 44 7 11228 128 2.000000000
15 45 7 11229 128 2.000000000
15 46 7 11230 128 2.000000000
15 47 7 11231 128 2.000000000
15 48 7 11232 128 2.000000000
15 49 7 11233 128 2.000000000
15 50 7 11234 128 2.000000000
15 51 7 11235 128 2.000000000
15 52 7 11236 128 2.000000000
15 53 7 11237 128 2.000000000
15 54 7 11238 128 2.000000000
15 55 7 11239 128 2.000000000
15 56 7 11240 128 2.000000000
15 57 7 11241 128 2.000000000
15 58 7 11242 128 2.000000000
15 59 7 11243 128 2.000000000
15 60 7 11244 128 2.000000000
15 61 7 11245 128 2.000000000
15 62 7 11246 128 2.000000000
15 63 7 11247 128 2.000000000
16 0 7 11248 128 2.000000000
16 1 7 11249 128 2.000000000
16 2 7 11250 128 2.000000000
16 3 7 11251 128 2.000000000
16 4 7 11252 128 2.000000000
16 5 7 11253 128 2.000000000
16 6 7 11254 128 2.000000000
16 7 7 11255 128 2.000000000
16 8 7 11256 128 2.000000000
16 9 7 11257 128 2.000000000
16 10 7 11258 128 2.000000000
16 11 7 11259 128 2.000000000
16 12 7 11260 128 2.000000000
16 13 7 11261 128 2.000000000
16 14 7 11262 128 2.000000000
16 15 7 11263 128 2.000000000
16 24 7 11264 128 2.000000000
16 25 7 11265 128 2.000000000
16 26 7 11266 128 2.000000000
16 27 7 11267 128 2.000000000
16 28 7 11268 128 2.000000000
16 29 7 11269 128 2.000000000
16 30 7 11270 128 2.000000000
16 31 7 11271 128 2.000000000
16 32 7 11272 128 2.000000000
16 33 7 11273 128 2.000000000
16 34 7 11274 128 2.000000000
16 35 7 11275 128 2.000000000
16 36 7 11276 128 2.000000000
16 37 7 11277 128 2.000000000
16 38 7 11278 128 2.000000000
16 39 7 11279 128 2.000000000
16 40 7 11280 128 2.000000000
16 41 7 11281 128 2.000000000
16 42 7 11282 128 2.000000000
16 43 7 11283 128 2.000000000
16 44 7 11284 128 2.000000000
16 45 7 11285 128 2.000000000
16 46 7 11286 128 2.000000000
16 47 7 11287 128 2.000000000
16 48 7 11288 128 2.000000000
16 49 7 11289 128 2.000000000
16 50 7 11290 128 2.000000000
16 51 7 11291 128 2.000000000
16 52 7 11292 128 2.000000000
16 53 7 11293 128 2.000000000
16 54 7 11294 128 2.000000000
16 55 7 11295 128 2.000000000
16 56 7 11296 128 2.000000000
16 57 7 11297 128 2.000000000
16 58 7 11298 128 2.000000000
16 59 7 11299 128 2.000000000
16 60 7 11300 128 2.000000000
16 61 7 11301 128 2.000000000
16 62 7 11302 128 2.000000000
16 63 7 11303 128 2.000000000
17 0 7 11304 128 2.000000000
17 1 7 11305 128 2.000000000
17 2 7 11306 128 2.000000000
17 3 7 11307 128 2.000000000
17 4 7 11308 128 2.000000000
17 5 7 11309 128 2.000000000
17 6 7 11310 128 2.000000000
17 7 7 11311 128 2.000000000
17 8 7 11312 128 2.000000000
17 9 7 11313 128 2.000000000
17 10 7 11314 128 2.000000000
17 11 7 11315 128 2.000000000
17 12 7 11316 128 2.000000000
17 13 7 11317 128 2.000000000
17 14 7 11318 128 2.000000000
17 15 7 11319 128 2.000000000
17 24 7 11320 128 2.000000000
17 25 7 11321 128 2.000000000
17 26 7 11322 128 2.000000000
17 27 7 11323 128 2.000000000
17 28 7 11324 128 2.000000000
17 29 7 11325 128 2.000000000
17 30 7 11326 128 2.000000000
17 31 7 11327 128 2.000000000
17 32 7 11328 128 2.000000000
17 33 7 11329 128 2.000000000
17 34 7 11330 128 2.000000000
17 35 7 11331 128 2.000000000
17 36 7 11332 128 2.000000000
17 37 7 11333 128 2.000000000
17 38 7 11334 128 2.000000000
17 39 7 11335 128 2.000000000
17 40 7 11336 128 2.000000000
17 41 7 11337 128 2.000000000
17 42 7 11338 128 2.000000000
17 43 7 11339 128 2.000000000
17 44 7 11340 128 2.000000000
17 45 7 11341 128 2.000000000
17 46 7 11342 128 2.000000000
17 47 7 11343 128 2.000000000
17 48 7 11344 128 2.000000000
17 49 7 11345 128 2.000000000
17 50 7 11346 128 2.000000000
17 51 7 11347 128 2.000000000
17 52 7 11348 128 2.000000000
17 53 7 11349 128 2.000000000
17 54 7 11350 128 2.000000000
17 55 7 11351 128 2.000000000
17 56 7 11352 128 2.000000000
17 57 7 11353 128 2.000000000
17 58 7 11354 128 2.000000000
17 59 7 11355 128 2.000000000
17 60 7 11356 128 2.000000000
17 61 7 11357 128 2.000000000
17 62 7 11358 128 2.000000000
17 63 7 11359 128 2.000000000
18 0 7 11360 128 2.000000000
18 1 7 11361 128 2.000000000
18 2 7 11362 128 2.000000000
18 3 7 11363 128 2.000000000
18 4 7 11364 128 2.000000000
18 5 7 11365 128 2.000000000
18 6 7 11366 128 2.000000000
18 7 7 11367 128 2.000000000
18 8 7 11368 128 2.000000000
18 9 7 11369 128 2.000000000
18 10 7 11370 128 2.000000000
18 11 7 11371 128 2.000000000
18 12 7 11372 128 2.000000000
18 13 7 11373 128 2.000000000
18 14 7 11374 128 2.000000000
18 15 7 11375 128 2.000000000
18 24 7 11376 128 2.000000000
18 25 7 11377 128 2.000000000
18 26 7 11378 128 2.000000000
18 27 7 11379 128 2.000000000
18 28 7 11380 128 2.000000000
18 29 7 11381 128 2.000000000
18 30 7 11382 128 2.000000000
18 31 7 11383 128 2.000000000
18 32 7 11384 128 2.000000000
18 33 7 11385 128 2.000000000
18 34 7 11386 128 2.000000000
18 35 7 11387 128 2.000000000
18 36 7 11388 128 2.000000000
18 37 7 11389 128 2.000000000
18 38 7 11390 128 2.000000000
18 39 7 11391 128 2.000000000
18 40 7 11392 128 2.000000000
18 41 7 11393 128 2.000000000
18 42 7 11394 128 2.000000000
18 43 7 11395 128 2.000000000
18 44 7 11396 128 2.000000000
18 45 7 11397 128 2.000000000
18 46 7 11398 128 2.000000000
18 47 7 11399 128 2.000000000
18 48 7 11400 128 2.000000000
18 49 7 11401 128 2.000000000
18 50 7 11402 128 2.000000000
18 51 7 11403 128 2.000000000
18 52 7 11404 128 2.000000000
18 53 7 11405 128 2.000000000
18 54 7 11406 128 2.000000000
18 55 7 11407 128 2.000000000
18 56 7 11408 128 2.000000000
18 57 7 11409 128 2.000000000
18 58 7 11410 128 2.000000000
18 59 7 11411 128 2.000000000
18 60 7 11412 128 2.000000000
18 61 7 11413 128 2.000000000
18 62 7 11414 128 2.000000000
18 63 7 11415 128 2.000000000
19 0 7 11416 128 2.000000000
19 1 7 11417 128 2.000000000
19 2 7 11418 128 2.000000000
19 3 7 11419 128 2.000000000
19 4 7 11420 128 2.000000000
19 5 7 11421 128 2.000000000
19 6 7 11422 128 2.000000000
19 7 7 11423 128 2.000000000
19 8 7 11424 128 2.000000000
19 9 7 11425 128 2.000000000
19 10 7 11426 128 2.000000000
19 11 7 11427 128 2.000000000
19 12 7 11428 128 2.000000000
19 13 7 11429 128 2.000000000
19 14 7 11430 128 2.000000000
19 15 7 11431 128 2.000000000
19 24 7 11432 128 2.000000000
19 25 7 11433 128 2.000000000
19 26 7 11434 128 2.000000000
19 27 7 11435 128 2.000000000
19 28 7 11436 128 2.000000000
19 29 7 11437 128 2.000000000
19 30 7 11438 128 2.000000000
19 31 7 11439 128 2.000000000
19 32 7 11440 128 2.000000000
19 33 7 11441 128 2.000000000
19 34 7 11442 128 2.000000000
19 35 7 11443 128 2.000000000
19 36 7 11444 128 2.000000000
19 37 7 11445 128 2.000000000
19 38 7 11446 128 2.000000000
19 39 7 11447 128 2.000000000
19 40 7 11448 128 2.000000000
19 41 7 11449 128 2.000000000
19 42 7 11450 128 2.000000000
19 43 7 11451 128 2.000000000
19 44 7 11452 128 2.000000000
19 45 7 11453 128 2.000000000
19 46 7 11454 128 2.000000000
19 47 7 11455 128 2.000000000
19 48 7 11456 128 2.000000000
19 49 7 11457 128 2.000000000
19 50 7 11458 128 2.000000000
19 51 7 11459 128 2.000000000
19 52 7 11460 128 2.000000000
19 53 7 11461 128 2.000000000
19 54 7 11462 128 2.000000000
19 55 7 11463 128 2.000000000
19 56 7 11464 128 2.000000000
19 57 7 11465 128 2.000000000
19 58 7 11466 128 2.000000000
19 59 7 11467 128 2.000000000
19 60 7 11468 128 2.000000000
19 61 7 11469 128 2.000000000
19 62 7 11470 128 2.000000000
19 63 7 11471 128 2.000000000
20 0 7 11472 128 2.000000000
20 1 7 11473 128 2.000000000
20 2 7 11474 128 2.000000000
20 3 7 11475 128 2.000000000
20 4 7 11476 128 2.000000000
20 5 7 11477 128 2.000000000
20 6 7 11478 128 2.000000000
20 7 7 11479 128 2.000000000
20 8 7 11480 128 2.000000000
20 9 7 11481 128 2.000000000
20 10 7 11482 128 2.000000000
20 11 7 11483 128 2.000000000
20 12 7 11484 128 2.000000000
20 13 7 11485 128 2.000000000
20 14 7 11486 128 2.000000000
20 15 7 11487 128 2.000000000
20 24 7 11488 128 2.000000000
20 25 7 11489 128 2.000000000
20 26 7 11490 128 2.000000000
20 27 7 11491 128 2.000000000
20 28 7 11492 128 2.000000000
20 29 7 11493 128 2.000000000
20 30 7 11494 128 2.000000000
20 31 7 11495 128 2.000000000
20 32 7 11496 128 2.000000000
20 33 7 11497 128 2.000000000
20 34 7 11498 128 2.000000000
20 35 7 11499 128 2.000000000
20 36 7 11500 128 2.000000000
20 37 7 11501 128 2.000000000
20 38 7 11502 128 2.000000000
20 39 7 11503 128 2.000000000
20 40 7 11504 128 2.000000000
20 41 7 11505 128 2.000000000
20 42 7 11506 128 2.000000000
20 43 7 11507 128 2.000000000
20 44 7 11508 128 2.000000000
20 45 7 11509 128 2.000000000
20 46 7 11510 128 2.000000000
20 47 7 11511 128 2.000000000
20 48 7 11512 128 2.000000000
20 49 7 11513 128 2.000000000
20 50 7 11514 128 2.000000000
20 51 7 11515 128 2.000000000
20 52 7 11516 128 2.000000000
20 53 7 11517 128 2.000000000
20 54 7 11518 128 2.000000000
20 55 7 11519 128 2.000000000
20 56 7 11520 128 2.000000000
20 57 7 11521 128 2.000000000
20 58 7 11522 128 2.000000000
20 59 7 11523 128 2.000000000
20 60 7 11524 128 2.000000000
20 61 7 11525 128 2.000000000
20 62 7 11526 128 2.000000000
20 63 7 11527 128 2.000000000
21 0 7 11528 128 2.000000000
21 1 7 11529 128 2.000000000
21 2 7 11530 128 2.000000000
21 3 7 11531 128 2.000000000
21 4 7 11532 128 2.000000000
21 5 7 11533 128 2.000000000
21 6 7 11534 128 2.000000000
21 7 7 11535 128 2.000000000
21 8 7 11536 128 2.000000000
21 9 7 11537 128 2.000000000
21 10 7 11538 128 2.000000000
21 11 7 11539 128 2.000000000
21 12 7 11540 128 2.000000000
21 13 7 11541 128 2.000000000
21 14 7 11542 128 2.000000000
21 15 7 11543 128 2.000000000
21 24 7 11544 128 2.000000000
21 25 7 11545 128 2.000000000
21 26 7 11546 128 2.000000000
21 27 7 11547 128 2.000000000
21 28 7 11548 128 2.000000000
21 29 7 11549 128 2.000000000
21 30 7 11550 128 2.000000000
21 31 7 11551 128 2.000000000
21 32 7 11552 128 2.000000000
21 33 7 11553 128 2.000000000
21 34 7 11554 128 2.000000000
21 35 7 11555 128 2.000000000
21 36 7 11556 128 2.000000000
21 37 7 11557 128 2.000000000
21 38 7 11558 128 2.000000000
21 39 7 11559 128 2.000000000
21 40 7 11560 128 2.000000000
21 41 7 11561 128 2.000000000
21 42 7 11562 128 2.000000000
21 43 7 11563 128 2.000000000
21 44 7 11564 128 2.000000000
21 45 7 11565 128 2.000000000
21 46 7 11566 128 2.000000000
21 47 7 11567 128 2.000000000
21 48 7 11568 128 2.000000000
21 49 7 11569 128 2.000000000
21 50 7 11570 128 2.000000000
21 51 7 11571 128 2.000000000
21 52 7 11572 128 2.000000000
21 53 7 11573 128 2.000000000
21 54 7 11574 128 2.000000000
21 55 7 11575 128 2.000000000
21 56 7 11576 128 2.000000000
21 57 7 11577 128 2.000000000
21 58 7 11578 128 2.000000000
21 59 7 11579 128 2.000000000
21 60 7 11580 128 2.000000000
21 61 7 11581 128 2.000000000
21 62 7 11582 128 2.000000000
21 63 7 11583 128 2.000000000
22 0 7 11584 128 2.000000000
22 1 7 11585 128 2.000000000
22 2 7 11586 128 2.000000000
22 3 7 11587 128 2.000000000
22 4 7 11588 128 2.000000000
22 5 7 11589 128 2.000000000
22 6 7 11590 128 2.000000000
22 7 7 11591 128 2.000000000
22 8 7 11592 128 2.000000000
22 9 7 11593 128 2.000000000
22 10 7 11594 128 2.000000000
22 11 7 11595 128 2.000000000
22 12 7 11596 128 2.000000000
22 13 7 11597 128 2.000000000
22 14 7 11598 128 2.000000000
22 15 7 11599 128 2.000000000
22 24 7 11600 128 2.000000000
22 25 7 11601 128 2.000000000
22 26 7 11602 128 2.000000000
22 27 7 11603 128 2.000000000
22 28 7 11604 128 2.000000000
22 29 7 11605 128 2.000000000
22 30 7 11606 128 2.000000000
22 31 7 11607 128 2.000000000
22 32 7 11608 128 2.000000000
22 33 7 11609 128 2.000000000
22 34 7 11610 128 2.000000000
22 35 7 11611 128 2.000000000
22 36 7 11612 128 2.000000000
22 37 7 11613 128 2.000000000
22 38 7 11614 128 2.000000000
22 39 7 11615 128 2.000000000
22 40 7 11616 128 2.000000000
22 41 7 11617 128 2.000000000
22 42 7 11618 128 2.000000000
22 43 7 11619 128 2.000000000
22 44 7 11620 128 2.000000000
22 45 7 11621 128 2.000000000
22 46 7 11622 128 2.000000000
22 47 7 11623 128 2.000000000
22 48 7 11624 128 2.000000000
22 49 7 11625 128 2.000000000
22 50 7 11626 128 2.000000000
22 51 7 11627 128 2.000000000
22 52 7 11628 128 2.000000000
22 53 7 11629 128 2.000000000
22 54 7 11630 128 2.000000000
22 55 7 11631 128 2.000000000
22 56 7 11632 128 2.000000000
22 57 7 11633 128 2.000000000
22 58 7 11634 128 2.000000000
22 59 7 11635 128 2.000000000
22 60 7 11636 128 2.000000000
22 61 7 11637 128 2.000000000
22 62 7 11638 128 2.000000000
22 63 7 11639 128 2.000000000
23 0 7 11640 128 2.000000000
23 1 7 11641 128 2.000000000
23 2 7 11642 128 2.000000000
23 3 7 11643 128 2.000000000
23 4 7 11644 128 2.000000000
23 5 7 11645 128 2.000000000
23 6 7 11646 128 2.000000000
23 7 7 11647 128 2.000000000
23 8 7 11648 128 2.000000000
23 9 7 11649 128 2.000000000
23 10 7 11650 128 2.000000000
23 11 7 11651 128 2.000000000
23 12 7 11652 128 2.000000000
23 13 7 11653 128 2.000000000
23 14 7 11654 128 2.000000000
23 15 7 11655 128 2.000000000
23 24 7 11656 128 2.000000000
23 25 7 11657 128 2.000000000
23 26 7 11658 128 2.000000000
23 27 7 11659 128 2.000000000
23 28 7 11660 128 2.000000000
23 29 7 11661 128 2.000000000
23 30 7 11662 128 2.000000000
23 31 7 11663 128 2.000000000
23 32 7 11664 128 2.000000000
23 33 7 11665 128 2.000000000
23 34 7 11666 128 2.000000000
23 35 7 11667 128 2.000000000
23 36 7 11668 128 2.000000000
23 37 7 11669 128 2.000000000
23 38 7 11670 128 2.000000000
23 39 7 11671 128 2.000000000
23 40 7 11672 128 2.000000000
23 41 7 11673 128 2.000000000
23 42 7 11674 128 2.000000000
23 43 7 11675 128 2.000000000
23 44 7 11676 128 2.000000000
23 45 7 11677 128 2.000000000
23 46 7 11678 128 2.000000000
23 47 7 11679 128 2.000000000
23 48 7 11680 128 2.000000000
23 49 7 11681 128 2.000000000
23 50 7 11682 128 2.000000000
23 51 7 11683 128 2.000000000
23 52 7 11684 128 2.000000000
23 53 7 11685 128 2.000000000
23 54 7 11686 128 2.000000000
23 55 7 11687 128 2.000000000
23 56 7 11688 128 2.000000000
23 57 7 11689 128 2.000000000
23 58 7 11690 128 2.000000000
23 59 7 11691 128 2.000000000
23 60 7 11692 128 2.000000000
23 61 7 11693 128 2.000000000
23 62 7 11694 128 2.000000000
23 63 7 11695 128 2.000000000
24 0 7 11696 128 2.000000000
24 1 7 11697 128 2.000000000
24 2 7 11698 128 2.000000000
24 3 7 11699 128 2.000000000
24 4 7 11700 128 2.000000000
24 5 7 11701 128 2.000000000
24 6 7 11702 128 2.000000000
24 7 7 11703 128 2.000000000
24 8 7 11704 128 2.000000000
24 9 7 11705 128 2.000000000
24 10 7 11706 128 2.000000000
24 11 7 11707 128 2.000000000
24 12 7 11708 128 2.000000000
24 13 7 11709 128 2.000000000
24 14 7 11710 128 2.000000000
24 15 7 11711 128 2.000000000
24 16 7 11712 128 2.000000000
24 17 7 11713 128 2.000000000
24 18 7 11714 128 2.000000000
24 19 7 11715 128 2.000000000
24 20 7 11716 128 2.000000000
24 21 7 11717 128 2.000000000
24 22 7 11718 128 2.000000000
24 23 7 11719 128 2.000000000
24 32 7 11720 128 2.000000000
24 33 7 11721 128 2.000000000
24 34 7 11722 128 2.000000000
24 35 7 11723 128 2.000000000
24 36 7 11724 128 2.000000000
24 37 7 11725 128 2.000000000
24 38 7 11726 128 2.000000000
24 39 7 11727 128 2.000000000
24 40 7 11728 128 2.000000000
24 41 7 11729 128 2.000000000
24 42 7 11730 128 2.000000000
24 43 7 11731 128 2.000000000
24 44 7 11732 128 2.000000000
24 45 7 11733 128 2.000000000
24 46 7 11734 128 2.000000000
24 47 7 11735 128 2.000000000
24 48 7 11736 128 2.000000000
24 49 7 11737 128 2.000000000
24 50 7 11738 128 2.000000000
24 51 7 11739 128 2.000000000
24 52 7 11740 128 2.000000000
24 53 7 11741 128 2.000000000
24 54 7 11742 128 2.000000000
24 55 7 11743 128 2.000000000
24 56 7 11744 128 2.000000000
24 57 7 11745 128 2.000000000
24 58 7 11746 128 2.000000000
24 59 7 11747 128 2.000000000
24 60 7 11748 128 2.000000000
24 61 7 11749 128 2.000000000
24 62 7 11750 128 2.000000000
24 63 7 11751 128 2.000000000
25 0 7 11752 128 2.000000000
25 1 7 11753 128 2.000000000
25 2 7 11754 128 2.000000000
25 3 7 11755 128 2.000000000
25 4 7 11756 128 2.000000000
25 5 7 11757 128 2.000000000
25 6 7 11758 128 2.000000000
25 7 7 11759 128 2.000000000
25 8 7 11760 128 2.000000000
25 9 7 11761 128 2.000000000
25 10 7 11762 128 2.000000000
25 11 7 11763 128 2.000000000
25 12 7 11764 128 2.000000000
25 13 7 11765 128 2.000000000
25 14 7 11766 128 2.000000000
25 15 7 11767 128 2.000000000
25 16 7 11768 128 2.000000000
25 17 7 11769 128 2.000000000
25 18 7 11770 128 2.000000000
25 19 7 11771 128 2.000000000
25 20 7 11772 128 2.000000000
25 21 7 11773 128 2.000000000
25 22 7 11774 128 2.000000000
25 23 7 11775 128 2.000000000
25 32 7 11776 128 2.000000000
25 33 7 11777 128 2.000000000
25 34 7 11778 128 2.000000000
25 35 7 11779 128 2.000000000
25 36 7 11780 128 2.000000000
25 37 7 11781 128 2.000000000
25 38 7 11782 128 2.000000000
25 39 7 11783 128 2.000000000
25 40 7 11784 128 2.000000000
25 41 7 11785 128 2.000000000
25 42 7 11786 128 2.000000000
25 43 7 11787 128 2.000000000
25 44 7 11788 128 2.000000000
25 45 7 11789 128 2.000000000
25 46 7 11790 128 2.000000000
25 47 7 11791 128 2.000000000
25 48 7 11792 128 2.000000000
25 49 7 11793 128 2.000000000
25 50 7 11794 128 2.000000000
25 51 7 11795 128 2.000000000
25 52 7 11796 128 2.000000000
25 53 7 11797 128 2.000000000
25 54 7 11798 128 2.000000000
25 55 7 11799 128 2.000000000
25 56 7 11800 128 2.000000000
25 57 7 11801 128 2.000000000
25 58 7 11802 128 2.000000000
25 59 7 11803 128 2.000000000
25 60 7 11804 128 2.000000000
25 61 7 11805 128 2.000000000
25 62 7 11806 128 2.000000000
25 63 7 11807 128 2.000000000
26 0 7 11808 128 2.000000000
26 1 7 11809 128 2.000000000
26 2 7 11810 128 2.000000000
26 3 7 11811 128 2.000000000
26 4 7 11812 128 2.000000000
26 5 7 11813 128 2.000000000
26 6 7 11814 128 2.000000000
26 7 7 11815 128 2.000000000
26 8 7 11816 128 2.000000000
26 9 7 11817 128 2.000000000
26 10 7 11818 128 2.000000000
26 11 7 11819 128 2.000000000
26 12 7 11820 128 2.000000000
26 13 7 11821 128 2.000000000
26 14 7 11822 128 2.000000000
26 15 7 11823 128 2.000000000
26 16 7 11824 128 2.000000000
26 17 7 11825 128 2.000000000
26 18 7 11826 128 2.000000000
26 19 7 11827 128 2.000000000
26 20 7 11828 128 2.000000000
26 21 7 11829 128 2.000000000
26 22 7 11830 128 2.000000000
26 23 7 11831 128 2.000000000
26 32 7 11832 128 2.000000000
26 33 7 11833 128 2.000000000
26 34 7 11834 128 2.000000000
26 35 7 11835 128 2.000000000
26 36 7 11836 128 2.000000000
26 37 7 11837 128 2.000000000
26 38 7 11838 128 2.000000000
26 39 7 11839 128 2.000000000
26 40 7 11840 128 2.000000000
26 41 7 11841 128 2.000000000
26 42 7 11842 128 2.000000000
26 43 7 11843 128 2.000000000
26 44 7 11844 128 2.000000000
26 45 7 11845 128 2.000000000
26 46 7 11846 128 2.000000000
26 47 7 11847 128 2.000000000
26 48 7 11848 128 2.000000000
26 49 7 11849 128 2.000000000
26 50 7 11850 128 2.000000000
26 51 7 11851 128 2.000000000
26 52 7 11852 128 2.000000000
26 53 7 11853 128 2.000000000
26 54 7 11854 128 2.000000000
26 55 7 11855 128 2.000000000
26 56 7 11856 128 2.000000000
26 57 7 11857 128 2.000000000
26 58 7 11858 128 2.000000000
26 59 7 11859 128 2.000000000
26 60 7 11860 128 2.000000000
26 61 7 11861 128 2.000000000
26 62 7 11862 128 2.000000000
26 63 7 11863 128 2.000000000
27 0 7 11864 128 2.000000000
27 1 7 11865 128 2.000000000
27 2 7 11866 128 2.000000000
27 3 7 11867 128 2.000000000
27 4 7 11868 128 2.000000000
27 5 7 11869 128 2.000000000
27 6 7 11870 128 2.000000000
27 7 7 11871 128 2.000000000
27 8 7 11872 128 2.000000000
27 9 7 11873 128 2.000000000
27 10 7 11874 128 2.000000000
27 11 7 11875 128 2.000000000
27 12 7 11876 128 2.000000000
27 13 7 11877 128 2.000000000
27 14 7 11878 128 2.000000000
27 15 7 11879 128 2.000000000
27 16 7 11880 128 2.000000000
27 17 7 11881 128 2.000000000
27 18 7 11882 128 2.000000000
27 19 7 11883 128 2.000000000
27 20 7 11884 128 2.000000000
27 21 7 11885 128 2.000000000
27 22 7 11886 128 2.000000000
27 23 7 11887 128 2.000000000
27 32 7 11888 128 2.000000000
27 33 7 11889 128 2.000000000
27 34 7 11890 128 2.000000000
27 35 7 11891 128 2.000000000
27 36 7 11892 128 2.000000000
27 37 7 11893 128 2.000000000
27 38 7 11894 128 2.000000000
27 39 7 11895 128 2.000000000
27 40 7 11896 128 2.000000000
27 41 7 11897 128 2.000000000
27 42 7 11898 128 2.000000000
27 43 7 11899 128 2.000000000
27 44 7 11900 128 2.000000000
27 45 7 11901 128 2.000000000
27 46 7 11902 128 2.000000000
27 47 7 11903 128 2.000000000
27 48 7 11904 128 2.000000000
27 49 7 11905 128 2.000000000
27 50 7 11906 128 2.000000000
27 51 7 11907 128 2.000000000
27 52 7 11908 128 2.000000000
27 53 7 11909 128 2.000000000
27 54 7 11910 128 2.000000000
27 55 7 11911 128 2.000000000
27 56 7 11912 128 2.000000000
27 57 7 11913 128 2.000000000
27 58 7 11914 128 2.000000000
27 59 7 11915 128 2.000000000
27 60 7 11916 128 2.000000000
27 61 7 11917 128 2.000000000
27 62 7 11918 128 2.000000000
27 63 7 11919 128 2.000000000
28 0 7 11920 128 2.000000000
28 1 7 11921 128 2.000000000
28 2 7 11922 128 2.000000000
28 3 7 11923 128 2.000000000
28 4 7 11924 128 2.000000000
28 5 7 11925 128 2.000000000
28 6 7 11926 128 2.000000000
28 7 7 11927 128 2.000000000
28 8 7 11928 128 2.000000000
28 9 7 11929 128 2.000000000
28 10 7 11930 128 2.000000000
28 11 7 11931 128 2.000000000
28 12 7 11932 128 2.000000000
28 13 7 11933 128 2.000000000
28 14 7 11934 128 2.000000000
28 15 7 11935 128 2.000000000
28 16 7 11936 128 2.000000000
28 17 7 11937 128 2.000000000
28 18 7 11938 128 2.000000000
28 19 7 11939 128 2.000000000
28 20 7 11940 128 2.000000000
28 21 7 11941 128 2.000000000
28 22 7 11942 128 2.000000000
28 23 7 11943 128 2.000000000
28 32 7 11944 128 2.000000000
28 33 7 11945 128 2.000000000
28 34 7 11946 128 2.000000000
28 35 7 11947 128 2.000000000
28 36 7 11948 128 2.000000000
28 37 7 11949 128 2.000000000
28 38 7 11950 128 2.000000000
28 39 7 11951 128 2.000000000
28 40 7 11952 128 2.000000000
28 41 7 11953 128 2.000000000
28 42 7 11954 128 2.000000000
28 43 7 11955 128 2.000000000
28 44 7 11956 128 2.000000000
28 45 7 11957 128 2.000000000
28 46 7 11958 128 2.000000000
28 47 7 11959 128 2.000000000
28 48 7 11960 128 2.000000000
28 49 7 11961 128 2.000000000
28 50 7 11962 128 2.000000000
28 51 7 11963 128 2.000000000
28 52 7 11964 128 2.000000000
28 53 7 11965 128 2.000000000
28 54 7 11966 128 2.000000000
28 55 7 11967 128 2.000000000
28 56 7 11968 128 2.000000000
28 57 7 11969 128 2.000000000
28 58 7 11970 128 2.000000000
28 59 7 11971 128 2.000000000
28 60 7 11972 128 2.000000000
28 61 7 11973 128 2.000000000
28 62 7 11974 128 2.000000000
28 63 7 11975 128 2.000000000
29 0 7 11976 128 2.000000000
29 1 7 11977 128 2.000000000
29 2 7 11978 128 2.000000000
29 3 7 11979 128 2.000000000
29 4 7 11980 128 2.000000000
29 5 7 11981 128 2.000000000
29 6 7 11982 128 2.000000000
29 7 7 11983 128 2.000000000
29 8 7 11984 128 2.000000000
29 9 7 11985 128 2.000000000
29 10 7 11986 128 2.000000000
29 11 7 11987 128 2.000000000
29 12 7 11988 128 2.000000000
29 13 7 11989 128 2.000000000
29 14 7 11990 128 2.000000000
29 15 7 11991 128 2.000000000
29 16 7 11992 128 2.000000000
29 17 7 11993 128 2.000000000
29 18 7 11994 128 2.000000000
29 19 7 11995 128 2.000000000
29 20 7 11996 128 2.000000000
29 21 7 11997 128 2.000000000
29 22 7 11998 128 2.000000000
29 23 7 11999 128 2.000000000
29 32 7 12000 128 2.000000000
29 33 7 12001 128 2.000000000
29 34 7 12002 128 2.000000000
29 35 7 12003 128 2.000000000
29 36 7 12004 128 2.000000000
29 37 7 12005 128 2.000000000
29 38 7 12006 128 2.000000000
29 39 7 12007 128 2.000000000
29 40 7 12008 128 2.000000000
29 41 7 12009 128 2.000000000
29 42 7 12010 128 2.000000000
29 43 7 12011 128 2.000000000
29 44 7 12012 128 2.000000000
29 45 7 12013 128 2.000000000
29 46 7 12014 128 2.000000000
29 47 7 12015 128 2.000000000
29 48 7 12016 128 2.000000000
29 49 7 12017 128 2.000000000
29 50 7 12018 128 2.000000000
29 51 7 12019 128 2.000000000
29 52 7 12020 128 2.000000000
29 53 7 12021 128 2.000000000
29 54 7 12022 128 2.000000000
29 55 7 12023 128 2.000000000
29 56 7 12024 128 2.000000000
29 57 7 12025 128 2.000000000
29 58 7 12026 128 2.000000000
29 59 7 12027 128 2.000000000
29 60 7 12028 128 2.000000000
29 61 7 12029 128 2.000000000
29 62 7 12030 128 2.000000000
29 63 7 12031 128 2.000000000
30 0 7 12032 128 2.000000000
30 1 7 12033 128 2.000000000
30 2 7 12034 128 2.000000000
30 3 7 12035 128 2.000000000
30 4 7 12036 128 2.000000000
30 5 7 12037 128 2.000000000
30 6 7 12038 128 2.000000000
30 7 7 12039 128 2.000000000
30 8 7 12040 128 2.000000000
30 9 7 12041 128 2.000000000
30 10 7 12042 128 2.000000000
30 11 7 12043 128 2.000000000
30 12 7 12044 128 2.000000000
30 13 7 12045 128 2.000000000
30 14 7 12046 128 2.000000000
30 15 7 12047 128 2.000000000
30 16 7 12048 128 2.000000000
30 17 7 12049 128 2.000000000
30 18 7 12050 128 2.000000000
30 19 7 12051 128 2.000000000
30 20 7 12052 128 2.000000000
30 21 7 12053 128 2.000000000
30 22 7 12054 128 2.000000000
30 23 7 12055 128 2.000000000
30 32 7 12056 128 2.000000000
30 33 7 12057 128 2.000000000
30 34 7 12058 128 2.000000000
30 35 7 12059 128 2.000000000
30 36 7 12060 128 2.000000000
30 37 7 12061 128 2.000000000
30 38 7 12062 128 2.000000000
30 39 7 12063 128 2.000000000
30 40 7 12064 128 2.000000000
30 41 7 12065 128 2.000000000
30 42 7 12066 128 2.000000000
30 43 7 12067 128 2.000000000
30 44 7 12068 128 2.000000000
30 45 7 12069 128 2.000000000
30 46 7 12070 128 2.000000000
30 47 7 12071 128 2.000000000
30 48 7 12072 128 2.000000000
30 49 7 12073 128 2.000000000
30 50 7 12074 128 2.000000000
30 51 7 12075 128 2.000000000
30 52 7 12076 128 2.000000000
30 53 7 12077 128 2.000000000
30 54 7 12078 128 2.000000000
30 55 7 12079 128 2.000000000
30 56 7 12080 128 2.000000000
30 57 7 12081 128 2.000000000
30 58 7 12082 128 2.000000000
30 59 7 12083 128 2.000000000
30 60 7 12084 128 2.000000000
30 61 7 12085 128 2.000000000
30 62 7 12086 128 2.000000000
30 63 7 12087 128 2.000000000
31 0 7 12088 128 2.000000000
31 1 7 12089 128 2.000000000
31 2 7 12090 128 2.000000000
31 3 7 12091 128 2.000000000
31 4 7 12092 128 2.000000000
31 5 7 12093 128 2.000000000
31 6 7 12094 128 2.000000000
31 7 7 12095 128 2.000000000
31 8 7 12096 128 2.000000000
31 9 7 12097 128 2.000000000
31 10 7 12098 128 2.000000000
31 11 7 12099 128 2.000000000
31 12 7 12100 128 2.000000000
31 13 7 12101 128 2.000000000
31 14 7 12102 128 2.000000000
31 15 7 12103 128 2.000000000
31 16 7 12104 128 2.000000000
31 17 7 12105 128 2.000000000
31 18 7 12106 128 2.000000000
31 19 7 12107 128 2.000000000
31 20 7 12108 128 2.000000000
31 21 7 12109 128 2.000000000
31 22 7 12110 128 2.000000000
31 23 7 12111 128 2.000000000
31 32 7 12112 128 2.000000000
31 33 7 12113 128 2.000000000
31 34 7 12114 128 2.000000000
31 35 7 12115 128 2.000000000
31 36 7 12116 128 2.000000000
31 37 7 12117 128 2.000000000
31 38 7 12118 128 2.000000000
31 39 7 12119 128 2.000000000
31 40 7 12120 128 2.000000000
31 41 7 12121 128 2.000000000
31 42 7 12122 128 2.000000000
31 43 7 12123 128 2.000000000
31 44 7 12124 128 2.000000000
31 45 7 12125 128 2.000000000
31 46 7 12126 128 2.000000000
31 47 7 12127 128 2.000000000
31 48 7 12128 128 2.000000000
31 49 7 12129 128 2.000000000
31 50 7 12130 128 2.000000000
31 51 7 12131 128 2.000000000
31 52 7 12132 128 2.000000000
31 53 7 12133 128 2.000000000
31 54 7 12134 128 2.000000000
31 55 7 12135 128 2.000000000
31 56 7 12136 128 2.000000000
31 57 7 12137 128 2.000000000
31 58 7 12138 128 2.000000000
31 59 7 12139 128 2.000000000
31 60 7 12140 128 2.000000000
31 61 7 12141 128 2.000000000
31 62 7 12142 128 2.000000000
31 63 7 12143 128 2.000000000
0 64 7 12144 128 2.000000000
1 65 7 12145 128 2.000000000
2 66 7 12146 128 2.000000000
3 67 7 12147 128 2.000000000
4 68 7 12148 128 2.000000000
5 69 7 12149 128 2.000000000
6 70 7 12150 128 2.000000000
7 71 7 12151 128 2.000000000
8 72 7 12152 128 2.000000000
9 73 7 12153 128 2.000000000
10 74 7 12154 128 2.000000000
11 75 7 12155 128 2.000000000
12 76 7 12156 128 2.000000000
13 77 7 12157 128 2.000000000
14 78 7 12158 128 2.000000000
15 79 7 12159 128 2.000000000
16 80 7 12160 128 2.000000000
17 81 7 12161 128 2.000000000
18 82 7 12162 128 2.000000000
19 83 7 12163 128 2.000000000
20 84 7 12164 128 2.000000000
21 85 7 12165 128 2.000000000
22 86 7 12166 128 2.000000000
23 87 7 12167 128 2.000000000
24 88 7 12168 128 2.000000000
25 89 7 12169 128 2.000000000
26 90 7 12170 128 2.000000000
27 91 7 12171 128 2.000000000
28 92 7 12172 128 2.000000000
29 93 7 12173 128 2.000000000
30 94 7 12174 128 2.000000000
31 95 7 12175 128 2.000000000
