2176
0 4096 7 10000 16 2.000000000
1 4097 7 10001 16 2.000000000
2 4098 7 10002 16 2.000000000
3 4099 7 10003 16 2.000000000
4 4100 7 10004 16 2.000000000
5 4101 7 10005 16 2.000000000
6 4102 7 10006 16 2.000000000
7 4103 7 10007 16 2.000000000
8 4104 7 10008 16 2.000000000
9 4105 7 10009 16 2.000000000
10 4106 7 10010 16 2.000000000
11 4107 7 10011 16 2.000000000
12 4108 7 10012 16 2.000000000
13 4109 7 10013 16 2.000000000
14 4110 7 10014 16 2.000000000
15 4111 7 10015 16 2.000000000
16 4112 7 10016 16 2.000000000
17 4113 7 10017 16 2.000000000
18 4114 7 10018 16 2.000000000
19 4115 7 10019 16 2.000000000
20 4116 7 10020 16 2.000000000
21 4117 7 10021 16 2.000000000
22 4118 7 10022 16 2.000000000
23 4119 7 10023 16 2.000000000
24 4120 7 10024 16 2.000000000
25 4121 7 10025 16 2.000000000
26 4122 7 10026 16 2.000000000
27 4123 7 10027 16 2.000000000
28 4124 7 10028 16 2.000000000
29 4125 7 10029 16 2.000000000
30 4126 7 10030 16 2.000000000
31 4127 7 10031 16 2.000000000
0 32768 7 10032 16 2.000000000
8 32776 7 10033 16 2.000000000
16 32784 7 10034 16 2.000000000
24 32792 7 10035 16 2.000000000
0 16384 7 10036 16 2.000000000
8 16392 7 10037 16 2.000000000
16 16400 7 10038 16 2.000000000
24 16408 7 10039 16 2.000000000
0 8192 7 10040 16 2.000000000
8 8200 7 10041 16 2.000000000
16 8208 7 10042 16 2.000000000
24 8216 7 10043 16 2.000000000
0 512 7 10044 16 2.000000000
8 520 7 10045 16 2.000000000
16 528 7 10046 16 2.000000000
24 536 7 10047 16 2.000000000
0 256 7 10048 16 2.000000000
8 264 7 10049 16 2.000000000
16 272 7 10050 16 2.000000000
24 280 7 10051 16 2.000000000
0 128 7 10052 16 2.000000000
8 136 7 10053 16 2.000000000
16 144 7 10054 16 2.000000000
24 152 7 10055 16 2.000000000
0 64 7 10056 16 2.000000000
8 72 7 10057 16 2.000000000
16 80 7 10058 16 2.000000000
24 88 7 10059 16 2.000000000
0 32 7 10060 16 2.000000000
8 40 7 10061 16 2.000000000
16 48 7 10062 16 2.000000000
24 56 7 10063 16 2.000000000
0 16 7 10064 16 2.000000000
16 0 7 10065 16 2.000000000
8 24 7 10066 16 2.000000000
24 8 7 10067 16 2.000000000
0 8 7 10068 16 2.000000000
8 0 7 10069 16 2.000000000
16 24 7 10070 16 2.000000000
24 16 7 10071 16 2.000000000
1 32769 7 10072 16 2.000000000
9 32777 7 10073 16 2.000000000
17 32785 7 10074 16 2.000000000
25 32793 7 10075 16 2.000000000
1 16385 7 10076 16 2.000000000
9 16393 7 10077 16 2.000000000
17 16401 7 10078 16 2.000000000
25 16409 7 10079 16 2.000000000
1 8193 7 10080 16 2.000000000
9 8201 7 10081 16 2.000000000
17 8209 7 10082 16 2.000000000
25 8217 7 10083 16 2.000000000
1 513 7 10084 16 2.000000000
9 521 7 10085 16 2.000000000
17 529 7 10086 16 2.000000000
25 537 7 10087 16 2.000000000
1 257 7 10088 16 2.000000000
9 265 7 10089 16 2.000000000
17 273 7 10090 16 2.000000000
25 281 7 10091 16 2.000000000
1 129 7 10092 16 2.000000000
9 137 7 10093 16 2.000000000
17 145 7 10094 16 2.000000000
25 153 7 10095 16 2.000000000
1 65 7 10096 16 2.000000000
9 73 7 10097 16 2.000000000
17 81 7 10098 16 2.000000000
25 89 7 10099 16 2.000000000
1 33 7 10100 16 2.000000000
9 41 7 10101 16 2.000000000
17 49 7 10102 16 2.000000000
25 57 7 10103 16 2.000000000
1 17 7 10104 16 2.000000000
17 1 7 10105 16 2.000000000
9 25 7 10106 16 2.000000000
25 9 7 10107 16 2.000000000
1 9 7 10108 16 2.000000000
9 1 7 10109 16 2.000000000
17 25 7 10110 16 2.000000000
25 17 7 10111 16 2.000000000
2 32770 7 10112 16 2.000000000
10 32778 7 10113 16 2.000000000
18 32786 7 10114 16 2.000000000
26 32794 7 10115 16 2.000000000
2 16386 7 10116 16 2.000000000
10 16394 7 10117 16 2.000000000
18 16402 7 10118 16 2.000000000
26 16410 7 10119 16 2.000000000
2 8194 7 10120 16 2.000000000
10 8202 7 10121 16 2.000000000
18 8210 7 10122 16 2.000000000
26 8218 7 10123 16 2.000000000
2 514 7 10124 16 2.000000000
10 522 7 10125 16 2.000000000
18 530 7 10126 16 2.000000000
26 538 7 10127 16 2.000000000
2 258 7 10128 16 2.000000000
10 266 7 10129 16 2.000000000
18 274 7 10130 16 2.000000000
26 282 7 10131 16 2.000000000
2 130 7 10132 16 2.000000000
10 138 7 10133 16 2.000000000
18 146 7 10134 16 2.000000000
26 154 7 10135 16 2.000000000
2 66 7 10136 16 2.000000000
10 74 7 10137 16 2.000000000
18 82 7 10138 16 2.000000000
26 90 7 10139 16 2.000000000
2 34 7 10140 16 2.000000000
10 42 7 10141 16 2.000000000
18 50 7 10142 16 2.000000000
26 58 7 10143 16 2.000000000
2 18 7 10144 16 2.000000000
18 2 7 10145 16 2.000000000
10 26 7 10146 16 2.000000000
26 10 7 10147 16 2.000000000
2 10 7 10148 16 2.000000000
10 2 7 10149 16 2.000000000
18 26 7 10150 16 2.000000000
26 18 7 10151 16 2.000000000
3 32771 7 10152 16 2.000000000
11 32779 7 10153 16 2.000000000
19 32787 7 10154 16 2.000000000
27 32795 7 10155 16 2.000000000
3 16387 7 10156 16 2.000000000
11 16395 7 10157 16 2.000000000
19 16403 7 10158 16 2.000000000
27 16411 7 10159 16 2.000000000
3 8195 7 10160 16 2.000000000
11 8203 7 10161 16 2.000000000
19 8211 7 10162 16 2.000000000
27 8219 7 10163 16 2.000000000
3 515 7 10164 16 2.000000000
11 523 7 10165 16 2.000000000
19 531 7 10166 16 2.000000000
27 539 7 10167 16 2.000000000
3 259 7 10168 16 2.000000000
11 267 7 10169 16 2.000000000
19 275 7 10170 16 2.000000000
27 283 7 10171 16 2.000000000
3 131 7 10172 16 2.000000000
11 139 7 10173 16 2.000000000
19 147 7 10174 16 2.000000000
27 155 7 10175 16 2.000000000
3 67 7 10176 16 2.000000000
11 75 7 10177 16 2.000000000
19 83 7 10178 16 2.000000000
27 91 7 10179 16 2.000000000
3 35 7 10180 16 2.000000000
11 43 7 10181 16 2.000000000
19 51 7 10182 16 2.000000000
27 59 7 10183 16 2.000000000
3 19 7 10184 16 2.000000000
19 3 7 10185 16 2.000000000
11 27 7 10186 16 2.000000000
27 11 7 10187 16 2.000000000
3 11 7 10188 16 2.000000000
11 3 7 10189 16 2.000000000
19 27 7 10190 16 2.000000000
27 19 7 10191 16 2.000000000
4 32772 7 10192 16 2.000000000
12 32780 7 10193 16 2.000000000
20 32788 7 10194 16 2.000000000
28 32796 7 10195 16 2.000000000
4 16388 7 10196 16 2.000000000
12 16396 7 10197 16 2.000000000
20 16404 7 10198 16 2.000000000
28 16412 7 10199 16 2.000000000
4 8196 7 10200 16 2.000000000
12 8204 7 10201 16 2.000000000
20 8212 7 10202 16 2.000000000
28 8220 7 10203 16 2.000000000
4 516 7 10204 16 2.000000000
12 524 7 10205 16 2.000000000
20 532 7 10206 16 2.000000000
28 540 7 10207 16 2.000000000
4 260 7 10208 16 2.000000000
12 268 7 10209 16 2.000000000
20 276 7 10210 16 2.000000000
28 284 7 10211 16 2.000000000
4 132 7 10212 16 2.000000000
12 140 7 10213 16 2.000000000
20 148 7 10214 16 2.000000000
28 156 7 10215 16 2.000000000
4 68 7 10216 16 2.000000000
12 76 7 10217 16 2.000000000
20 84 7 10218 16 2.000000000
28 92 7 10219 16 2.000000000
4 36 7 10220 16 2.000000000
12 44 7 10221 16 2.000000000
20 52 7 10222 16 2.000000000
28 60 7 10223 16 2.000000000
4 20 7 10224 16 2.000000000
20 4 7 10225 16 2.000000000
12 28 7 10226 16 2.000000000
28 12 7 10227 16 2.000000000
4 12 7 10228 16 2.000000000
12 4 7 10229 16 2.000000000
20 28 7 10230 16 2.000000000
28 20 7 10231 16 2.000000000
5 32773 7 10232 16 2.000000000
13 32781 7 10233 16 2.000000000
21 32789 7 10234 16 2.000000000
29 32797 7 10235 16 2.000000000
5 16389 7 10236 16 2.000000000
13 16397 7 10237 16 2.000000000
21 16405 7 10238 16 2.000000000
29 16413 7 10239 16 2.000000000
5 8197 7 10240 16 2.000000000
13 8205 7 10241 16 2.000000000
21 8213 7 10242 16 2.000000000
29 8221 7 10243 16 2.000000000
5 517 7 10244 16 2.000000000
13 525 7 10245 16 2.000000000
21 533 7 10246 16 2.000000000
29 541 7 10247 16 2.000000000
5 261 7 10248 16 2.000000000
13 269 7 10249 16 2.000000000
21 277 7 10250 16 2.000000000
29 285 7 10251 16 2.000000000
5 133 7 10252 16 2.000000000
13 141 7 10253 16 2.000000000
21 149 7 10254 16 2.000000000
29 157 7 10255 16 2.000000000
5 69 7 10256 16 2.000000000
13 77 7 10257 16 2.000000000
21 85 7 10258 16 2.000000000
29 93 7 10259 16 2.000000000
5 37 7 10260 16 2.000000000
13 45 7 10261 16 2.000000000
21 53 7 10262 16 2.000000000
29 61 7 10263 16 2.000000000
5 21 7 10264 16 2.000000000
21 5 7 10265 16 2.000000000
13 29 7 10266 16 2.000000000
29 13 7 10267 16 2.000000000
5 13 7 10268 16 2.000000000
13 5 7 10269 16 2.000000000
21 29 7 10270 16 2.000000000
29 21 7 10271 16 2.000000000
6 32774 7 10272 16 2.000000000
14 32782 7 10273 16 2.000000000
22 32790 7 10274 16 2.000000000
30 32798 7 10275 16 2.000000000
6 16390 7 10276 16 2.000000000
14 16398 7 10277 16 2.000000000
22 16406 7 10278 16 2.000000000
30 16414 7 10279 16 2.000000000
6 8198 7 10280 16 2.000000000
14 8206 7 10281 16 2.000000000
22 8214 7 10282 16 2.000000000
30 8222 7 10283 16 2.000000000
6 518 7 10284 16 2.000000000
14 526 7 10285 16 2.000000000
22 534 7 10286 16 2.000000000
30 542 7 10287 16 2.000000000
6 262 7 10288 16 2.000000000
14 270 7 10289 16 2.000000000
22 278 7 10290 16 2.000000000
30 286 7 10291 16 2.000000000
6 134 7 10292 16 2.000000000
14 142 7 10293 16 2.000000000
22 150 7 10294 16 2.000000000
30 158 7 10295 16 2.000000000
6 70 7 10296 16 2.000000000
14 78 7 10297 16 2.000000000
22 86 7 10298 16 2.000000000
30 94 7 10299 16 2.000000000
6 38 7 10300 16 2.000000000
14 46 7 10301 16 2.000000000
22 54 7 10302 16 2.000000000
30 62 7 10303 16 2.000000000
6 22 7 10304 16 2.000000000
22 6 7 10305 16 2.000000000
14 30 7 10306 16 2.000000000
30 14 7 10307 16 2.000000000
6 14 7 10308 16 2.000000000
14 6 7 10309 16 2.000000000
22 30 7 10310 16 2.000000000
30 22 7 10311 16 2.000000000
7 32775 7 10312 16 2.000000000
15 32783 7 10313 16 2.000000000
23 32791 7 10314 16 2.000000000
31 32799 7 10315 16 2.000000000
7 16391 7 10316 16 2.000000000
15 16399 7 10317 16 2.000000000
23 16407 7 10318 16 2.000000000
31 16415 7 10319 16 2.000000000
7 8199 7 10320 16 2.000000000
15 8207 7 10321 16 2.000000000
23 8215 7 10322 16 2.000000000
31 8223 7 10323 16 2.000000000
7 519 7 10324 16 2.000000000
15 527 7 10325 16 2.000000000
23 535 7 10326 16 2.000000000
31 543 7 10327 16 2.000000000
7 263 7 10328 16 2.000000000
15 271 7 10329 16 2.000000000
23 279 7 10330 16 2.000000000
31 287 7 10331 16 2.000000000
7 135 7 10332 16 2.000000000
15 143 7 10333 16 2.000000000
23 151 7 10334 16 2.000000000
31 159 7 10335 16 2.000000000
7 71 7 10336 16 2.000000000
15 79 7 10337 16 2.000000000
23 87 7 10338 16 2.000000000
31 95 7 10339 16 2.000000000
7 39 7 10340 16 2.000000000
15 47 7 10341 16 2.000000000
23 55 7 10342 16 2.000000000
31 63 7 10343 16 2.000000000
7 23 7 10344 16 2.000000000
23 7 7 10345 16 2.000000000
15 31 7 10346 16 2.000000000
31 15 7 10347 16 2.000000000
7 15 7 10348 16 2.000000000
15 7 7 10349 16 2.000000000
23 31 7 10350 16 2.000000000
31 23 7 10351 16 2.000000000
0 8 7 10352 16 2.000000000
0 9 7 10353 16 2.000000000
0 10 7 10354 16 2.000000000
0 11 7 10355 16 2.000000000
0 12 7 10356 16 2.000000000
0 13 7 10357 16 2.000000000
0 14 7 10358 16 2.000000000
0 15 7 10359 16 2.000000000
0 16 7 10360 16 2.000000000
0 17 7 10361 16 2.000000000
0 18 7 10362 16 2.000000000
0 19 7 10363 16 2.000000000
0 20 7 10364 16 2.000000000
0 21 7 10365 16 2.000000000
0 22 7 10366 16 2.000000000
0 23 7 10367 16 2.000000000
0 24 7 10368 16 2.000000000
0 25 7 10369 16 2.000000000
0 26 7 10370 16 2.000000000
0 27 7 10371 16 2.000000000
0 28 7 10372 16 2.000000000
0 29 7 10373 16 2.000000000
0 30 7 10374 16 2.000000000
0 31 7 10375 16 2.000000000
0 32 7 10376 16 2.000000000
0 33 7 10377 16 2.000000000
0 34 7 10378 16 2.000000000
0 35 7 10379 16 2.000000000
0 36 7 10380 16 2.000000000
0 37 7 10381 16 2.000000000
0 38 7 10382 16 2.000000000
0 39 7 10383 16 2.000000000
0 40 7 10384 16 2.000000000
0 41 7 10385 16 2.000000000
0 42 7 10386 16 2.000000000
0 43 7 10387 16 2.000000000
0 44 7 10388 16 2.000000000
0 45 7 10389 16 2.000000000
0 46 7 10390 16 2.000000000
0 47 7 10391 16 2.000000000
0 48 7 10392 16 2.000000000
0 49 7 10393 16 2.000000000
0 50 7 10394 16 2.000000000
0 51 7 10395 16 2.000000000
0 52 7 10396 16 2.000000000
0 53 7 10397 16 2.000000000
0 54 7 10398 16 2.000000000
0 55 7 10399 16 2.000000000
0 56 7 10400 16 2.000000000
0 57 7 10401 16 2.000000000
0 58 7 10402 16 2.000000000
0 59 7 10403 16 2.000000000
0 60 7 10404 16 2.000000000
0 61 7 10405 16 2.000000000
0 62 7 10406 16 2.000000000
0 63 7 10407 16 2.000000000
1 8 7 10408 16 2.000000000
1 9 7 10409 16 2.000000000
1 10 7 10410 16 2.000000000
1 11 7 10411 16 2.000000000
1 12 7 10412 16 2.000000000
1 13 7 10413 16 2.000000000
1 14 7 10414 16 2.000000000
1 15 7 10415 16 2.000000000
1 16 7 10416 16 2.000000000
1 17 7 10417 16 2.000000000
1 18 7 10418 16 2.000000000
1 19 7 10419 16 2.000000000
1 20 7 10420 16 2.000000000
1 21 7 10421 16 2.000000000
1 22 7 10422 16 2.000000000
1 23 7 10423 16 2.000000000
1 24 7 10424 16 2.000000000
1 25 7 10425 16 2.000000000
1 26 7 10426 16 2.000000000
1 27 7 10427 16 2.000000000
1 28 7 10428 16 2.000000000
1 29 7 10429 16 2.000000000
1 30 7 10430 16 2.000000000
1 31 7 10431 16 2.000000000
1 32 7 10432 16 2.000000000
1 33 7 10433 16 2.000000000
1 34 7 10434 16 2.000000000
1 35 7 10435 16 2.000000000
1 36 7 10436 16 2.000000000
1 37 7 10437 16 2.000000000
1 38 7 10438 16 2.000000000
1 39 7 10439 16 2.000000000
1 40 7 10440 16 2.000000000
1 41 7 10441 16 2.000000000
1 42 7 10442 16 2.000000000
1 43 7 10443 16 2.000000000
1 44 7 10444 16 2.000000000
1 45 7 10445 16 2.000000000
1 46 7 10446 16 2.000000000
1 47 7 10447 16 2.000000000
1 48 7 10448 16 2.000000000
1 49 7 10449 16 2.000000000
1 50 7 10450 16 2.000000000
1 51 7 10451 16 2.000000000
1 52 7 10452 16 2.000000000
1 53 7 10453 16 2.000000000
1 54 7 10454 16 2.000000000
1 55 7 10455 16 2.000000000
1 56 7 10456 16 2.000000000
1 57 7 10457 16 2.000000000
1 58 7 10458 16 2.000000000
1 59 7 10459 16 2.000000000
1 60 7 10460 16 2.000000000
1 61 7 10461 16 2.000000000
1 62 7 10462 16 2.000000000
1 63 7 10463 16 2.000000000
2 8 7 10464 16 2.000000000
2 9 7 10465 16 2.000000000
2 10 7 10466 16 2.000000000
2 11 7 10467 16 2.000000000
2 12 7 10468 16 2.000000000
2 13 7 10469 16 2.000000000
2 14 7 10470 16 2.000000000
2 15 7 10471 16 2.000000000
2 16 7 10472 16 2.000000000
2 17 7 10473 16 2.000000000
2 18 7 10474 16 2.000000000
2 19 7 10475 16 2.000000000
2 20 7 10476 16 2.000000000
2 21 7 10477 16 2.000000000
2 22 7 10478 16 2.000000000
2 23 7 10479 16 2.000000000
2 24 7 10480 16 2.000000000
2 25 7 10481 16 2.000000000
2 26 7 10482 16 2.000000000
2 27 7 10483 16 2.000000000
2 28 7 10484 16 2.000000000
2 29 7 10485 16 2.000000000
2 30 7 10486 16 2.000000000
2 31 7 10487 16 2.000000000
2 32 7 10488 16 2.000000000
2 33 7 10489 16 2.000000000
2 34 7 10490 16 2.000000000
2 35 7 10491 16 2.000000000
2 36 7 10492 16 2.000000000
2 37 7 10493 16 2.000000000
2 38 7 10494 16 2.000000000
2 39 7 10495 16 2.000000000
2 40 7 10496 16 2.000000000
2 41 7 10497 16 2.000000000
2 42 7 10498 16 2.000000000
2 43 7 10499 16 2.000000000
2 44 7 10500 16 2.000000000
2 45 7 10501 16 2.000000000
2 46 7 10502 16 2.000000000
2 47 7 10503 16 2.000000000
2 48 7 10504 16 2.000000000
2 49 7 10505 16 2.000000000
2 50 7 10506 16 2.000000000
2 51 7 10507 16 2.000000000
2 52 7 10508 16 2.000000000
2 53 7 10509 16 2.000000000
2 54 7 10510 16 2.000000000
2 55 7 10511 16 2.000000000
2 56 7 10512 16 2.000000000
2 57 7 10513 16 2.000000000
2 58 7 10514 16 2.000000000
2 59 7 10515 16 2.000000000
2 60 7 10516 16 2.000000000
2 61 7 10517 16 2.000000000
2 62 7 10518 16 2.000000000
2 63 7 10519 16 2.000000000
3 8 7 10520 16 2.000000000
3 9 7 10521 16 2.000000000
3 10 7 10522 16 2.000000000
3 11 7 10523 16 2.000000000
3 12 7 10524 16 2.000000000
3 13 7 10525 16 2.000000000
3 14 7 10526 16 2.000000000
3 15 7 10527 16 2.000000000
3 16 7 10528 16 2.000000000
3 17 7 10529 16 2.000000000
3 18 7 10530 16 2.000000000
3 19 7 10531 16 2.000000000
3 20 7 10532 16 2.000000000
3 21 7 10533 16 2.000000000
3 22 7 10534 16 2.000000000
3 23 7 10535 16 2.000000000
3 24 7 10536 16 2.000000000
3 25 7 10537 16 2.000000000
3 26 7 10538 16 2.000000000
3 27 7 10539 16 2.000000000
3 28 7 10540 16 2.000000000
3 29 7 10541 16 2.000000000
3 30 7 10542 16 2.000000000
3 31 7 10543 16 2.000000000
3 32 7 10544 16 2.000000000
3 33 7 10545 16 2.000000000
3 34 7 10546 16 2.000000000
3 35 7 10547 16 2.000000000
3 36 7 10548 16 2.000000000
3 37 7 10549 16 2.000000000
3 38 7 10550 16 2.000000000
3 39 7 10551 16 2.000000000
3 40 7 10552 16 2.000000000
3 41 7 10553 16 2.000000000
3 42 7 10554 16 2.000000000
3 43 7 10555 16 2.000000000
3 44 7 10556 16 2.000000000
3 45 7 10557 16 2.000000000
3 46 7 10558 16 2.000000000
3 47 7 10559 16 2.000000000
3 48 7 10560 16 2.000000000
3 49 7 10561 16 2.000000000
3 50 7 10562 16 2.000000000
3 51 7 10563 16 2.000000000
3 52 7 10564 16 2.000000000
3 53 7 10565 16 2.000000000
3 54 7 10566 16 2.000000000
3 55 7 10567 16 2.000000000
3 56 7 10568 16 2.000000000
3 57 7 10569 16 2.000000000
3 58 7 10570 16 2.000000000
3 59 7 10571 16 2.000000000
3 60 7 10572 16 2.000000000
3 61 7 10573 16 2.000000000
3 62 7 10574 16 2.000000000
3 63 7 10575 16 2.000000000
4 8 7 10576 16 2.000000000
4 9 7 10577 16 2.000000000
4 10 7 10578 16 2.000000000
4 11 7 10579 16 2.000000000
4 12 7 10580 16 2.000000000
4 13 7 10581 16 2.000000000
4 14 7 10582 16 2.000000000
4 15 7 10583 16 2.000000000
4 16 7 10584 16 2.000000000
4 17 7 10585 16 2.000000000
4 18 7 10586 16 2.000000000
4 19 7 10587 16 2.000000000
4 20 7 10588 16 2.000000000
4 21 7 10589 16 2.000000000
4 22 7 10590 16 2.000000000
4 23 7 10591 16 2.000000000
4 24 7 10592 16 2.000000000
4 25 7 10593 16 2.000000000
4 26 7 10594 16 2.000000000
4 27 7 10595 16 2.000000000
4 28 7 10596 16 2.000000000
4 29 7 10597 16 2.000000000
4 30 7 10598 16 2.000000000
4 31 7 10599 16 2.000000000
4 32 7 10600 16 2.000000000
4 33 7 10601 16 2.000000000
4 34 7 10602 16 2.000000000
4 35 7 10603 16 2.000000000
4 36 7 10604 16 2.000000000
4 37 7 10605 16 2.000000000
4 38 7 10606 16 2.000000000
4 39 7 10607 16 2.000000000
4 40 7 10608 16 2.000000000
4 41 7 10609 16 2.000000000
4 42 7 10610 16 2.000000000
4 43 7 10611 16 2.000000000
4 44 7 10612 16 2.000000000
4 45 7 10613 16 2.000000000
4 46 7 10614 16 2.000000000
4 47 7 10615 16 2.000000000
4 48 7 10616 16 2.000000000
4 49 7 10617 16 2.000000000
4 50 7 10618 16 2.000000000
4 51 7 10619 16 2.000000000
4 52 7 10620 16 2.000000000
4 53 7 10621 16 2.000000000
4 54 7 10622 16 2.000000000
4 55 7 10623 16 2.000000000
4 56 7 10624 16 2.000000000
4 57 7 10625 16 2.000000000
4 58 7 10626 16 2.000000000
4 59 7 10627 16 2.000000000
4 60 7 10628 16 2.000000000
4 61 7 10629 16 2.000000000
4 62 7 10630 16 2.000000000
4 63 7 10631 16 2.000000000
5 8 7 10632 16 2.000000000
5 9 7 10633 16 2.000000000
5 10 7 10634 16 2.000000000
5 11 7 10635 16 2.000000000
5 12 7 10636 16 2.000000000
5 13 7 10637 16 2.000000000
5 14 7 10638 16 2.000000000
5 15 7 10639 16 2.000000000
5 16 7 10640 16 2.000000000
5 17 7 10641 16 2.000000000
5 18 7 10642 16 2.000000000
5 19 7 10643 16 2.000000000
5 20 7 10644 16 2.000000000
5 21 7 10645 16 2.000000000
5 22 7 10646 16 2.000000000
5 23 7 10647 16 2.000000000
5 24 7 10648 16 2.000000000
5 25 7 10649 16 2.000000000
5 26 7 10650 16 2.000000000
5 27 7 10651 16 2.000000000
5 28 7 10652 16 2.000000000
5 29 7 10653 16 2.000000000
5 30 7 10654 16 2.000000000
5 31 7 10655 16 2.000000000
5 32 7 10656 16 2.000000000
5 33 7 10657 16 2.000000000
5 34 7 10658 16 2.000000000
5 35 7 10659 16 2.000000000
5 36 7 10660 16 2.000000000
5 37 7 10661 16 2.000000000
5 38 7 10662 16 2.000000000
5 39 7 10663 16 2.000000000
5 40 7 10664 16 2.000000000
5 41 7 10665 16 2.000000000
5 42 7 10666 16 2.000000000
5 43 7 10667 16 2.000000000
5 44 7 10668 16 2.000000000
5 45 7 10669 16 2.000000000
5 46 7 10670 16 2.000000000
5 47 7 10671 16 2.000000000
5 48 7 10672 16 2.000000000
5 49 7 10673 16 2.000000000
5 50 7 10674 16 2.000000000
5 51 7 10675 16 2.000000000
5 52 7 10676 16 2.000000000
5 53 7 10677 16 2.000000000
5 54 7 10678 16 2.000000000
5 55 7 10679 16 2.000000000
5 56 7 10680 16 2.000000000
5 57 7 10681 16 2.000000000
5 58 7 10682 16 2.000000000
5 59 7 10683 16 2.000000000
5 60 7 10684 16 2.000000000
5 61 7 10685 16 2.000000000
5 62 7 10686 16 2.000000000
5 63 7 10687 16 2.000000000
6 8 7 10688 16 2.000000000
6 9 7 10689 16 2.000000000
6 10 7 10690 16 2.000000000
6 11 7 10691 16 2.000000000
6 12 7 10692 16 2.000000000
6 13 7 10693 16 2.000000000
6 14 7 10694 16 2.000000000
6 15 7 10695 16 2.000000000
6 16 7 10696 16 2.000000000
6 17 7 10697 16 2.000000000
6 18 7 10698 16 2.000000000
6 19 7 10699 16 2.000000000
6 20 7 10700 16 2.000000000
6 21 7 10701 16 2.000000000
6 22 7 10702 16 2.000000000
6 23 7 10703 16 2.000000000
6 24 7 10704 16 2.000000000
6 25 7 10705 16 2.000000000
6 26 7 10706 16 2.000000000
6 27 7 10707 16 2.000000000
6 28 7 10708 16 2.000000000
6 29 7 10709 16 2.000000000
6 30 7 10710 16 2.000000000
6 31 7 10711 16 2.000000000
6 32 7 10712 16 2.000000000
6 33 7 10713 16 2.000000000
6 34 7 10714 16 2.000000000
6 35 7 10715 16 2.000000000
6 36 7 10716 16 2.000000000
6 37 7 10717 16 2.000000000
6 38 7 10718 16 2.000000000
6 39 7 10719 16 2.000000000
6 40 7 10720 16 2.000000000
6 41 7 10721 16 2.000000000
6 42 7 10722 16 2.000000000
6 43 7 10723 16 2.000000000
6 44 7 10724 16 2.000000000
6 45 7 10725 16 2.000000000
6 46 7 10726 16 2.000000000
6 47 7 10727 16 2.000000000
6 48 7 10728 16 2.000000000
6 49 7 10729 16 2.000000000
6 50 7 10730 16 2.000000000
6 51 7 10731 16 2.000000000
6 52 7 10732 16 2.000000000
6 53 7 10733 16 2.000000000
6 54 7 10734 16 2.000000000
6 55 7 10735 16 2.000000000
6 56 7 10736 16 2.000000000
6 57 7 10737 16 2.000000000
6 58 7 10738 16 2.000000000
6 59 7 10739 16 2.000000000
6 60 7 10740 16 2.000000000
6 61 7 10741 16 2.000000000
6 62 7 10742 16 2.000000000
6 63 7 10743 16 2.000000000
7 8 7 10744 16 2.000000000
7 9 7 10745 16 2.000000000
7 10 7 10746 16 2.000000000
7 11 7 10747 16 2.000000000
7 12 7 10748 16 2.000000000
7 13 7 10749 16 2.000000000
7 14 7 10750 16 2.000000000
7 15 7 10751 16 2.000000000
7 16 7 10752 16 2.000000000
7 17 7 10753 16 2.000000000
7 18 7 10754 16 2.000000000
7 19 7 10755 16 2.000000000
7 20 7 10756 16 2.000000000
7 21 7 10757 16 2.000000000
7 22 7 10758 16 2.000000000
7 23 7 10759 16 2.000000000
7 24 7 10760 16 2.000000000
7 25 7 10761 16 2.000000000
7 26 7 10762 16 2.000000000
7 27 7 10763 16 2.000000000
7 28 7 10764 16 2.000000000
7 29 7 10765 16 2.000000000
7 30 7 10766 16 2.000000000
7 31 7 10767 16 2.000000000
7 32 7 10768 16 2.000000000
7 33 7 10769 16 2.000000000
7 34 7 10770 16 2.000000000
7 35 7 10771 16 2.000000000
7 36 7 10772 16 2.000000000
7 37 7 10773 16 2.000000000
7 38 7 10774 16 2.000000000
7 39 7 10775 16 2.000000000
7 40 7 10776 16 2.000000000
7 41 7 10777 16 2.000000000
7 42 7 10778 16 2.000000000
7 43 7 10779 16 2.000000000
7 44 7 10780 16 2.000000000
7 45 7 10781 16 2.000000000
7 46 7 10782 16 2.000000000
7 47 7 10783 16 2.000000000
7 48 7 10784 16 2.000000000
7 49 7 10785 16 2.000000000
7 50 7 10786 16 2.000000000
7 51 7 10787 16 2.000000000
7 52 7 10788 16 2.000000000
7 53 7 10789 16 2.000000000
7 54 7 10790 16 2.000000000
7 55 7 10791 16 2.000000000
7 56 7 10792 16 2.000000000
7 57 7 10793 16 2.000000000
7 58 7 10794 16 2.000000000
7 59 7 10795 16 2.000000000
7 60 7 10796 16 2.000000000
7 61 7 10797 16 2.000000000
7 62 7 10798 16 2.000000000
7 63 7 10799 16 2.000000000
8 0 7 10800 16 2.000000000
8 1 7 10801 16 2.000000000
8 2 7 10802 16 2.000000000
8 3 7 10803 16 2.000000000
8 4 7 10804 16 2.000000000
8 5 7 10805 16 2.000000000
8 6 7 10806 16 2.000000000
8 7 7 10807 16 2.000000000
8 16 7 10808 16 2.000000000
8 17 7 10809 16 2.000000000
8 18 7 10810 16 2.000000000
8 19 7 10811 16 2.000000000
8 20 7 10812 16 2.000000000
8 21 7 10813 16 2.000000000
8 22 7 10814 16 2.000000000
8 23 7 10815 16 2.000000000
8 24 7 10816 16 2.000000000
8 25 7 10817 16 2.000000000
8 26 7 10818 16 2.000000000
8 27 7 10819 16 2.000000000
8 28 7 10820 16 2.000000000
8 29 7 10821 16 2.000000000
8 30 7 10822 16 2.000000000
8 31 7 10823 16 2.000000000
8 32 7 10824 16 2.000000000
8 33 7 10825 16 2.000000000
8 34 7 10826 16 2.000000000
8 35 7 10827 16 2.000000000
8 36 7 10828 16 2.000000000
8 37 7 10829 16 2.000000000
8 38 7 10830 16 2.000000000
8 39 7 10831 16 2.000000000
8 40 7 10832 16 2.000000000
8 41 7 10833 16 2.000000000
8 42 7 10834 16 2.000000000
8 43 7 10835 16 2.000000000
8 44 7 10836 16 2.000000000
8 45 7 10837 16 2.000000000
8 46 7 10838 16 2.000000000
8 47 7 10839 16 2.000000000
8 48 7 10840 16 2.000000000
8 49 7 10841 16 2.000000000
8 50 7 10842 16 2.000000000
8 51 7 10843 16 2.000000000
8 52 7 10844 16 2.000000000
8 53 7 10845 16 2.000000000
8 54 7 10846 16 2.000000000
8 55 7 10847 16 2.000000000
8 56 7 10848 16 2.000000000
8 57 7 10849 16 2.000000000
8 58 7 10850 16 2.000000000
8 59 7 10851 16 2.000000000
8 60 7 10852 16 2.000000000
8 61 7 10853 16 2.000000000
8 62 7 10854 16 2.000000000
8 63 7 10855 16 2.000000000
9 0 7 10856 16 2.000000000
9 1 7 10857 16 2.000000000
9 2 7 10858 16 2.000000000
9 3 7 10859 16 2.000000000
9 4 7 10860 16 2.000000000
9 5 7 10861 16 2.000000000
9 6 7 10862 16 2.000000000
9 7 7 10863 16 2.000000000
9 16 7 10864 16 2.000000000
9 17 7 10865 16 2.000000000
9 18 7 10866 16 2.000000000
9 19 7 10867 16 2.000000000
9 20 7 10868 16 2.000000000
9 21 7 10869 16 2.000000000
9 22 7 10870 16 2.000000000
9 23 7 10871 16 2.000000000
9 24 7 10872 16 2.000000000
9 25 7 10873 16 2.000000000
9 26 7 10874 16 2.000000000
9 27 7 10875 16 2.000000000
9 28 7 10876 16 2.000000000
9 29 7 10877 16 2.000000000
9 30 7 10878 16 2.000000000
9 31 7 10879 16 2.000000000
9 32 7 10880 16 2.000000000
9 33 7 10881 16 2.000000000
9 34 7 10882 16 2.000000000
9 35 7 10883 16 2.000000000
9 36 7 10884 16 2.000000000
9 37 7 10885 16 2.000000000
9 38 7 10886 16 2.000000000
9 39 7 10887 16 2.000000000
9 40 7 10888 16 2.000000000
9 41 7 10889 16 2.000000000
9 42 7 10890 16 2.000000000
9 43 7 10891 16 2.000000000
9 44 7 10892 16 2.000000000
9 45 7 10893 16 2.000000000
9 46 7 10894 16 2.000000000
9 47 7 10895 16 2.000000000
9 48 7 10896 16 2.000000000
9 49 7 10897 16 2.000000000
9 50 7 10898 16 2.000000000
9 51 7 10899 16 2.000000000
9 52 7 10900 16 2.000000000
9 53 7 10901 16 2.000000000
9 54 7 10902 16 2.000000000
9 55 7 10903 16 2.000000000
9 56 7 10904 16 2.000000000
9 57 7 10905 16 2.000000000
9 58 7 10906 16 2.000000000
9 59 7 10907 16 2.000000000
9 60 7 10908 16 2.000000000
9 61 7 10909 16 2.000000000
9 62 7 10910 16 2.000000000
9 63 7 10911 16 2.000000000
10 0 7 10912 16 2.000000000
10 1 7 10913 16 2.000000000
10 2 7 10914 16 2.000000000
10 3 7 10915 16 2.000000000
10 4 7 10916 16 2.000000000
10 5 7 10917 16 2.000000000
10 6 7 10918 16 2.000000000
10 7 7 10919 16 2.000000000
10 16 7 10920 16 2.000000000
10 17 7 10921 16 2.000000000
10 18 7 10922 16 2.000000000
10 19 7 10923 16 2.000000000
10 20 7 10924 16 2.000000000
10 21 7 10925 16 2.000000000
10 22 7 10926 16 2.000000000
10 23 7 10927 16 2.000000000
10 24 7 10928 16 2.000000000
10 25 7 10929 16 2.000000000
10 26 7 10930 16 2.000000000
10 27 7 10931 16 2.000000000
10 28 7 10932 16 2.000000000
10 29 7 10933 16 2.000000000
10 30 7 10934 16 2.000000000
10 31 7 10935 16 2.000000000
10 32 7 10936 16 2.000000000
10 33 7 10937 16 2.000000000
10 34 7 10938 16 2.000000000
10 35 7 10939 16 2.000000000
10 36 7 10940 16 2.000000000
10 37 7 10941 16 2.000000000
10 38 7 10942 16 2.000000000
10 39 7 10943 16 2.000000000
10 40 7 10944 16 2.000000000
10 41 7 10945 16 2.000000000
10 42 7 10946 16 2.000000000
10 43 7 10947 16 2.000000000
10 44 7 10948 16 2.000000000
10 45 7 10949 16 2.000000000
10 46 7 10950 16 2.000000000
10 47 7 10951 16 2.000000000
10 48 7 10952 16 2.000000000
10 49 7 10953 16 2.000000000
10 50 7 10954 16 2.000000000
10 51 7 10955 16 2.000000000
10 52 7 10956 16 2.000000000
10 53 7 10957 16 2.000000000
10 54 7 10958 16 2.000000000
10 55 7 10959 16 2.000000000
10 56 7 10960 16 2.000000000
10 57 7 10961 16 2.000000000
10 58 7 10962 16 2.000000000
10 59 7 10963 16 2.000000000
10 60 7 10964 16 2.000000000
10 61 7 10965 16 2.000000000
10 62 7 10966 16 2.000000000
10 63 7 10967 16 2.000000000
11 0 7 10968 16 2.000000000
11 1 7 10969 16 2.000000000
11 2 7 10970 16 2.000000000
11 3 7 10971 16 2.000000000
11 4 7 10972 16 2.000000000
11 5 7 10973 16 2.000000000
11 6 7 10974 16 2.000000000
11 7 7 10975 16 2.000000000
11 16 7 10976 16 2.000000000
11 17 7 10977 16 2.000000000
11 18 7 10978 16 2.000000000
11 19 7 10979 16 2.000000000
11 20 7 10980 16 2.000000000
11 21 7 10981 16 2.000000000
11 22 7 10982 16 2.000000000
11 23 7 10983 16 2.000000000
11 24 7 10984 16 2.000000000
11 25 7 10985 16 2.000000000
11 26 7 10986 16 2.000000000
11 27 7 10987 16 2.000000000
11 28 7 10988 16 2.000000000
11 29 7 10989 16 2.000000000
11 30 7 10990 16 2.000000000
11 31 7 10991 16 2.000000000
11 32 7 10992 16 2.000000000
11 33 7 10993 16 2.000000000
11 34 7 10994 16 2.000000000
11 35 7 10995 16 2.000000000
11 36 7 10996 16 2.000000000
11 37 7 10997 16 2.000000000
11 38 7 10998 16 2.000000000
11 39 7 10999 16 2.000000000
11 40 7 11000 16 2.000000000
11 41 7 11001 16 2.000000000
11 42 7 11002 16 2.000000000
11 43 7 11003 16 2.000000000
11 44 7 11004 16 2.000000000
11 45 7 11005 16 2.000000000
11 46 7 11006 16 2.000000000
11 47 7 11007 16 2.000000000
11 48 7 11008 16 2.000000000
11 49 7 11009 16 2.000000000
11 50 7 11010 16 2.000000000
11 51 7 11011 16 2.000000000
11 52 7 11012 16 2.000000000
11 53 7 11013 16 2.000000000
11 54 7 11014 16 2.000000000
11 55 7 11015 16 2.000000000
11 56 7 11016 16 2.000000000
11 57 7 11017 16 2.000000000
11 58 7 11018 16 2.000000000
11 59 7 11019 16 2.000000000
11 60 7 11020 16 2.000000000
11 61 7 11021 16 2.000000000
11 62 7 11022 16 2.000000000
11 63 7 11023 16 2.000000000
12 0 7 11024 16 2.000000000
12 1 7 11025 16 2.000000000
12 2 7 11026 16 2.000000000
12 3 7 11027 16 2.000000000
12 4 7 11028 16 2.000000000
12 5 7 11029 16 2.000000000
12 6 7 11030 16 2.000000000
12 7 7 11031 16 2.000000000
12 16 7 11032 16 2.000000000
12 17 7 11033 16 2.000000000
12 18 7 11034 16 2.000000000
12 19 7 11035 16 2.000000000
12 20 7 11036 16 2.000000000
12 21 7 11037 16 2.000000000
12 22 7 11038 16 2.000000000
12 23 7 11039 16 2.000000000
12 24 7 11040 16 2.000000000
12 25 7 11041 16 2.000000000
12 26 7 11042 16 2.000000000
12 27 7 11043 16 2.000000000
12 28 7 11044 16 2.000000000
12 29 7 11045 16 2.000000000
12 30 7 11046 16 2.000000000
12 31 7 11047 16 2.000000000
12 32 7 11048 16 2.000000000
12 33 7 11049 16 2.000000000
12 34 7 11050 16 2.000000000
12 35 7 11051 16 2.000000000
12 36 7 11052 16 2.000000000
12 37 7 11053 16 2.000000000
12 38 7 11054 16 2.000000000
12 39 7 11055 16 2.000000000
12 40 7 11056 16 2.000000000
12 41 7 11057 16 2.000000000
12 42 7 11058 16 2.000000000
12 43 7 11059 16 2.000000000
12 44 7 11060 16 2.000000000
12 45 7 11061 16 2.000000000
12 46 7 11062 16 2.000000000
12 47 7 11063 16 2.000000000
12 48 7 11064 16 2.000000000
12 49 7 11065 16 2.000000000
12 50 7 11066 16 2.000000000
12 51 7 11067 16 2.000000000
12 52 7 11068 16 2.000000000
12 53 7 11069 16 2.000000000
12 54 7 11070 16 2.000000000
12 55 7 11071 16 2.000000000
12 56 7 11072 16 2.000000000
12 57 7 11073 16 2.000000000
12 58 7 11074 16 2.000000000
12 59 7 11075 16 2.000000000
12 60 7 11076 16 2.000000000
12 61 7 11077 16 2.000000000
12 62 7 11078 16 2.000000000
12 63 7 11079 16 2.000000000
13 0 7 11080 16 2.000000000
13 1 7 11081 16 2.000000000
13 2 7 11082 16 2.000000000
13 3 7 11083 16 2.000000000
13 4 7 11084 16 2.000000000
13 5 7 11085 16 2.000000000
13 6 7 11086 16 2.000000000
13 7 7 11087 16 2.000000000
13 16 7 11088 16 2.000000000
13 17 7 11089 16 2.000000000
13 18 7 11090 16 2.000000000
13 19 7 11091 16 2.000000000
13 20 7 11092 16 2.000000000
13 21 7 11093 16 2.000000000
13 22 7 11094 16 2.000000000
13 23 7 11095 16 2.000000000
13 24 7 11096 16 2.000000000
13 25 7 11097 16 2.000000000
13 26 7 11098 16 2.000000000
13 27 7 11099 16 2.000000000
13 28 7 11100 16 2.000000000
13 29 7 11101 16 2.000000000
13 30 7 11102 16 2.000000000
13 31 7 11103 16 2.000000000
13 32 7 11104 16 2.000000000
13 33 7 11105 16 2.000000000
13 34 7 11106 16 2.000000000
13 35 7 11107 16 2.000000000
13 36 7 11108 16 2.000000000
13 37 7 11109 16 2.000000000
13 38 7 11110 16 2.000000000
13 39 7 11111 16 2.000000000
13 40 7 11112 16 2.000000000
13 41 7 11113 16 2.000000000
13 42 7 11114 16 2.000000000
13 43 7 11115 16 2.000000000
13 44 7 11116 16 2.000000000
13 45 7 11117 16 2.000000000
13 46 7 11118 16 2.000000000
13 47 7 11119 16 2.000000000
13 48 7 11120 16 2.000000000
13 49 7 11121 16 2.000000000
13 50 7 11122 16 2.000000000
13 51 7 11123 16 2.000000000
13 52 7 11124 16 2.000000000
13 53 7 11125 16 2.000000000
13 54 7 11126 16 2.000000000
13 55 7 11127 16 2.000000000
13 56 7 11128 16 2.000000000
13 57 7 11129 16 2.000000000
13 58 7 11130 16 2.000000000
13 59 7 11131 16 2.000000000
13 60 7 11132 16 2.000000000
13 61 7 11133 16 2.000000000
13 62 7 11134 16 2.000000000
13 63 7 11135 16 2.000000000
14 0 7 11136 16 2.000000000
14 1 7 11137 16 2.000000000
14 2 7 11138 16 2.000000000
14 3 7 11139 16 2.000000000
14 4 7 11140 16 2.000000000
14 5 7 11141 16 2.000000000
14 6 7 11142 16 2.000000000
14 7 7 11143 16 2.000000000
14 16 7 11144 16 2.000000000
14 17 7 11145 16 2.000000000
14 18 7 11146 16 2.000000000
14 19 7 11147 16 2.000000000
14 20 7 11148 16 2.000000000
14 21 7 11149 16 2.000000000
14 22 7 11150 16 2.000000000
14 23 7 11151 16 2.000000000
14 24 7 11152 16 2.000000000
14 25 7 11153 16 2.000000000
14 26 7 11154 16 2.000000000
14 27 7 11155 16 2.000000000
14 28 7 11156 16 2.000000000
14 29 7 11157 16 2.000000000
14 30 7 11158 16 2.000000000
14 31 7 11159 16 2.000000000
14 32 7 11160 16 2.000000000
14 33 7 11161 16 2.000000000
14 34 7 11162 16 2.000000000
14 35 7 11163 16 2.000000000
14 36 7 11164 16 2.000000000
14 37 7 11165 16 2.000000000
14 38 7 11166 16 2.000000000
14 39 7 11167 16 2.000000000
14 40 7 11168 16 2.000000000
14 41 7 11169 16 2.000000000
14 42 7 11170 16 2.000000000
14 43 7 11171 16 2.000000000
14 44 7 11172 16 2.000000000
14 45 7 11173 16 2.000000000
14 46 7 11174 16 2.000000000
14 47 7 11175 16 2.000000000
14 48 7 11176 16 2.000000000
14 49 7 11177 16 2.000000000
14 50 7 11178 16 2.000000000
14 51 7 11179 16 2.000000000
14 52 7 11180 16 2.000000000
14 53 7 11181 16 2.000000000
14 54 7 11182 16 2.000000000
14 55 7 11183 16 2.000000000
14 56 7 11184 16 2.000000000
14 57 7 11185 16 2.000000000
14 58 7 11186 16 2.000000000
14 59 7 11187 16 2.000000000
14 60 7 11188 16 2.000000000
14 61 7 11189 16 2.000000000
14 62 7 11190 16 2.000000000
14 63 7 11191 16 2.000000000
15 0 7 11192 16 2.000000000
15 1 7 11193 16 2.000000000
15 2 7 11194 16 2.000000000
15 3 7 11195 16 2.000000000
15 4 7 11196 16 2.000000000
15 5 7 11197 16 2.000000000
15 6 7 11198 16 2.000000000
15 7 7 11199 16 2.000000000
15 16 7 11200 16 2.000000000
15 17 7 11201 16 2.000000000
15 18 7 11202 16 2.000000000
15 19 7 11203 16 2.000000000
15 20 7 11204 16 2.000000000
15 21 7 11205 16 2.000000000
15 22 7 11206 16 2.000000000
15 23 7 11207 16 2.000000000
15 24 7 11208 16 2.000000000
15 25 7 11209 16 2.000000000
15 26 7 11210 16 2.000000000
15 27 7 11211 16 2.000000000
15 28 7 11212 16 2.000000000
15 29 7 11213 16 2.000000000
15 30 7 11214 16 2.000000000
15 31 7 11215 16 2.000000000
15 32 7 11216 16 2.000000000
15 33 7 11217 16 2.000000000
15 34 7 11218 16 2.000000000
15 35 7 11219 16 2.000000000
15 36 7 11220 16 2.000000000
15 37 7 11221 16 2.000000000
15 38 7 11222 16 2.000000000
15 39 7 11223 16 2.000000000
15 40 7 11224 16 2.000000000
15 41 7 11225 16 2.000000000
15 42 7 11226 16 2.000000000
15 43 7 11227 16 2.000000000
15 44 7 11228 16 2.000000000
15 45 7 11229 16 2.000000000
15 46 7 11230 16 2.000000000
15 47 7 11231 16 2.000000000
15 48 7 11232 16 2.000000000
15 49 7 11233 16 2.000000000
15 50 7 11234 16 2.000000000
15 51 7 11235 16 2.000000000
15 52 7 11236 16 2.000000000
15 53 7 11237 16 2.000000000
15 54 7 11238 16 2.000000000
15 55 7 11239 16 2.000000000
15 56 7 11240 16 2.000000000
15 57 7 11241 16 2.000000000
15 58 7 11242 16 2.000000000
15 59 7 11243 16 2.000000000
15 60 7 11244 16 2.000000000
15 61 7 11245 16 2.000000000
15 62 7 11246 16 2.000000000
15 63 7 11247 16 2.000000000
16 0 7 11248 16 2.000000000
16 1 7 11249 16 2.000000000
16 2 7 11250 16 2.000000000
16 3 7 11251 16 2.000000000
16 4 7 11252 16 2.000000000
16 5 7 11253 16 2.000000000
16 6 7 11254 16 2.000000000
16 7 7 11255 16 2.000000000
16 8 7 11256 16 2.000000000
16 9 7 11257 16 2.000000000
16 10 7 11258 16 2.000000000
16 11 7 11259 16 2.000000000
16 12 7 11260 16 2.000000000
16 13 7 11261 16 2.000000000
16 14 7 11262 16 2.000000000
16 15 7 11263 16 2.000000000
16 24 7 11264 16 2.000000000
16 25 7 11265 16 2.000000000
16 26 7 11266 16 2.000000000
16 27 7 11267 16 2.000000000
16 28 7 11268 16 2.000000000
16 29 7 11269 16 2.000000000
16 30 7 11270 16 2.000000000
16 31 7 11271 16 2.000000000
16 32 7 11272 16 2.000000000
16 33 7 11273 16 2.000000000
16 34 7 11274 16 2.000000000
16 35 7 11275 16 2.000000000
16 36 7 11276 16 2.000000000
16 37 7 11277 16 2.000000000
16 38 7 11278 16 2.000000000
16 39 7 11279 16 2.000000000
16 40 7 11280 16 2.000000000
16 41 7 11281 16 2.000000000
16 42 7 11282 16 2.000000000
16 43 7 11283 16 2.000000000
16 44 7 11284 16 2.000000000
16 45 7 11285 16 2.000000000
16 46 7 11286 16 2.000000000
16 47 7 11287 16 2.000000000
16 48 7 11288 16 2.000000000
16 49 7 11289 16 2.000000000
16 50 7 11290 16 2.000000000
16 51 7 11291 16 2.000000000
16 52 7 11292 16 2.000000000
16 53 7 11293 16 2.000000000
16 54 7 11294 16 2.000000000
16 55 7 11295 16 2.000000000
16 56 7 11296 16 2.000000000
16 57 7 11297 16 2.000000000
16 58 7 11298 16 2.000000000
16 59 7 11299 16 2.000000000
16 60 7 11300 16 2.000000000
16 61 7 11301 16 2.000000000
16 62 7 11302 16 2.000000000
16 63 7 11303 16 2.000000000
17 0 7 11304 16 2.000000000
17 1 7 11305 16 2.000000000
17 2 7 11306 16 2.000000000
17 3 7 11307 16 2.000000000
17 4 7 11308 16 2.000000000
17 5 7 11309 16 2.000000000
17 6 7 11310 16 2.000000000
17 7 7 11311 16 2.000000000
17 8 7 11312 16 2.000000000
17 9 7 11313 16 2.000000000
17 10 7 11314 16 2.000000000
17 11 7 11315 16 2.000000000
17 12 7 11316 16 2.000000000
17 13 7 11317 16 2.000000000
17 14 7 11318 16 2.000000000
17 15 7 11319 16 2.000000000
17 24 7 11320 16 2.000000000
17 25 7 11321 16 2.000000000
17 26 7 11322 16 2.000000000
17 27 7 11323 16 2.000000000
17 28 7 11324 16 2.000000000
17 29 7 11325 16 2.000000000
17 30 7 11326 16 2.000000000
17 31 7 11327 16 2.000000000
17 32 7 11328 16 2.000000000
17 33 7 11329 16 2.000000000
17 34 7 11330 16 2.000000000
17 35 7 11331 16 2.000000000
17 36 7 11332 16 2.000000000
17 37 7 11333 16 2.000000000
17 38 7 11334 16 2.000000000
17 39 7 11335 16 2.000000000
17 40 7 11336 16 2.000000000
17 41 7 11337 16 2.000000000
17 42 7 11338 16 2.000000000
17 43 7 11339 16 2.000000000
17 44 7 11340 16 2.000000000
17 45 7 11341 16 2.000000000
17 46 7 11342 16 2.000000000
17 47 7 11343 16 2.000000000
17 48 7 11344 16 2.000000000
17 49 7 11345 16 2.000000000
17 50 7 11346 16 2.000000000
17 51 7 11347 16 2.000000000
17 52 7 11348 16 2.000000000
17 53 7 11349 16 2.000000000
17 54 7 11350 16 2.000000000
17 55 7 11351 16 2.000000000
17 56 7 11352 16 2.000000000
17 57 7 11353 16 2.000000000
17 58 7 11354 16 2.000000000
17 59 7 11355 16 2.000000000
17 60 7 11356 16 2.000000000
17 61 7 11357 16 2.000000000
17 62 7 11358 16 2.000000000
17 63 7 11359 16 2.000000000
18 0 7 11360 16 2.000000000
18 1 7 11361 16 2.000000000
18 2 7 11362 16 2.000000000
18 3 7 11363 16 2.000000000
18 4 7 11364 16 2.000000000
18 5 7 11365 16 2.000000000
18 6 7 11366 16 2.000000000
18 7 7 11367 16 2.000000000
18 8 7 11368 16 2.000000000
18 9 7 11369 16 2.000000000
18 10 7 11370 16 2.000000000
18 11 7 11371 16 2.000000000
18 12 7 11372 16 2.000000000
18 13 7 11373 16 2.000000000
18 14 7 11374 16 2.000000000
18 15 7 11375 16 2.000000000
18 24 7 11376 16 2.000000000
18 25 7 11377 16 2.000000000
18 26 7 11378 16 2.000000000
18 27 7 11379 16 2.000000000
18 28 7 11380 16 2.000000000
18 29 7 11381 16 2.000000000
18 30 7 11382 16 2.000000000
18 31 7 11383 16 2.000000000
18 32 7 11384 16 2.000000000
18 33 7 11385 16 2.000000000
18 34 7 11386 16 2.000000000
18 35 7 11387 16 2.000000000
18 36 7 11388 16 2.000000000
18 37 7 11389 16 2.000000000
18 38 7 11390 16 2.000000000
18 39 7 11391 16 2.000000000
18 40 7 11392 16 2.000000000
18 41 7 11393 16 2.000000000
18 42 7 11394 16 2.000000000
18 43 7 11395 16 2.000000000
18 44 7 11396 16 2.000000000
18 45 7 11397 16 2.000000000
18 46 7 11398 16 2.000000000
18 47 7 11399 16 2.000000000
18 48 7 11400 16 2.000000000
18 49 7 11401 16 2.000000000
18 50 7 11402 16 2.000000000
18 51 7 11403 16 2.000000000
18 52 7 11404 16 2.000000000
18 53 7 11405 16 2.000000000
18 54 7 11406 16 2.000000000
18 55 7 11407 16 2.000000000
18 56 7 11408 16 2.000000000
18 57 7 11409 16 2.000000000
18 58 7 11410 16 2.000000000
18 59 7 11411 16 2.000000000
18 60 7 11412 16 2.000000000
18 61 7 11413 16 2.000000000
18 62 7 11414 16 2.000000000
18 63 7 11415 16 2.000000000
19 0 7 11416 16 2.000000000
19 1 7 11417 16 2.000000000
19 2 7 11418 16 2.000000000
19 3 7 11419 16 2.000000000
19 4 7 11420 16 2.000000000
19 5 7 11421 16 2.000000000
19 6 7 11422 16 2.000000000
19 7 7 11423 16 2.000000000
19 8 7 11424 16 2.000000000
19 9 7 11425 16 2.000000000
19 10 7 11426 16 2.000000000
19 11 7 11427 16 2.000000000
19 12 7 11428 16 2.000000000
19 13 7 11429 16 2.000000000
19 14 7 11430 16 2.000000000
19 15 7 11431 16 2.000000000
19 24 7 11432 16 2.000000000
19 25 7 11433 16 2.000000000
19 26 7 11434 16 2.000000000
19 27 7 11435 16 2.000000000
19 28 7 11436 16 2.000000000
19 29 7 11437 16 2.000000000
19 30 7 11438 16 2.000000000
19 31 7 11439 16 2.000000000
19 32 7 11440 16 2.000000000
19 33 7 11441 16 2.000000000
19 34 7 11442 16 2.000000000
19 35 7 11443 16 2.000000000
19 36 7 11444 16 2.000000000
19 37 7 11445 16 2.000000000
19 38 7 11446 16 2.000000000
19 39 7 11447 16 2.000000000
19 40 7 11448 16 2.000000000
19 41 7 11449 16 2.000000000
19 42 7 11450 16 2.000000000
19 43 7 11451 16 2.000000000
19 44 7 11452 16 2.000000000
19 45 7 11453 16 2.000000000
19 46 7 11454 16 2.000000000
19 47 7 11455 16 2.000000000
19 48 7 11456 16 2.000000000
19 49 7 11457 16 2.000000000
19 50 7 11458 16 2.000000000
19 51 7 11459 16 2.000000000
19 52 7 11460 16 2.000000000
19 53 7 11461 16 2.000000000
19 54 7 11462 16 2.000000000
19 55 7 11463 16 2.000000000
19 56 7 11464 16 2.000000000
19 57 7 11465 16 2.000000000
19 58 7 11466 16 2.000000000
19 59 7 11467 16 2.000000000
19 60 7 11468 16 2.000000000
19 61 7 11469 16 2.000000000
19 62 7 11470 16 2.000000000
19 63 7 11471 16 2.000000000
20 0 7 11472 16 2.000000000
20 1 7 11473 16 2.000000000
20 2 7 11474 16 2.000000000
20 3 7 11475 16 2.000000000
20 4 7 11476 16 2.000000000
20 5 7 11477 16 2.000000000
20 6 7 11478 16 2.000000000
20 7 7 11479 16 2.000000000
20 8 7 11480 16 2.000000000
20 9 7 11481 16 2.000000000
20 10 7 11482 16 2.000000000
20 11 7 11483 16 2.000000000
20 12 7 11484 16 2.000000000
20 13 7 11485 16 2.000000000
20 14 7 11486 16 2.000000000
20 15 7 11487 16 2.000000000
20 24 7 11488 16 2.000000000
20 25 7 11489 16 2.000000000
20 26 7 11490 16 2.000000000
20 27 7 11491 16 2.000000000
20 28 7 11492 16 2.000000000
20 29 7 11493 16 2.000000000
20 30 7 11494 16 2.000000000
20 31 7 11495 16 2.000000000
20 32 7 11496 16 2.000000000
20 33 7 11497 16 2.000000000
20 34 7 11498 16 2.000000000
20 35 7 11499 16 2.000000000
20 36 7 11500 16 2.000000000
20 37 7 11501 16 2.000000000
20 38 7 11502 16 2.000000000
20 39 7 11503 16 2.000000000
20 40 7 11504 16 2.000000000
20 41 7 11505 16 2.000000000
20 42 7 11506 16 2.000000000
20 43 7 11507 16 2.000000000
20 44 7 11508 16 2.000000000
20 45 7 11509 16 2.000000000
20 46 7 11510 16 2.000000000
20 47 7 11511 16 2.000000000
20 48 7 11512 16 2.000000000
20 49 7 11513 16 2.000000000
20 50 7 11514 16 2.000000000
20 51 7 11515 16 2.000000000
20 52 7 11516 16 2.000000000
20 53 7 11517 16 2.000000000
20 54 7 11518 16 2.000000000
20 55 7 11519 16 2.000000000
20 56 7 11520 16 2.000000000
20 57 7 11521 16 2.000000000
20 58 7 11522 16 2.000000000
20 59 7 11523 16 2.000000000
20 60 7 11524 16 2.000000000
20 61 7 11525 16 2.000000000
20 62 7 11526 16 2.000000000
20 63 7 11527 16 2.000000000
21 0 7 11528 16 2.000000000
21 1 7 11529 16 2.000000000
21 2 7 11530 16 2.000000000
21 3 7 11531 16 2.000000000
21 4 7 11532 16 2.000000000
21 5 7 11533 16 2.000000000
21 6 7 11534 16 2.000000000
21 7 7 11535 16 2.000000000
21 8 7 11536 16 2.000000000
21 9 7 11537 16 2.000000000
21 10 7 11538 16 2.000000000
21 11 7 11539 16 2.000000000
21 12 7 11540 16 2.000000000
21 13 7 11541 16 2.000000000
21 14 7 11542 16 2.000000000
21 15 7 11543 16 2.000000000
21 24 7 11544 16 2.000000000
21 25 7 11545 16 2.000000000
21 26 7 11546 16 2.000000000
21 27 7 11547 16 2.000000000
21 28 7 11548 16 2.000000000
21 29 7 11549 16 2.000000000
21 30 7 11550 16 2.000000000
21 31 7 11551 16 2.000000000
21 32 7 11552 16 2.000000000
21 33 7 11553 16 2.000000000
21 34 7 11554 16 2.000000000
21 35 7 11555 16 2.000000000
21 36 7 11556 16 2.000000000
21 37 7 11557 16 2.000000000
21 38 7 11558 16 2.000000000
21 39 7 11559 16 2.000000000
21 40 7 11560 16 2.000000000
21 41 7 11561 16 2.000000000
21 42 7 11562 16 2.000000000
21 43 7 11563 16 2.000000000
21 44 7 11564 16 2.000000000
21 45 7 11565 16 2.000000000
21 46 7 11566 16 2.000000000
21 47 7 11567 16 2.000000000
21 48 7 11568 16 2.000000000
21 49 7 11569 16 2.000000000
21 50 7 11570 16 2.000000000
21 51 7 11571 16 2.000000000
21 52 7 11572 16 2.000000000
21 53 7 11573 16 2.000000000
21 54 7 11574 16 2.000000000
21 55 7 11575 16 2.000000000
21 56 7 11576 16 2.000000000
21 57 7 11577 16 2.000000000
21 58 7 11578 16 2.000000000
21 59 7 11579 16 2.000000000
21 60 7 11580 16 2.000000000
21 61 7 11581 16 2.000000000
21 62 7 11582 16 2.000000000
21 63 7 11583 16 2.000000000
22 0 7 11584 16 2.000000000
22 1 7 11585 16 2.000000000
22 2 7 11586 16 2.000000000
22 3 7 11587 16 2.000000000
22 4 7 11588 16 2.000000000
22 5 7 11589 16 2.000000000
22 6 7 11590 16 2.000000000
22 7 7 11591 16 2.000000000
22 8 7 11592 16 2.000000000
22 9 7 11593 16 2.000000000
22 10 7 11594 16 2.000000000
22 11 7 11595 16 2.000000000
22 12 7 11596 16 2.000000000
22 13 7 11597 16 2.000000000
22 14 7 11598 16 2.000000000
22 15 7 11599 16 2.000000000
22 24 7 11600 16 2.000000000
22 25 7 11601 16 2.000000000
22 26 7 11602 16 2.000000000
22 27 7 11603 16 2.000000000
22 28 7 11604 16 2.000000000
22 29 7 11605 16 2.000000000
22 30 7 11606 16 2.000000000
22 31 7 11607 16 2.000000000
22 32 7 11608 16 2.000000000
22 33 7 11609 16 2.000000000
22 34 7 11610 16 2.000000000
22 35 7 11611 16 2.000000000
22 36 7 11612 16 2.000000000
22 37 7 11613 16 2.000000000
22 38 7 11614 16 2.000000000
22 39 7 11615 16 2.000000000
22 40 7 11616 16 2.000000000
22 41 7 11617 16 2.000000000
22 42 7 11618 16 2.000000000
22 43 7 11619 16 2.000000000
22 44 7 11620 16 2.000000000
22 45 7 11621 16 2.000000000
22 46 7 11622 16 2.000000000
22 47 7 11623 16 2.000000000
22 48 7 11624 16 2.000000000
22 49 7 11625 16 2.000000000
22 50 7 11626 16 2.000000000
22 51 7 11627 16 2.000000000
22 52 7 11628 16 2.000000000
22 53 7 11629 16 2.000000000
22 54 7 11630 16 2.000000000
22 55 7 11631 16 2.000000000
22 56 7 11632 16 2.000000000
22 57 7 11633 16 2.000000000
22 58 7 11634 16 2.000000000
22 59 7 11635 16 2.000000000
22 60 7 11636 16 2.000000000
22 61 7 11637 16 2.000000000
22 62 7 11638 16 2.000000000
22 63 7 11639 16 2.000000000
23 0 7 11640 16 2.000000000
23 1 7 11641 16 2.000000000
23 2 7 11642 16 2.000000000
23 3 7 11643 16 2.000000000
23 4 7 11644 16 2.000000000
23 5 7 11645 16 2.000000000
23 6 7 11646 16 2.000000000
23 7 7 11647 16 2.000000000
23 8 7 11648 16 2.000000000
23 9 7 11649 16 2.000000000
23 10 7 11650 16 2.000000000
23 11 7 11651 16 2.000000000
23 12 7 11652 16 2.000000000
23 13 7 11653 16 2.000000000
23 14 7 11654 16 2.000000000
23 15 7 11655 16 2.000000000
23 24 7 11656 16 2.000000000
23 25 7 11657 16 2.000000000
23 26 7 11658 16 2.000000000
23 27 7 11659 16 2.000000000
23 28 7 11660 16 2.000000000
23 29 7 11661 16 2.000000000
23 30 7 11662 16 2.000000000
23 31 7 11663 16 2.000000000
23 32 7 11664 16 2.000000000
23 33 7 11665 16 2.000000000
23 34 7 11666 16 2.000000000
23 35 7 11667 16 2.000000000
23 36 7 11668 16 2.000000000
23 37 7 11669 16 2.000000000
23 38 7 11670 16 2.000000000
23 39 7 11671 16 2.000000000
23 40 7 11672 16 2.000000000
23 41 7 11673 16 2.000000000
23 42 7 11674 16 2.000000000
23 43 7 11675 16 2.000000000
23 44 7 11676 16 2.000000000
23 45 7 11677 16 2.000000000
23 46 7 11678 16 2.000000000
23 47 7 11679 16 2.000000000
23 48 7 11680 16 2.000000000
23 49 7 11681 16 2.000000000
23 50 7 11682 16 2.000000000
23 51 7 11683 16 2.000000000
23 52 7 11684 16 2.000000000
23 53 7 11685 16 2.000000000
23 54 7 11686 16 2.000000000
23 55 7 11687 16 2.000000000
23 56 7 11688 16 2.000000000
23 57 7 11689 16 2.000000000
23 58 7 11690 16 2.000000000
23 59 7 11691 16 2.000000000
23 60 7 11692 16 2.000000000
23 61 7 11693 16 2.000000000
23 62 7 11694 16 2.000000000
23 63 7 11695 16 2.000000000
24 0 7 11696 16 2.000000000
24 1 7 11697 16 2.000000000
24 2 7 11698 16 2.000000000
24 3 7 11699 16 2.000000000
24 4 7 11700 16 2.000000000
24 5 7 11701 16 2.000000000
24 6 7 11702 16 2.000000000
24 7 7 11703 16 2.000000000
24 8 7 11704 16 2.000000000
24 9 7 11705 16 2.000000000
24 10 7 11706 16 2.000000000
24 11 7 11707 16 2.000000000
24 12 7 11708 16 2.000000000
24 13 7 11709 16 2.000000000
24 14 7 11710 16 2.000000000
24 15 7 11711 16 2.000000000
24 16 7 11712 16 2.000000000
24 17 7 11713 16 2.000000000
24 18 7 11714 16 2.000000000
24 19 7 11715 16 2.000000000
24 20 7 11716 16 2.000000000
24 21 7 11717 16 2.000000000
24 22 7 11718 16 2.000000000
24 23 7 11719 16 2.000000000
24 32 7 11720 16 2.000000000
24 33 7 11721 16 2.000000000
24 34 7 11722 16 2.000000000
24 35 7 11723 16 2.000000000
24 36 7 11724 16 2.000000000
24 37 7 11725 16 2.000000000
24 38 7 11726 16 2.000000000
24 39 7 11727 16 2.000000000
24 40 7 11728 16 2.000000000
24 41 7 11729 16 2.000000000
24 42 7 11730 16 2.000000000
24 43 7 11731 16 2.000000000
24 44 7 11732 16 2.000000000
24 45 7 11733 16 2.000000000
24 46 7 11734 16 2.000000000
24 47 7 11735 16 2.000000000
24 48 7 11736 16 2.000000000
24 49 7 11737 16 2.000000000
24 50 7 11738 16 2.000000000
24 51 7 11739 16 2.000000000
24 52 7 11740 16 2.000000000
24 53 7 11741 16 2.000000000
24 54 7 11742 16 2.000000000
24 55 7 11743 16 2.000000000
24 56 7 11744 16 2.000000000
24 57 7 11745 16 2.000000000
24 58 7 11746 16 2.000000000
24 59 7 11747 16 2.000000000
24 60 7 11748 16 2.000000000
24 61 7 11749 16 2.000000000
24 62 7 11750 16 2.000000000
24 63 7 11751 16 2.000000000
25 0 7 11752 16 2.000000000
25 1 7 11753 16 2.000000000
25 2 7 11754 16 2.000000000
25 3 7 11755 16 2.000000000
25 4 7 11756 16 2.000000000
25 5 7 11757 16 2.000000000
25 6 7 11758 16 2.000000000
25 7 7 11759 16 2.000000000
25 8 7 11760 16 2.000000000
25 9 7 11761 16 2.000000000
25 10 7 11762 16 2.000000000
25 11 7 11763 16 2.000000000
25 12 7 11764 16 2.000000000
25 13 7 11765 16 2.000000000
25 14 7 11766 16 2.000000000
25 15 7 11767 16 2.000000000
25 16 7 11768 16 2.000000000
25 17 7 11769 16 2.000000000
25 18 7 11770 16 2.000000000
25 19 7 11771 16 2.000000000
25 20 7 11772 16 2.000000000
25 21 7 11773 16 2.000000000
25 22 7 11774 16 2.000000000
25 23 7 11775 16 2.000000000
25 32 7 11776 16 2.000000000
25 33 7 11777 16 2.000000000
25 34 7 11778 16 2.000000000
25 35 7 11779 16 2.000000000
25 36 7 11780 16 2.000000000
25 37 7 11781 16 2.000000000
25 38 7 11782 16 2.000000000
25 39 7 11783 16 2.000000000
25 40 7 11784 16 2.000000000
25 41 7 11785 16 2.000000000
25 42 7 11786 16 2.000000000
25 43 7 11787 16 2.000000000
25 44 7 11788 16 2.000000000
25 45 7 11789 16 2.000000000
25 46 7 11790 16 2.000000000
25 47 7 11791 16 2.000000000
25 48 7 11792 16 2.000000000
25 49 7 11793 16 2.000000000
25 50 7 11794 16 2.000000000
25 51 7 11795 16 2.000000000
25 52 7 11796 16 2.000000000
25 53 7 11797 16 2.000000000
25 54 7 11798 16 2.000000000
25 55 7 11799 16 2.000000000
25 56 7 11800 16 2.000000000
25 57 7 11801 16 2.000000000
25 58 7 11802 16 2.000000000
25 59 7 11803 16 2.000000000
25 60 7 11804 16 2.000000000
25 61 7 11805 16 2.000000000
25 62 7 11806 16 2.000000000
25 63 7 11807 16 2.000000000
26 0 7 11808 16 2.000000000
26 1 7 11809 16 2.000000000
26 2 7 11810 16 2.000000000
26 3 7 11811 16 2.000000000
26 4 7 11812 16 2.000000000
26 5 7 11813 16 2.000000000
26 6 7 11814 16 2.000000000
26 7 7 11815 16 2.000000000
26 8 7 11816 16 2.000000000
26 9 7 11817 16 2.000000000
26 10 7 11818 16 2.000000000
26 11 7 11819 16 2.000000000
26 12 7 11820 16 2.000000000
26 13 7 11821 16 2.000000000
26 14 7 11822 16 2.000000000
26 15 7 11823 16 2.000000000
26 16 7 11824 16 2.000000000
26 17 7 11825 16 2.000000000
26 18 7 11826 16 2.000000000
26 19 7 11827 16 2.000000000
26 20 7 11828 16 2.000000000
26 21 7 11829 16 2.000000000
26 22 7 11830 16 2.000000000
26 23 7 11831 16 2.000000000
26 32 7 11832 16 2.000000000
26 33 7 11833 16 2.000000000
26 34 7 11834 16 2.000000000
26 35 7 11835 16 2.000000000
26 36 7 11836 16 2.000000000
26 37 7 11837 16 2.000000000
26 38 7 11838 16 2.000000000
26 39 7 11839 16 2.000000000
26 40 7 11840 16 2.000000000
26 41 7 11841 16 2.000000000
26 42 7 11842 16 2.000000000
26 43 7 11843 16 2.000000000
26 44 7 11844 16 2.000000000
26 45 7 11845 16 2.000000000
26 46 7 11846 16 2.000000000
26 47 7 11847 16 2.000000000
26 48 7 11848 16 2.000000000
26 49 7 11849 16 2.000000000
26 50 7 11850 16 2.000000000
26 51 7 11851 16 2.000000000
26 52 7 11852 16 2.000000000
26 53 7 11853 16 2.000000000
26 54 7 11854 16 2.000000000
26 55 7 11855 16 2.000000000
26 56 7 11856 16 2.000000000
26 57 7 11857 16 2.000000000
26 58 7 11858 16 2.000000000
26 59 7 11859 16 2.000000000
26 60 7 11860 16 2.000000000
26 61 7 11861 16 2.000000000
26 62 7 11862 16 2.000000000
26 63 7 11863 16 2.000000000
27 0 7 11864 16 2.000000000
27 1 7 11865 16 2.000000000
27 2 7 11866 16 2.000000000
27 3 7 11867 16 2.000000000
27 4 7 11868 16 2.000000000
27 5 7 11869 16 2.000000000
27 6 7 11870 16 2.000000000
27 7 7 11871 16 2.000000000
27 8 7 11872 16 2.000000000
27 9 7 11873 16 2.000000000
27 10 7 11874 16 2.000000000
27 11 7 11875 16 2.000000000
27 12 7 11876 16 2.000000000
27 13 7 11877 16 2.000000000
27 14 7 11878 16 2.000000000
27 15 7 11879 16 2.000000000
27 16 7 11880 16 2.000000000
27 17 7 11881 16 2.000000000
27 18 7 11882 16 2.000000000
27 19 7 11883 16 2.000000000
27 20 7 11884 16 2.000000000
27 21 7 11885 16 2.000000000
27 22 7 11886 16 2.000000000
27 23 7 11887 16 2.000000000
27 32 7 11888 16 2.000000000
27 33 7 11889 16 2.000000000
27 34 7 11890 16 2.000000000
27 35 7 11891 16 2.000000000
27 36 7 11892 16 2.000000000
27 37 7 11893 16 2.000000000
27 38 7 11894 16 2.000000000
27 39 7 11895 16 2.000000000
27 40 7 11896 16 2.000000000
27 41 7 11897 16 2.000000000
27 42 7 11898 16 2.000000000
27 43 7 11899 16 2.000000000
27 44 7 11900 16 2.000000000
27 45 7 11901 16 2.000000000
27 46 7 11902 16 2.000000000
27 47 7 11903 16 2.000000000
27 48 7 11904 16 2.000000000
27 49 7 11905 16 2.000000000
27 50 7 11906 16 2.000000000
27 51 7 11907 16 2.000000000
27 52 7 11908 16 2.000000000
27 53 7 11909 16 2.000000000
27 54 7 11910 16 2.000000000
27 55 7 11911 16 2.000000000
27 56 7 11912 16 2.000000000
27 57 7 11913 16 2.000000000
27 58 7 11914 16 2.000000000
27 59 7 11915 16 2.000000000
27 60 7 11916 16 2.000000000
27 61 7 11917 16 2.000000000
27 62 7 11918 16 2.000000000
27 63 7 11919 16 2.000000000
28 0 7 11920 16 2.000000000
28 1 7 11921 16 2.000000000
28 2 7 11922 16 2.000000000
28 3 7 11923 16 2.000000000
28 4 7 11924 16 2.000000000
28 5 7 11925 16 2.000000000
28 6 7 11926 16 2.000000000
28 7 7 11927 16 2.000000000
28 8 7 11928 16 2.000000000
28 9 7 11929 16 2.000000000
28 10 7 11930 16 2.000000000
28 11 7 11931 16 2.000000000
28 12 7 11932 16 2.000000000
28 13 7 11933 16 2.000000000
28 14 7 11934 16 2.000000000
28 15 7 11935 16 2.000000000
28 16 7 11936 16 2.000000000
28 17 7 11937 16 2.000000000
28 18 7 11938 16 2.000000000
28 19 7 11939 16 2.000000000
28 20 7 11940 16 2.000000000
28 21 7 11941 16 2.000000000
28 22 7 11942 16 2.000000000
28 23 7 11943 16 2.000000000
28 32 7 11944 16 2.000000000
28 33 7 11945 16 2.000000000
28 34 7 11946 16 2.000000000
28 35 7 11947 16 2.000000000
28 36 7 11948 16 2.000000000
28 37 7 11949 16 2.000000000
28 38 7 11950 16 2.000000000
28 39 7 11951 16 2.000000000
28 40 7 11952 16 2.000000000
28 41 7 11953 16 2.000000000
28 42 7 11954 16 2.000000000
28 43 7 11955 16 2.000000000
28 44 7 11956 16 2.000000000
28 45 7 11957 16 2.000000000
28 46 7 11958 16 2.000000000
28 47 7 11959 16 2.000000000
28 48 7 11960 16 2.000000000
28 49 7 11961 16 2.000000000
28 50 7 11962 16 2.000000000
28 51 7 11963 16 2.000000000
28 52 7 11964 16 2.000000000
28 53 7 11965 16 2.000000000
28 54 7 11966 16 2.000000000
28 55 7 11967 16 2.000000000
28 56 7 11968 16 2.000000000
28 57 7 11969 16 2.000000000
28 58 7 11970 16 2.000000000
28 59 7 11971 16 2.000000000
28 60 7 11972 16 2.000000000
28 61 7 11973 16 2.000000000
28 62 7 11974 16 2.000000000
28 63 7 11975 16 2.000000000
29 0 7 11976 16 2.000000000
29 1 7 11977 16 2.000000000
29 2 7 11978 16 2.000000000
29 3 7 11979 16 2.000000000
29 4 7 11980 16 2.000000000
29 5 7 11981 16 2.000000000
29 6 7 11982 16 2.000000000
29 7 7 11983 16 2.000000000
29 8 7 11984 16 2.000000000
29 9 7 11985 16 2.000000000
29 10 7 11986 16 2.000000000
29 11 7 11987 16 2.000000000
29 12 7 11988 16 2.000000000
29 13 7 11989 16 2.000000000
29 14 7 11990 16 2.000000000
29 15 7 11991 16 2.000000000
29 16 7 11992 16 2.000000000
29 17 7 11993 16 2.000000000
29 18 7 11994 16 2.000000000
29 19 7 11995 16 2.000000000
29 20 7 11996 16 2.000000000
29 21 7 11997 16 2.000000000
29 22 7 11998 16 2.000000000
29 23 7 11999 16 2.000000000
29 32 7 12000 16 2.000000000
29 33 7 12001 16 2.000000000
29 34 7 12002 16 2.000000000
29 35 7 12003 16 2.000000000
29 36 7 12004 16 2.000000000
29 37 7 12005 16 2.000000000
29 38 7 12006 16 2.000000000
29 39 7 12007 16 2.000000000
29 40 7 12008 16 2.000000000
29 41 7 12009 16 2.000000000
29 42 7 12010 16 2.000000000
29 43 7 12011 16 2.000000000
29 44 7 12012 16 2.000000000
29 45 7 12013 16 2.000000000
29 46 7 12014 16 2.000000000
29 47 7 12015 16 2.000000000
29 48 7 12016 16 2.000000000
29 49 7 12017 16 2.000000000
29 50 7 12018 16 2.000000000
29 51 7 12019 16 2.000000000
29 52 7 12020 16 2.000000000
29 53 7 12021 16 2.000000000
29 54 7 12022 16 2.000000000
29 55 7 12023 16 2.000000000
29 56 7 12024 16 2.000000000
29 57 7 12025 16 2.000000000
29 58 7 12026 16 2.000000000
29 59 7 12027 16 2.000000000
29 60 7 12028 16 2.000000000
29 61 7 12029 16 2.000000000
29 62 7 12030 16 2.000000000
29 63 7 12031 16 2.000000000
30 0 7 12032 16 2.000000000
30 1 7 12033 16 2.000000000
30 2 7 12034 16 2.000000000
30 3 7 12035 16 2.000000000
30 4 7 12036 16 2.000000000
30 5 7 12037 16 2.000000000
30 6 7 12038 16 2.000000000
30 7 7 12039 16 2.000000000
30 8 7 12040 16 2.000000000
30 9 7 12041 16 2.000000000
30 10 7 12042 16 2.000000000
30 11 7 12043 16 2.000000000
30 12 7 12044 16 2.000000000
30 13 7 12045 16 2.000000000
30 14 7 12046 16 2.000000000
30 15 7 12047 16 2.000000000
30 16 7 12048 16 2.000000000
30 17 7 12049 16 2.000000000
30 18 7 12050 16 2.000000000
30 19 7 12051 16 2.000000000
30 20 7 12052 16 2.000000000
30 21 7 12053 16 2.000000000
30 22 7 12054 16 2.000000000
30 23 7 12055 16 2.000000000
30 32 7 12056 16 2.000000000
30 33 7 12057 16 2.000000000
30 34 7 12058 16 2.000000000
30 35 7 12059 16 2.000000000
30 36 7 12060 16 2.000000000
30 37 7 12061 16 2.000000000
30 38 7 12062 16 2.000000000
30 39 7 12063 16 2.000000000
30 40 7 12064 16 2.000000000
30 41 7 12065 16 2.000000000
30 42 7 12066 16 2.000000000
30 43 7 12067 16 2.000000000
30 44 7 12068 16 2.000000000
30 45 7 12069 16 2.000000000
30 46 7 12070 16 2.000000000
30 47 7 12071 16 2.000000000
30 48 7 12072 16 2.000000000
30 49 7 12073 16 2.000000000
30 50 7 12074 16 2.000000000
30 51 7 12075 16 2.000000000
30 52 7 12076 16 2.000000000
30 53 7 12077 16 2.000000000
30 54 7 12078 16 2.000000000
30 55 7 12079 16 2.000000000
30 56 7 12080 16 2.000000000
30 57 7 12081 16 2.000000000
30 58 7 12082 16 2.000000000
30 59 7 12083 16 2.000000000
30 60 7 12084 16 2.000000000
30 61 7 12085 16 2.000000000
30 62 7 12086 16 2.000000000
30 63 7 12087 16 2.000000000
31 0 7 12088 16 2.000000000
31 1 7 12089 16 2.000000000
31 2 7 12090 16 2.000000000
31 3 7 12091 16 2.000000000
31 4 7 12092 16 2.000000000
31 5 7 12093 16 2.000000000
31 6 7 12094 16 2.000000000
31 7 7 12095 16 2.000000000
31 8 7 12096 16 2.000000000
31 9 7 12097 16 2.000000000
31 10 7 12098 16 2.000000000
31 11 7 12099 16 2.000000000
31 12 7 12100 16 2.000000000
31 13 7 12101 16 2.000000000
31 14 7 12102 16 2.000000000
31 15 7 12103 16 2.000000000
31 16 7 12104 16 2.000000000
31 17 7 12105 16 2.000000000
31 18 7 12106 16 2.000000000
31 19 7 12107 16 2.000000000
31 20 7 12108 16 2.000000000
31 21 7 12109 16 2.000000000
31 22 7 12110 16 2.000000000
31 23 7 12111 16 2.000000000
31 32 7 12112 16 2.000000000
31 33 7 12113 16 2.000000000
31 34 7 12114 16 2.000000000
31 35 7 12115 16 2.000000000
31 36 7 12116 16 2.000000000
31 37 7 12117 16 2.000000000
31 38 7 12118 16 2.000000000
31 39 7 12119 16 2.000000000
31 40 7 12120 16 2.000000000
31 41 7 12121 16 2.000000000
31 42 7 12122 16 2.000000000
31 43 7 12123 16 2.000000000
31 44 7 12124 16 2.000000000
31 45 7 12125 16 2.000000000
31 46 7 12126 16 2.000000000
31 47 7 12127 16 2.000000000
31 48 7 12128 16 2.000000000
31 49 7 12129 16 2.000000000
31 50 7 12130 16 2.000000000
31 51 7 12131 16 2.000000000
31 52 7 12132 16 2.000000000
31 53 7 12133 16 2.000000000
31 54 7 12134 16 2.000000000
31 55 7 12135 16 2.000000000
31 56 7 12136 16 2.000000000
31 57 7 12137 16 2.000000000
31 58 7 12138 16 2.000000000
31 59 7 12139 16 2.000000000
31 60 7 12140 16 2.000000000
31 61 7 12141 16 2.000000000
31 62 7 12142 16 2.000000000
31 63 7 12143 16 2.000000000
0 64 7 12144 16 2.000000000
1 65 7 12145 16 2.000000000
2 66 7 12146 16 2.000000000
3 67 7 12147 16 2.000000000
4 68 7 12148 16 2.000000000
5 69 7 12149 16 2.000000000
6 70 7 12150 16 2.000000000
7 71 7 12151 16 2.000000000
8 72 7 12152 16 2.000000000
9 73 7 12153 16 2.000000000
10 74 7 12154 16 2.000000000
11 75 7 12155 16 2.000000000
12 76 7 12156 16 2.000000000
13 77 7 12157 16 2.000000000
14 78 7 12158 16 2.000000000
15 79 7 12159 16 2.000000000
16 80 7 12160 16 2.000000000
17 81 7 12161 16 2.000000000
18 82 7 12162 16 2.000000000
19 83 7 12163 16 2.000000000
20 84 7 12164 16 2.000000000
21 85 7 12165 16 2.000000000
22 86 7 12166 16 2.000000000
23 87 7 12167 16 2.000000000
24 88 7 12168 16 2.000000000
25 89 7 12169 16 2.000000000
26 90 7 12170 16 2.000000000
27 91 7 12171 16 2.000000000
28 92 7 12172 16 2.000000000
29 93 7 12173 16 2.000000000
30 94 7 12174 16 2.000000000
31 95 7 12175 16 2.000000000
