1260
0 1 7 10000 1 2.000000000
0 2 7 10001 1 2.000000000
0 3 7 10002 1 2.000000000
0 4 7 10003 1 2.000000000
0 5 7 10004 1 2.000000000
0 6 7 10005 1 2.000000000
0 7 7 10006 1 2.000000000
0 8 7 10007 1 2.000000000
0 9 7 10008 1 2.000000000
0 10 7 10009 1 2.000000000
0 11 7 10010 1 2.000000000
0 12 7 10011 1 2.000000000
0 13 7 10012 1 2.000000000
0 14 7 10013 1 2.000000000
0 15 7 10014 1 2.000000000
0 16 7 10015 1 2.000000000
0 17 7 10016 1 2.000000000
0 18 7 10017 1 2.000000000
0 19 7 10018 1 2.000000000
0 20 7 10019 1 2.000000000
0 21 7 10020 1 2.000000000
0 22 7 10021 1 2.000000000
0 23 7 10022 1 2.000000000
0 24 7 10023 1 2.000000000
0 25 7 10024 1 2.000000000
0 26 7 10025 1 2.000000000
0 27 7 10026 1 2.000000000
0 28 7 10027 1 2.000000000
0 29 7 10028 1 2.000000000
0 30 7 10029 1 2.000000000
0 31 7 10030 1 2.000000000
0 32 7 10031 1 2.000000000
0 33 7 10032 1 2.000000000
0 34 7 10033 1 2.000000000
0 35 7 10034 1 2.000000000
1 0 7 10035 1 2.000000000
1 2 7 10036 1 2.000000000
1 3 7 10037 1 2.000000000
1 4 7 10038 1 2.000000000
1 5 7 10039 1 2.000000000
1 6 7 10040 1 2.000000000
1 7 7 10041 1 2.000000000
1 8 7 10042 1 2.000000000
1 9 7 10043 1 2.000000000
1 10 7 10044 1 2.000000000
1 11 7 10045 1 2.000000000
1 12 7 10046 1 2.000000000
1 13 7 10047 1 2.000000000
1 14 7 10048 1 2.000000000
1 15 7 10049 1 2.000000000
1 16 7 10050 1 2.000000000
1 17 7 10051 1 2.000000000
1 18 7 10052 1 2.000000000
1 19 7 10053 1 2.000000000
1 20 7 10054 1 2.000000000
1 21 7 10055 1 2.000000000
1 22 7 10056 1 2.000000000
1 23 7 10057 1 2.000000000
1 24 7 10058 1 2.000000000
1 25 7 10059 1 2.000000000
1 26 7 10060 1 2.000000000
1 27 7 10061 1 2.000000000
1 28 7 10062 1 2.000000000
1 29 7 10063 1 2.000000000
1 30 7 10064 1 2.000000000
1 31 7 10065 1 2.000000000
1 32 7 10066 1 2.000000000
1 33 7 10067 1 2.000000000
1 34 7 10068 1 2.000000000
1 35 7 10069 1 2.000000000
2 0 7 10070 1 2.000000000
2 1 7 10071 1 2.000000000
2 3 7 10072 1 2.000000000
2 4 7 10073 1 2.000000000
2 5 7 10074 1 2.000000000
2 6 7 10075 1 2.000000000
2 7 7 10076 1 2.000000000
2 8 7 10077 1 2.000000000
2 9 7 10078 1 2.000000000
2 10 7 10079 1 2.000000000
2 11 7 10080 1 2.000000000
2 12 7 10081 1 2.000000000
2 13 7 10082 1 2.000000000
2 14 7 10083 1 2.000000000
2 15 7 10084 1 2.000000000
2 16 7 10085 1 2.000000000
2 17 7 10086 1 2.000000000
2 18 7 10087 1 2.000000000
2 19 7 10088 1 2.000000000
2 20 7 10089 1 2.000000000
2 21 7 10090 1 2.000000000
2 22 7 10091 1 2.000000000
2 23 7 10092 1 2.000000000
2 24 7 10093 1 2.000000000
2 25 7 10094 1 2.000000000
2 26 7 10095 1 2.000000000
2 27 7 10096 1 2.000000000
2 28 7 10097 1 2.000000000
2 29 7 10098 1 2.000000000
2 30 7 10099 1 2.000000000
2 31 7 10100 1 2.000000000
2 32 7 10101 1 2.000000000
2 33 7 10102 1 2.000000000
2 34 7 10103 1 2.000000000
2 35 7 10104 1 2.000000000
3 0 7 10105 1 2.000000000
3 1 7 10106 1 2.000000000
3 2 7 10107 1 2.000000000
3 4 7 10108 1 2.000000000
3 5 7 10109 1 2.000000000
3 6 7 10110 1 2.000000000
3 7 7 10111 1 2.000000000
3 8 7 10112 1 2.000000000
3 9 7 10113 1 2.000000000
3 10 7 10114 1 2.000000000
3 11 7 10115 1 2.000000000
3 12 7 10116 1 2.000000000
3 13 7 10117 1 2.000000000
3 14 7 10118 1 2.000000000
3 15 7 10119 1 2.000000000
3 16 7 10120 1 2.000000000
3 17 7 10121 1 2.000000000
3 18 7 10122 1 2.000000000
3 19 7 10123 1 2.000000000
3 20 7 10124 1 2.000000000
3 21 7 10125 1 2.000000000
3 22 7 10126 1 2.000000000
3 23 7 10127 1 2.000000000
3 24 7 10128 1 2.000000000
3 25 7 10129 1 2.000000000
3 26 7 10130 1 2.000000000
3 27 7 10131 1 2.000000000
3 28 7 10132 1 2.000000000
3 29 7 10133 1 2.000000000
3 30 7 10134 1 2.000000000
3 31 7 10135 1 2.000000000
3 32 7 10136 1 2.000000000
3 33 7 10137 1 2.000000000
3 34 7 10138 1 2.000000000
3 35 7 10139 1 2.000000000
4 0 7 10140 1 2.000000000
4 1 7 10141 1 2.000000000
4 2 7 10142 1 2.000000000
4 3 7 10143 1 2.000000000
4 5 7 10144 1 2.000000000
4 6 7 10145 1 2.000000000
4 7 7 10146 1 2.000000000
4 8 7 10147 1 2.000000000
4 9 7 10148 1 2.000000000
4 10 7 10149 1 2.000000000
4 11 7 10150 1 2.000000000
4 12 7 10151 1 2.000000000
4 13 7 10152 1 2.000000000
4 14 7 10153 1 2.000000000
4 15 7 10154 1 2.000000000
4 16 7 10155 1 2.000000000
4 17 7 10156 1 2.000000000
4 18 7 10157 1 2.000000000
4 19 7 10158 1 2.000000000
4 20 7 10159 1 2.000000000
4 21 7 10160 1 2.000000000
4 22 7 10161 1 2.000000000
4 23 7 10162 1 2.000000000
4 24 7 10163 1 2.000000000
4 25 7 10164 1 2.000000000
4 26 7 10165 1 2.000000000
4 27 7 10166 1 2.000000000
4 28 7 10167 1 2.000000000
4 29 7 10168 1 2.000000000
4 30 7 10169 1 2.000000000
4 31 7 10170 1 2.000000000
4 32 7 10171 1 2.000000000
4 33 7 10172 1 2.000000000
4 34 7 10173 1 2.000000000
4 35 7 10174 1 2.000000000
5 0 7 10175 1 2.000000000
5 1 7 10176 1 2.000000000
5 2 7 10177 1 2.000000000
5 3 7 10178 1 2.000000000
5 4 7 10179 1 2.000000000
5 6 7 10180 1 2.000000000
5 7 7 10181 1 2.000000000
5 8 7 10182 1 2.000000000
5 9 7 10183 1 2.000000000
5 10 7 10184 1 2.000000000
5 11 7 10185 1 2.000000000
5 12 7 10186 1 2.000000000
5 13 7 10187 1 2.000000000
5 14 7 10188 1 2.000000000
5 15 7 10189 1 2.000000000
5 16 7 10190 1 2.000000000
5 17 7 10191 1 2.000000000
5 18 7 10192 1 2.000000000
5 19 7 10193 1 2.000000000
5 20 7 10194 1 2.000000000
5 21 7 10195 1 2.000000000
5 22 7 10196 1 2.000000000
5 23 7 10197 1 2.000000000
5 24 7 10198 1 2.000000000
5 25 7 10199 1 2.000000000
5 26 7 10200 1 2.000000000
5 27 7 10201 1 2.000000000
5 28 7 10202 1 2.000000000
5 29 7 10203 1 2.000000000
5 30 7 10204 1 2.000000000
5 31 7 10205 1 2.000000000
5 32 7 10206 1 2.000000000
5 33 7 10207 1 2.000000000
5 34 7 10208 1 2.000000000
5 35 7 10209 1 2.000000000
6 0 7 10210 1 2.000000000
6 1 7 10211 1 2.000000000
6 2 7 10212 1 2.000000000
6 3 7 10213 1 2.000000000
6 4 7 10214 1 2.000000000
6 5 7 10215 1 2.000000000
6 7 7 10216 1 2.000000000
6 8 7 10217 1 2.000000000
6 9 7 10218 1 2.000000000
6 10 7 10219 1 2.000000000
6 11 7 10220 1 2.000000000
6 12 7 10221 1 2.000000000
6 13 7 10222 1 2.000000000
6 14 7 10223 1 2.000000000
6 15 7 10224 1 2.000000000
6 16 7 10225 1 2.000000000
6 17 7 10226 1 2.000000000
6 18 7 10227 1 2.000000000
6 19 7 10228 1 2.000000000
6 20 7 10229 1 2.000000000
6 21 7 10230 1 2.000000000
6 22 7 10231 1 2.000000000
6 23 7 10232 1 2.000000000
6 24 7 10233 1 2.000000000
6 25 7 10234 1 2.000000000
6 26 7 10235 1 2.000000000
6 27 7 10236 1 2.000000000
6 28 7 10237 1 2.000000000
6 29 7 10238 1 2.000000000
6 30 7 10239 1 2.000000000
6 31 7 10240 1 2.000000000
6 32 7 10241 1 2.000000000
6 33 7 10242 1 2.000000000
6 34 7 10243 1 2.000000000
6 35 7 10244 1 2.000000000
7 0 7 10245 1 2.000000000
7 1 7 10246 1 2.000000000
7 2 7 10247 1 2.000000000
7 3 7 10248 1 2.000000000
7 4 7 10249 1 2.000000000
7 5 7 10250 1 2.000000000
7 6 7 10251 1 2.000000000
7 8 7 10252 1 2.000000000
7 9 7 10253 1 2.000000000
7 10 7 10254 1 2.000000000
7 11 7 10255 1 2.000000000
7 12 7 10256 1 2.000000000
7 13 7 10257 1 2.000000000
7 14 7 10258 1 2.000000000
7 15 7 10259 1 2.000000000
7 16 7 10260 1 2.000000000
7 17 7 10261 1 2.000000000
7 18 7 10262 1 2.000000000
7 19 7 10263 1 2.000000000
7 20 7 10264 1 2.000000000
7 21 7 10265 1 2.000000000
7 22 7 10266 1 2.000000000
7 23 7 10267 1 2.000000000
7 24 7 10268 1 2.000000000
7 25 7 10269 1 2.000000000
7 26 7 10270 1 2.000000000
7 27 7 10271 1 2.000000000
7 28 7 10272 1 2.000000000
7 29 7 10273 1 2.000000000
7 30 7 10274 1 2.000000000
7 31 7 10275 1 2.000000000
7 32 7 10276 1 2.000000000
7 33 7 10277 1 2.000000000
7 34 7 10278 1 2.000000000
7 35 7 10279 1 2.000000000
8 0 7 10280 1 2.000000000
8 1 7 10281 1 2.000000000
8 2 7 10282 1 2.000000000
8 3 7 10283 1 2.000000000
8 4 7 10284 1 2.000000000
8 5 7 10285 1 2.000000000
8 6 7 10286 1 2.000000000
8 7 7 10287 1 2.000000000
8 9 7 10288 1 2.000000000
8 10 7 10289 1 2.000000000
8 11 7 10290 1 2.000000000
8 12 7 10291 1 2.000000000
8 13 7 10292 1 2.000000000
8 14 7 10293 1 2.000000000
8 15 7 10294 1 2.000000000
8 16 7 10295 1 2.000000000
8 17 7 10296 1 2.000000000
8 18 7 10297 1 2.000000000
8 19 7 10298 1 2.000000000
8 20 7 10299 1 2.000000000
8 21 7 10300 1 2.000000000
8 22 7 10301 1 2.000000000
8 23 7 10302 1 2.000000000
8 24 7 10303 1 2.000000000
8 25 7 10304 1 2.000000000
8 26 7 10305 1 2.000000000
8 27 7 10306 1 2.000000000
8 28 7 10307 1 2.000000000
8 29 7 10308 1 2.000000000
8 30 7 10309 1 2.000000000
8 31 7 10310 1 2.000000000
8 32 7 10311 1 2.000000000
8 33 7 10312 1 2.000000000
8 34 7 10313 1 2.000000000
8 35 7 10314 1 2.000000000
9 0 7 10315 1 2.000000000
9 1 7 10316 1 2.000000000
9 2 7 10317 1 2.000000000
9 3 7 10318 1 2.000000000
9 4 7 10319 1 2.000000000
9 5 7 10320 1 2.000000000
9 6 7 10321 1 2.000000000
9 7 7 10322 1 2.000000000
9 8 7 10323 1 2.000000000
9 10 7 10324 1 2.000000000
9 11 7 10325 1 2.000000000
9 12 7 10326 1 2.000000000
9 13 7 10327 1 2.000000000
9 14 7 10328 1 2.000000000
9 15 7 10329 1 2.000000000
9 16 7 10330 1 2.000000000
9 17 7 10331 1 2.000000000
9 18 7 10332 1 2.000000000
9 19 7 10333 1 2.000000000
9 20 7 10334 1 2.000000000
9 21 7 10335 1 2.000000000
9 22 7 10336 1 2.000000000
9 23 7 10337 1 2.000000000
9 24 7 10338 1 2.000000000
9 25 7 10339 1 2.000000000
9 26 7 10340 1 2.000000000
9 27 7 10341 1 2.000000000
9 28 7 10342 1 2.000000000
9 29 7 10343 1 2.000000000
9 30 7 10344 1 2.000000000
9 31 7 10345 1 2.000000000
9 32 7 10346 1 2.000000000
9 33 7 10347 1 2.000000000
9 34 7 10348 1 2.000000000
9 35 7 10349 1 2.000000000
10 0 7 10350 1 2.000000000
10 1 7 10351 1 2.000000000
10 2 7 10352 1 2.000000000
10 3 7 10353 1 2.000000000
10 4 7 10354 1 2.000000000
10 5 7 10355 1 2.000000000
10 6 7 10356 1 2.000000000
10 7 7 10357 1 2.000000000
10 8 7 10358 1 2.000000000
10 9 7 10359 1 2.000000000
10 11 7 10360 1 2.000000000
10 12 7 10361 1 2.000000000
10 13 7 10362 1 2.000000000
10 14 7 10363 1 2.000000000
10 15 7 10364 1 2.000000000
10 16 7 10365 1 2.000000000
10 17 7 10366 1 2.000000000
10 18 7 10367 1 2.000000000
10 19 7 10368 1 2.000000000
10 20 7 10369 1 2.000000000
10 21 7 10370 1 2.000000000
10 22 7 10371 1 2.000000000
10 23 7 10372 1 2.000000000
10 24 7 10373 1 2.000000000
10 25 7 10374 1 2.000000000
10 26 7 10375 1 2.000000000
10 27 7 10376 1 2.000000000
10 28 7 10377 1 2.000000000
10 29 7 10378 1 2.000000000
10 30 7 10379 1 2.000000000
10 31 7 10380 1 2.000000000
10 32 7 10381 1 2.000000000
10 33 7 10382 1 2.000000000
10 34 7 10383 1 2.000000000
10 35 7 10384 1 2.000000000
11 0 7 10385 1 2.000000000
11 1 7 10386 1 2.000000000
11 2 7 10387 1 2.000000000
11 3 7 10388 1 2.000000000
11 4 7 10389 1 2.000000000
11 5 7 10390 1 2.000000000
11 6 7 10391 1 2.000000000
11 7 7 10392 1 2.000000000
11 8 7 10393 1 2.000000000
11 9 7 10394 1 2.000000000
11 10 7 10395 1 2.000000000
11 12 7 10396 1 2.000000000
11 13 7 10397 1 2.000000000
11 14 7 10398 1 2.000000000
11 15 7 10399 1 2.000000000
11 16 7 10400 1 2.000000000
11 17 7 10401 1 2.000000000
11 18 7 10402 1 2.000000000
11 19 7 10403 1 2.000000000
11 20 7 10404 1 2.000000000
11 21 7 10405 1 2.000000000
11 22 7 10406 1 2.000000000
11 23 7 10407 1 2.000000000
11 24 7 10408 1 2.000000000
11 25 7 10409 1 2.000000000
11 26 7 10410 1 2.000000000
11 27 7 10411 1 2.000000000
11 28 7 10412 1 2.000000000
11 29 7 10413 1 2.000000000
11 30 7 10414 1 2.000000000
11 31 7 10415 1 2.000000000
11 32 7 10416 1 2.000000000
11 33 7 10417 1 2.000000000
11 34 7 10418 1 2.000000000
11 35 7 10419 1 2.000000000
12 0 7 10420 1 2.000000000
12 1 7 10421 1 2.000000000
12 2 7 10422 1 2.000000000
12 3 7 10423 1 2.000000000
12 4 7 10424 1 2.000000000
12 5 7 10425 1 2.000000000
12 6 7 10426 1 2.000000000
12 7 7 10427 1 2.000000000
12 8 7 10428 1 2.000000000
12 9 7 10429 1 2.000000000
12 10 7 10430 1 2.000000000
12 11 7 10431 1 2.000000000
12 13 7 10432 1 2.000000000
12 14 7 10433 1 2.000000000
12 15 7 10434 1 2.000000000
12 16 7 10435 1 2.000000000
12 17 7 10436 1 2.000000000
12 18 7 10437 1 2.000000000
12 19 7 10438 1 2.000000000
12 20 7 10439 1 2.000000000
12 21 7 10440 1 2.000000000
12 22 7 10441 1 2.000000000
12 23 7 10442 1 2.000000000
12 24 7 10443 1 2.000000000
12 25 7 10444 1 2.000000000
12 26 7 10445 1 2.000000000
12 27 7 10446 1 2.000000000
12 28 7 10447 1 2.000000000
12 29 7 10448 1 2.000000000
12 30 7 10449 1 2.000000000
12 31 7 10450 1 2.000000000
12 32 7 10451 1 2.000000000
12 33 7 10452 1 2.000000000
12 34 7 10453 1 2.000000000
12 35 7 10454 1 2.000000000
13 0 7 10455 1 2.000000000
13 1 7 10456 1 2.000000000
13 2 7 10457 1 2.000000000
13 3 7 10458 1 2.000000000
13 4 7 10459 1 2.000000000
13 5 7 10460 1 2.000000000
13 6 7 10461 1 2.000000000
13 7 7 10462 1 2.000000000
13 8 7 10463 1 2.000000000
13 9 7 10464 1 2.000000000
13 10 7 10465 1 2.000000000
13 11 7 10466 1 2.000000000
13 12 7 10467 1 2.000000000
13 14 7 10468 1 2.000000000
13 15 7 10469 1 2.000000000
13 16 7 10470 1 2.000000000
13 17 7 10471 1 2.000000000
13 18 7 10472 1 2.000000000
13 19 7 10473 1 2.000000000
13 20 7 10474 1 2.000000000
13 21 7 10475 1 2.000000000
13 22 7 10476 1 2.000000000
13 23 7 10477 1 2.000000000
13 24 7 10478 1 2.000000000
13 25 7 10479 1 2.000000000
13 26 7 10480 1 2.000000000
13 27 7 10481 1 2.000000000
13 28 7 10482 1 2.000000000
13 29 7 10483 1 2.000000000
13 30 7 10484 1 2.000000000
13 31 7 10485 1 2.000000000
13 32 7 10486 1 2.000000000
13 33 7 10487 1 2.000000000
13 34 7 10488 1 2.000000000
13 35 7 10489 1 2.000000000
14 0 7 10490 1 2.000000000
14 1 7 10491 1 2.000000000
14 2 7 10492 1 2.000000000
14 3 7 10493 1 2.000000000
14 4 7 10494 1 2.000000000
14 5 7 10495 1 2.000000000
14 6 7 10496 1 2.000000000
14 7 7 10497 1 2.000000000
14 8 7 10498 1 2.000000000
14 9 7 10499 1 2.000000000
14 10 7 10500 1 2.000000000
14 11 7 10501 1 2.000000000
14 12 7 10502 1 2.000000000
14 13 7 10503 1 2.000000000
14 15 7 10504 1 2.000000000
14 16 7 10505 1 2.000000000
14 17 7 10506 1 2.000000000
14 18 7 10507 1 2.000000000
14 19 7 10508 1 2.000000000
14 20 7 10509 1 2.000000000
14 21 7 10510 1 2.000000000
14 22 7 10511 1 2.000000000
14 23 7 10512 1 2.000000000
14 24 7 10513 1 2.000000000
14 25 7 10514 1 2.000000000
14 26 7 10515 1 2.000000000
14 27 7 10516 1 2.000000000
14 28 7 10517 1 2.000000000
14 29 7 10518 1 2.000000000
14 30 7 10519 1 2.000000000
14 31 7 10520 1 2.000000000
14 32 7 10521 1 2.000000000
14 33 7 10522 1 2.000000000
14 34 7 10523 1 2.000000000
14 35 7 10524 1 2.000000000
15 0 7 10525 1 2.000000000
15 1 7 10526 1 2.000000000
15 2 7 10527 1 2.000000000
15 3 7 10528 1 2.000000000
15 4 7 10529 1 2.000000000
15 5 7 10530 1 2.000000000
15 6 7 10531 1 2.000000000
15 7 7 10532 1 2.000000000
15 8 7 10533 1 2.000000000
15 9 7 10534 1 2.000000000
15 10 7 10535 1 2.000000000
15 11 7 10536 1 2.000000000
15 12 7 10537 1 2.000000000
15 13 7 10538 1 2.000000000
15 14 7 10539 1 2.000000000
15 16 7 10540 1 2.000000000
15 17 7 10541 1 2.000000000
15 18 7 10542 1 2.000000000
15 19 7 10543 1 2.000000000
15 20 7 10544 1 2.000000000
15 21 7 10545 1 2.000000000
15 22 7 10546 1 2.000000000
15 23 7 10547 1 2.000000000
15 24 7 10548 1 2.000000000
15 25 7 10549 1 2.000000000
15 26 7 10550 1 2.000000000
15 27 7 10551 1 2.000000000
15 28 7 10552 1 2.000000000
15 29 7 10553 1 2.000000000
15 30 7 10554 1 2.000000000
15 31 7 10555 1 2.000000000
15 32 7 10556 1 2.000000000
15 33 7 10557 1 2.000000000
15 34 7 10558 1 2.000000000
15 35 7 10559 1 2.000000000
16 0 7 10560 1 2.000000000
16 1 7 10561 1 2.000000000
16 2 7 10562 1 2.000000000
16 3 7 10563 1 2.000000000
16 4 7 10564 1 2.000000000
16 5 7 10565 1 2.000000000
16 6 7 10566 1 2.000000000
16 7 7 10567 1 2.000000000
16 8 7 10568 1 2.000000000
16 9 7 10569 1 2.000000000
16 10 7 10570 1 2.000000000
16 11 7 10571 1 2.000000000
16 12 7 10572 1 2.000000000
16 13 7 10573 1 2.000000000
16 14 7 10574 1 2.000000000
16 15 7 10575 1 2.000000000
16 17 7 10576 1 2.000000000
16 18 7 10577 1 2.000000000
16 19 7 10578 1 2.000000000
16 20 7 10579 1 2.000000000
16 21 7 10580 1 2.000000000
16 22 7 10581 1 2.000000000
16 23 7 10582 1 2.000000000
16 24 7 10583 1 2.000000000
16 25 7 10584 1 2.000000000
16 26 7 10585 1 2.000000000
16 27 7 10586 1 2.000000000
16 28 7 10587 1 2.000000000
16 29 7 10588 1 2.000000000
16 30 7 10589 1 2.000000000
16 31 7 10590 1 2.000000000
16 32 7 10591 1 2.000000000
16 33 7 10592 1 2.000000000
16 34 7 10593 1 2.000000000
16 35 7 10594 1 2.000000000
17 0 7 10595 1 2.000000000
17 1 7 10596 1 2.000000000
17 2 7 10597 1 2.000000000
17 3 7 10598 1 2.000000000
17 4 7 10599 1 2.000000000
17 5 7 10600 1 2.000000000
17 6 7 10601 1 2.000000000
17 7 7 10602 1 2.000000000
17 8 7 10603 1 2.000000000
17 9 7 10604 1 2.000000000
17 10 7 10605 1 2.000000000
17 11 7 10606 1 2.000000000
17 12 7 10607 1 2.000000000
17 13 7 10608 1 2.000000000
17 14 7 10609 1 2.000000000
17 15 7 10610 1 2.000000000
17 16 7 10611 1 2.000000000
17 18 7 10612 1 2.000000000
17 19 7 10613 1 2.000000000
17 20 7 10614 1 2.000000000
17 21 7 10615 1 2.000000000
17 22 7 10616 1 2.000000000
17 23 7 10617 1 2.000000000
17 24 7 10618 1 2.000000000
17 25 7 10619 1 2.000000000
17 26 7 10620 1 2.000000000
17 27 7 10621 1 2.000000000
17 28 7 10622 1 2.000000000
17 29 7 10623 1 2.000000000
17 30 7 10624 1 2.000000000
17 31 7 10625 1 2.000000000
17 32 7 10626 1 2.000000000
17 33 7 10627 1 2.000000000
17 34 7 10628 1 2.000000000
17 35 7 10629 1 2.000000000
18 0 7 10630 1 2.000000000
18 1 7 10631 1 2.000000000
18 2 7 10632 1 2.000000000
18 3 7 10633 1 2.000000000
18 4 7 10634 1 2.000000000
18 5 7 10635 1 2.000000000
18 6 7 10636 1 2.000000000
18 7 7 10637 1 2.000000000
18 8 7 10638 1 2.000000000
18 9 7 10639 1 2.000000000
18 10 7 10640 1 2.000000000
18 11 7 10641 1 2.000000000
18 12 7 10642 1 2.000000000
18 13 7 10643 1 2.000000000
18 14 7 10644 1 2.000000000
18 15 7 10645 1 2.000000000
18 16 7 10646 1 2.000000000
18 17 7 10647 1 2.000000000
18 19 7 10648 1 2.000000000
18 20 7 10649 1 2.000000000
18 21 7 10650 1 2.000000000
18 22 7 10651 1 2.000000000
18 23 7 10652 1 2.000000000
18 24 7 10653 1 2.000000000
18 25 7 10654 1 2.000000000
18 26 7 10655 1 2.000000000
18 27 7 10656 1 2.000000000
18 28 7 10657 1 2.000000000
18 29 7 10658 1 2.000000000
18 30 7 10659 1 2.000000000
18 31 7 10660 1 2.000000000
18 32 7 10661 1 2.000000000
18 33 7 10662 1 2.000000000
18 34 7 10663 1 2.000000000
18 35 7 10664 1 2.000000000
19 0 7 10665 1 2.000000000
19 1 7 10666 1 2.000000000
19 2 7 10667 1 2.000000000
19 3 7 10668 1 2.000000000
19 4 7 10669 1 2.000000000
19 5 7 10670 1 2.000000000
19 6 7 10671 1 2.000000000
19 7 7 10672 1 2.000000000
19 8 7 10673 1 2.000000000
19 9 7 10674 1 2.000000000
19 10 7 10675 1 2.000000000
19 11 7 10676 1 2.000000000
19 12 7 10677 1 2.000000000
19 13 7 10678 1 2.000000000
19 14 7 10679 1 2.000000000
19 15 7 10680 1 2.000000000
19 16 7 10681 1 2.000000000
19 17 7 10682 1 2.000000000
19 18 7 10683 1 2.000000000
19 20 7 10684 1 2.000000000
19 21 7 10685 1 2.000000000
19 22 7 10686 1 2.000000000
19 23 7 10687 1 2.000000000
19 24 7 10688 1 2.000000000
19 25 7 10689 1 2.000000000
19 26 7 10690 1 2.000000000
19 27 7 10691 1 2.000000000
19 28 7 10692 1 2.000000000
19 29 7 10693 1 2.000000000
19 30 7 10694 1 2.000000000
19 31 7 10695 1 2.000000000
19 32 7 10696 1 2.000000000
19 33 7 10697 1 2.000000000
19 34 7 10698 1 2.000000000
19 35 7 10699 1 2.000000000
20 0 7 10700 1 2.000000000
20 1 7 10701 1 2.000000000
20 2 7 10702 1 2.000000000
20 3 7 10703 1 2.000000000
20 4 7 10704 1 2.000000000
20 5 7 10705 1 2.000000000
20 6 7 10706 1 2.000000000
20 7 7 10707 1 2.000000000
20 8 7 10708 1 2.000000000
20 9 7 10709 1 2.000000000
20 10 7 10710 1 2.000000000
20 11 7 10711 1 2.000000000
20 12 7 10712 1 2.000000000
20 13 7 10713 1 2.000000000
20 14 7 10714 1 2.000000000
20 15 7 10715 1 2.000000000
20 16 7 10716 1 2.000000000
20 17 7 10717 1 2.000000000
20 18 7 10718 1 2.000000000
20 19 7 10719 1 2.000000000
20 21 7 10720 1 2.000000000
20 22 7 10721 1 2.000000000
20 23 7 10722 1 2.000000000
20 24 7 10723 1 2.000000000
20 25 7 10724 1 2.000000000
20 26 7 10725 1 2.000000000
20 27 7 10726 1 2.000000000
20 28 7 10727 1 2.000000000
20 29 7 10728 1 2.000000000
20 30 7 10729 1 2.000000000
20 31 7 10730 1 2.000000000
20 32 7 10731 1 2.000000000
20 33 7 10732 1 2.000000000
20 34 7 10733 1 2.000000000
20 35 7 10734 1 2.000000000
21 0 7 10735 1 2.000000000
21 1 7 10736 1 2.000000000
21 2 7 10737 1 2.000000000
21 3 7 10738 1 2.000000000
21 4 7 10739 1 2.000000000
21 5 7 10740 1 2.000000000
21 6 7 10741 1 2.000000000
21 7 7 10742 1 2.000000000
21 8 7 10743 1 2.000000000
21 9 7 10744 1 2.000000000
21 10 7 10745 1 2.000000000
21 11 7 10746 1 2.000000000
21 12 7 10747 1 2.000000000
21 13 7 10748 1 2.000000000
21 14 7 10749 1 2.000000000
21 15 7 10750 1 2.000000000
21 16 7 10751 1 2.000000000
21 17 7 10752 1 2.000000000
21 18 7 10753 1 2.000000000
21 19 7 10754 1 2.000000000
21 20 7 10755 1 2.000000000
21 22 7 10756 1 2.000000000
21 23 7 10757 1 2.000000000
21 24 7 10758 1 2.000000000
21 25 7 10759 1 2.000000000
21 26 7 10760 1 2.000000000
21 27 7 10761 1 2.000000000
21 28 7 10762 1 2.000000000
21 29 7 10763 1 2.000000000
21 30 7 10764 1 2.000000000
21 31 7 10765 1 2.000000000
21 32 7 10766 1 2.000000000
21 33 7 10767 1 2.000000000
21 34 7 10768 1 2.000000000
21 35 7 10769 1 2.000000000
22 0 7 10770 1 2.000000000
22 1 7 10771 1 2.000000000
22 2 7 10772 1 2.000000000
22 3 7 10773 1 2.000000000
22 4 7 10774 1 2.000000000
22 5 7 10775 1 2.000000000
22 6 7 10776 1 2.000000000
22 7 7 10777 1 2.000000000
22 8 7 10778 1 2.000000000
22 9 7 10779 1 2.000000000
22 10 7 10780 1 2.000000000
22 11 7 10781 1 2.000000000
22 12 7 10782 1 2.000000000
22 13 7 10783 1 2.000000000
22 14 7 10784 1 2.000000000
22 15 7 10785 1 2.000000000
22 16 7 10786 1 2.000000000
22 17 7 10787 1 2.000000000
22 18 7 10788 1 2.000000000
22 19 7 10789 1 2.000000000
22 20 7 10790 1 2.000000000
22 21 7 10791 1 2.000000000
22 23 7 10792 1 2.000000000
22 24 7 10793 1 2.000000000
22 25 7 10794 1 2.000000000
22 26 7 10795 1 2.000000000
22 27 7 10796 1 2.000000000
22 28 7 10797 1 2.000000000
22 29 7 10798 1 2.000000000
22 30 7 10799 1 2.000000000
22 31 7 10800 1 2.000000000
22 32 7 10801 1 2.000000000
22 33 7 10802 1 2.000000000
22 34 7 10803 1 2.000000000
22 35 7 10804 1 2.000000000
23 0 7 10805 1 2.000000000
23 1 7 10806 1 2.000000000
23 2 7 10807 1 2.000000000
23 3 7 10808 1 2.000000000
23 4 7 10809 1 2.000000000
23 5 7 10810 1 2.000000000
23 6 7 10811 1 2.000000000
23 7 7 10812 1 2.000000000
23 8 7 10813 1 2.000000000
23 9 7 10814 1 2.000000000
23 10 7 10815 1 2.000000000
23 11 7 10816 1 2.000000000
23 12 7 10817 1 2.000000000
23 13 7 10818 1 2.000000000
23 14 7 10819 1 2.000000000
23 15 7 10820 1 2.000000000
23 16 7 10821 1 2.000000000
23 17 7 10822 1 2.000000000
23 18 7 10823 1 2.000000000
23 19 7 10824 1 2.000000000
23 20 7 10825 1 2.000000000
23 21 7 10826 1 2.000000000
23 22 7 10827 1 2.000000000
23 24 7 10828 1 2.000000000
23 25 7 10829 1 2.000000000
23 26 7 10830 1 2.000000000
23 27 7 10831 1 2.000000000
23 28 7 10832 1 2.000000000
23 29 7 10833 1 2.000000000
23 30 7 10834 1 2.000000000
23 31 7 10835 1 2.000000000
23 32 7 10836 1 2.000000000
23 33 7 10837 1 2.000000000
23 34 7 10838 1 2.000000000
23 35 7 10839 1 2.000000000
24 0 7 10840 1 2.000000000
24 1 7 10841 1 2.000000000
24 2 7 10842 1 2.000000000
24 3 7 10843 1 2.000000000
24 4 7 10844 1 2.000000000
24 5 7 10845 1 2.000000000
24 6 7 10846 1 2.000000000
24 7 7 10847 1 2.000000000
24 8 7 10848 1 2.000000000
24 9 7 10849 1 2.000000000
24 10 7 10850 1 2.000000000
24 11 7 10851 1 2.000000000
24 12 7 10852 1 2.000000000
24 13 7 10853 1 2.000000000
24 14 7 10854 1 2.000000000
24 15 7 10855 1 2.000000000
24 16 7 10856 1 2.000000000
24 17 7 10857 1 2.000000000
24 18 7 10858 1 2.000000000
24 19 7 10859 1 2.000000000
24 20 7 10860 1 2.000000000
24 21 7 10861 1 2.000000000
24 22 7 10862 1 2.000000000
24 23 7 10863 1 2.000000000
24 25 7 10864 1 2.000000000
24 26 7 10865 1 2.000000000
24 27 7 10866 1 2.000000000
24 28 7 10867 1 2.000000000
24 29 7 10868 1 2.000000000
24 30 7 10869 1 2.000000000
24 31 7 10870 1 2.000000000
24 32 7 10871 1 2.000000000
24 33 7 10872 1 2.000000000
24 34 7 10873 1 2.000000000
24 35 7 10874 1 2.000000000
25 0 7 10875 1 2.000000000
25 1 7 10876 1 2.000000000
25 2 7 10877 1 2.000000000
25 3 7 10878 1 2.000000000
25 4 7 10879 1 2.000000000
25 5 7 10880 1 2.000000000
25 6 7 10881 1 2.000000000
25 7 7 10882 1 2.000000000
25 8 7 10883 1 2.000000000
25 9 7 10884 1 2.000000000
25 10 7 10885 1 2.000000000
25 11 7 10886 1 2.000000000
25 12 7 10887 1 2.000000000
25 13 7 10888 1 2.000000000
25 14 7 10889 1 2.000000000
25 15 7 10890 1 2.000000000
25 16 7 10891 1 2.000000000
25 17 7 10892 1 2.000000000
25 18 7 10893 1 2.000000000
25 19 7 10894 1 2.000000000
25 20 7 10895 1 2.000000000
25 21 7 10896 1 2.000000000
25 22 7 10897 1 2.000000000
25 23 7 10898 1 2.000000000
25 24 7 10899 1 2.000000000
25 26 7 10900 1 2.000000000
25 27 7 10901 1 2.000000000
25 28 7 10902 1 2.000000000
25 29 7 10903 1 2.000000000
25 30 7 10904 1 2.000000000
25 31 7 10905 1 2.000000000
25 32 7 10906 1 2.000000000
25 33 7 10907 1 2.000000000
25 34 7 10908 1 2.000000000
25 35 7 10909 1 2.000000000
26 0 7 10910 1 2.000000000
26 1 7 10911 1 2.000000000
26 2 7 10912 1 2.000000000
26 3 7 10913 1 2.000000000
26 4 7 10914 1 2.000000000
26 5 7 10915 1 2.000000000
26 6 7 10916 1 2.000000000
26 7 7 10917 1 2.000000000
26 8 7 10918 1 2.000000000
26 9 7 10919 1 2.000000000
26 10 7 10920 1 2.000000000
26 11 7 10921 1 2.000000000
26 12 7 10922 1 2.000000000
26 13 7 10923 1 2.000000000
26 14 7 10924 1 2.000000000
26 15 7 10925 1 2.000000000
26 16 7 10926 1 2.000000000
26 17 7 10927 1 2.000000000
26 18 7 10928 1 2.000000000
26 19 7 10929 1 2.000000000
26 20 7 10930 1 2.000000000
26 21 7 10931 1 2.000000000
26 22 7 10932 1 2.000000000
26 23 7 10933 1 2.000000000
26 24 7 10934 1 2.000000000
26 25 7 10935 1 2.000000000
26 27 7 10936 1 2.000000000
26 28 7 10937 1 2.000000000
26 29 7 10938 1 2.000000000
26 30 7 10939 1 2.000000000
26 31 7 10940 1 2.000000000
26 32 7 10941 1 2.000000000
26 33 7 10942 1 2.000000000
26 34 7 10943 1 2.000000000
26 35 7 10944 1 2.000000000
27 0 7 10945 1 2.000000000
27 1 7 10946 1 2.000000000
27 2 7 10947 1 2.000000000
27 3 7 10948 1 2.000000000
27 4 7 10949 1 2.000000000
27 5 7 10950 1 2.000000000
27 6 7 10951 1 2.000000000
27 7 7 10952 1 2.000000000
27 8 7 10953 1 2.000000000
27 9 7 10954 1 2.000000000
27 10 7 10955 1 2.000000000
27 11 7 10956 1 2.000000000
27 12 7 10957 1 2.000000000
27 13 7 10958 1 2.000000000
27 14 7 10959 1 2.000000000
27 15 7 10960 1 2.000000000
27 16 7 10961 1 2.000000000
27 17 7 10962 1 2.000000000
27 18 7 10963 1 2.000000000
27 19 7 10964 1 2.000000000
27 20 7 10965 1 2.000000000
27 21 7 10966 1 2.000000000
27 22 7 10967 1 2.000000000
27 23 7 10968 1 2.000000000
27 24 7 10969 1 2.000000000
27 25 7 10970 1 2.000000000
27 26 7 10971 1 2.000000000
27 28 7 10972 1 2.000000000
27 29 7 10973 1 2.000000000
27 30 7 10974 1 2.000000000
27 31 7 10975 1 2.000000000
27 32 7 10976 1 2.000000000
27 33 7 10977 1 2.000000000
27 34 7 10978 1 2.000000000
27 35 7 10979 1 2.000000000
28 0 7 10980 1 2.000000000
28 1 7 10981 1 2.000000000
28 2 7 10982 1 2.000000000
28 3 7 10983 1 2.000000000
28 4 7 10984 1 2.000000000
28 5 7 10985 1 2.000000000
28 6 7 10986 1 2.000000000
28 7 7 10987 1 2.000000000
28 8 7 10988 1 2.000000000
28 9 7 10989 1 2.000000000
28 10 7 10990 1 2.000000000
28 11 7 10991 1 2.000000000
28 12 7 10992 1 2.000000000
28 13 7 10993 1 2.000000000
28 14 7 10994 1 2.000000000
28 15 7 10995 1 2.000000000
28 16 7 10996 1 2.000000000
28 17 7 10997 1 2.000000000
28 18 7 10998 1 2.000000000
28 19 7 10999 1 2.000000000
28 20 7 11000 1 2.000000000
28 21 7 11001 1 2.000000000
28 22 7 11002 1 2.000000000
28 23 7 11003 1 2.000000000
28 24 7 11004 1 2.000000000
28 25 7 11005 1 2.000000000
28 26 7 11006 1 2.000000000
28 27 7 11007 1 2.000000000
28 29 7 11008 1 2.000000000
28 30 7 11009 1 2.000000000
28 31 7 11010 1 2.000000000
28 32 7 11011 1 2.000000000
28 33 7 11012 1 2.000000000
28 34 7 11013 1 2.000000000
28 35 7 11014 1 2.000000000
29 0 7 11015 1 2.000000000
29 1 7 11016 1 2.000000000
29 2 7 11017 1 2.000000000
29 3 7 11018 1 2.000000000
29 4 7 11019 1 2.000000000
29 5 7 11020 1 2.000000000
29 6 7 11021 1 2.000000000
29 7 7 11022 1 2.000000000
29 8 7 11023 1 2.000000000
29 9 7 11024 1 2.000000000
29 10 7 11025 1 2.000000000
29 11 7 11026 1 2.000000000
29 12 7 11027 1 2.000000000
29 13 7 11028 1 2.000000000
29 14 7 11029 1 2.000000000
29 15 7 11030 1 2.000000000
29 16 7 11031 1 2.000000000
29 17 7 11032 1 2.000000000
29 18 7 11033 1 2.000000000
29 19 7 11034 1 2.000000000
29 20 7 11035 1 2.000000000
29 21 7 11036 1 2.000000000
29 22 7 11037 1 2.000000000
29 23 7 11038 1 2.000000000
29 24 7 11039 1 2.000000000
29 25 7 11040 1 2.000000000
29 26 7 11041 1 2.000000000
29 27 7 11042 1 2.000000000
29 28 7 11043 1 2.000000000
29 30 7 11044 1 2.000000000
29 31 7 11045 1 2.000000000
29 32 7 11046 1 2.000000000
29 33 7 11047 1 2.000000000
29 34 7 11048 1 2.000000000
29 35 7 11049 1 2.000000000
30 0 7 11050 1 2.000000000
30 1 7 11051 1 2.000000000
30 2 7 11052 1 2.000000000
30 3 7 11053 1 2.000000000
30 4 7 11054 1 2.000000000
30 5 7 11055 1 2.000000000
30 6 7 11056 1 2.000000000
30 7 7 11057 1 2.000000000
30 8 7 11058 1 2.000000000
30 9 7 11059 1 2.000000000
30 10 7 11060 1 2.000000000
30 11 7 11061 1 2.000000000
30 12 7 11062 1 2.000000000
30 13 7 11063 1 2.000000000
30 14 7 11064 1 2.000000000
30 15 7 11065 1 2.000000000
30 16 7 11066 1 2.000000000
30 17 7 11067 1 2.000000000
30 18 7 11068 1 2.000000000
30 19 7 11069 1 2.000000000
30 20 7 11070 1 2.000000000
30 21 7 11071 1 2.000000000
30 22 7 11072 1 2.000000000
30 23 7 11073 1 2.000000000
30 24 7 11074 1 2.000000000
30 25 7 11075 1 2.000000000
30 26 7 11076 1 2.000000000
30 27 7 11077 1 2.000000000
30 28 7 11078 1 2.000000000
30 29 7 11079 1 2.000000000
30 31 7 11080 1 2.000000000
30 32 7 11081 1 2.000000000
30 33 7 11082 1 2.000000000
30 34 7 11083 1 2.000000000
30 35 7 11084 1 2.000000000
31 0 7 11085 1 2.000000000
31 1 7 11086 1 2.000000000
31 2 7 11087 1 2.000000000
31 3 7 11088 1 2.000000000
31 4 7 11089 1 2.000000000
31 5 7 11090 1 2.000000000
31 6 7 11091 1 2.000000000
31 7 7 11092 1 2.000000000
31 8 7 11093 1 2.000000000
31 9 7 11094 1 2.000000000
31 10 7 11095 1 2.000000000
31 11 7 11096 1 2.000000000
31 12 7 11097 1 2.000000000
31 13 7 11098 1 2.000000000
31 14 7 11099 1 2.000000000
31 15 7 11100 1 2.000000000
31 16 7 11101 1 2.000000000
31 17 7 11102 1 2.000000000
31 18 7 11103 1 2.000000000
31 19 7 11104 1 2.000000000
31 20 7 11105 1 2.000000000
31 21 7 11106 1 2.000000000
31 22 7 11107 1 2.000000000
31 23 7 11108 1 2.000000000
31 24 7 11109 1 2.000000000
31 25 7 11110 1 2.000000000
31 26 7 11111 1 2.000000000
31 27 7 11112 1 2.000000000
31 28 7 11113 1 2.000000000
31 29 7 11114 1 2.000000000
31 30 7 11115 1 2.000000000
31 32 7 11116 1 2.000000000
31 33 7 11117 1 2.000000000
31 34 7 11118 1 2.000000000
31 35 7 11119 1 2.000000000
32 0 7 11120 1 2.000000000
32 1 7 11121 1 2.000000000
32 2 7 11122 1 2.000000000
32 3 7 11123 1 2.000000000
32 4 7 11124 1 2.000000000
32 5 7 11125 1 2.000000000
32 6 7 11126 1 2.000000000
32 7 7 11127 1 2.000000000
32 8 7 11128 1 2.000000000
32 9 7 11129 1 2.000000000
32 10 7 11130 1 2.000000000
32 11 7 11131 1 2.000000000
32 12 7 11132 1 2.000000000
32 13 7 11133 1 2.000000000
32 14 7 11134 1 2.000000000
32 15 7 11135 1 2.000000000
32 16 7 11136 1 2.000000000
32 17 7 11137 1 2.000000000
32 18 7 11138 1 2.000000000
32 19 7 11139 1 2.000000000
32 20 7 11140 1 2.000000000
32 21 7 11141 1 2.000000000
32 22 7 11142 1 2.000000000
32 23 7 11143 1 2.000000000
32 24 7 11144 1 2.000000000
32 25 7 11145 1 2.000000000
32 26 7 11146 1 2.000000000
32 27 7 11147 1 2.000000000
32 28 7 11148 1 2.000000000
32 29 7 11149 1 2.000000000
32 30 7 11150 1 2.000000000
32 31 7 11151 1 2.000000000
32 33 7 11152 1 2.000000000
32 34 7 11153 1 2.000000000
32 35 7 11154 1 2.000000000
33 0 7 11155 1 2.000000000
33 1 7 11156 1 2.000000000
33 2 7 11157 1 2.000000000
33 3 7 11158 1 2.000000000
33 4 7 11159 1 2.000000000
33 5 7 11160 1 2.000000000
33 6 7 11161 1 2.000000000
33 7 7 11162 1 2.000000000
33 8 7 11163 1 2.000000000
33 9 7 11164 1 2.000000000
33 10 7 11165 1 2.000000000
33 11 7 11166 1 2.000000000
33 12 7 11167 1 2.000000000
33 13 7 11168 1 2.000000000
33 14 7 11169 1 2.000000000
33 15 7 11170 1 2.000000000
33 16 7 11171 1 2.000000000
33 17 7 11172 1 2.000000000
33 18 7 11173 1 2.000000000
33 19 7 11174 1 2.000000000
33 20 7 11175 1 2.000000000
33 21 7 11176 1 2.000000000
33 22 7 11177 1 2.000000000
33 23 7 11178 1 2.000000000
33 24 7 11179 1 2.000000000
33 25 7 11180 1 2.000000000
33 26 7 11181 1 2.000000000
33 27 7 11182 1 2.000000000
33 28 7 11183 1 2.000000000
33 29 7 11184 1 2.000000000
33 30 7 11185 1 2.000000000
33 31 7 11186 1 2.000000000
33 32 7 11187 1 2.000000000
33 34 7 11188 1 2.000000000
33 35 7 11189 1 2.000000000
34 0 7 11190 1 2.000000000
34 1 7 11191 1 2.000000000
34 2 7 11192 1 2.000000000
34 3 7 11193 1 2.000000000
34 4 7 11194 1 2.000000000
34 5 7 11195 1 2.000000000
34 6 7 11196 1 2.000000000
34 7 7 11197 1 2.000000000
34 8 7 11198 1 2.000000000
34 9 7 11199 1 2.000000000
34 10 7 11200 1 2.000000000
34 11 7 11201 1 2.000000000
34 12 7 11202 1 2.000000000
34 13 7 11203 1 2.000000000
34 14 7 11204 1 2.000000000
34 15 7 11205 1 2.000000000
34 16 7 11206 1 2.000000000
34 17 7 11207 1 2.000000000
34 18 7 11208 1 2.000000000
34 19 7 11209 1 2.000000000
34 20 7 11210 1 2.000000000
34 21 7 11211 1 2.000000000
34 22 7 11212 1 2.000000000
34 23 7 11213 1 2.000000000
34 24 7 11214 1 2.000000000
34 25 7 11215 1 2.000000000
34 26 7 11216 1 2.000000000
34 27 7 11217 1 2.000000000
34 28 7 11218 1 2.000000000
34 29 7 11219 1 2.000000000
34 30 7 11220 1 2.000000000
34 31 7 11221 1 2.000000000
34 32 7 11222 1 2.000000000
34 33 7 11223 1 2.000000000
34 35 7 11224 1 2.000000000
35 0 7 11225 1 2.000000000
35 1 7 11226 1 2.000000000
35 2 7 11227 1 2.000000000
35 3 7 11228 1 2.000000000
35 4 7 11229 1 2.000000000
35 5 7 11230 1 2.000000000
35 6 7 11231 1 2.000000000
35 7 7 11232 1 2.000000000
35 8 7 11233 1 2.000000000
35 9 7 11234 1 2.000000000
35 10 7 11235 1 2.000000000
35 11 7 11236 1 2.000000000
35 12 7 11237 1 2.000000000
35 13 7 11238 1 2.000000000
35 14 7 11239 1 2.000000000
35 15 7 11240 1 2.000000000
35 16 7 11241 1 2.000000000
35 17 7 11242 1 2.000000000
35 18 7 11243 1 2.000000000
35 19 7 11244 1 2.000000000
35 20 7 11245 1 2.000000000
35 21 7 11246 1 2.000000000
35 22 7 11247 1 2.000000000
35 23 7 11248 1 2.000000000
35 24 7 11249 1 2.000000000
35 25 7 11250 1 2.000000000
35 26 7 11251 1 2.000000000
35 27 7 11252 1 2.000000000
35 28 7 11253 1 2.000000000
35 29 7 11254 1 2.000000000
35 30 7 11255 1 2.000000000
35 31 7 11256 1 2.000000000
35 32 7 11257 1 2.000000000
35 33 7 11258 1 2.000000000
35 34 7 11259 1 2.000000000
