78
0 1 7 10000 2 2.000000000
0 2 7 10001 2 2.000000000
0 3 7 10002 2 2.000000000
0 4 7 10003 2 2.000000000
0 5 7 10004 2 2.000000000
0 6 7 10005 2 2.000000000
0 7 7 10006 2 2.000000000
0 8 7 10007 2 2.000000000
0 9 7 10008 2 2.000000000
0 10 7 10009 2 2.000000000
0 11 7 10010 2 2.000000000
0 12 7 10011 2 2.000000000
0 13 7 10012 2 2.000000000
0 14 7 10013 2 2.000000000
0 15 7 10014 2 2.000000000
0 16 7 10015 2 2.000000000
0 17 7 10016 2 2.000000000
0 18 7 10017 2 2.000000000
0 19 7 10018 2 2.000000000
0 20 7 10019 2 2.000000000
0 21 7 10020 2 2.000000000
0 22 7 10021 2 2.000000000
0 23 7 10022 2 2.000000000
0 24 7 10023 2 2.000000000
0 25 7 10024 2 2.000000000
0 26 7 10025 2 2.000000000
1 0 7 10026 2 2.000000000
1 2 7 10027 2 2.000000000
1 3 7 10028 2 2.000000000
1 4 7 10029 2 2.000000000
1 5 7 10030 2 2.000000000
1 6 7 10031 2 2.000000000
1 7 7 10032 2 2.000000000
1 8 7 10033 2 2.000000000
1 9 7 10034 2 2.000000000
1 10 7 10035 2 2.000000000
1 11 7 10036 2 2.000000000
1 12 7 10037 2 2.000000000
1 13 7 10038 2 2.000000000
1 14 7 10039 2 2.000000000
1 15 7 10040 2 2.000000000
1 16 7 10041 2 2.000000000
1 17 7 10042 2 2.000000000
1 18 7 10043 2 2.000000000
1 19 7 10044 2 2.000000000
1 20 7 10045 2 2.000000000
1 21 7 10046 2 2.000000000
1 22 7 10047 2 2.000000000
1 23 7 10048 2 2.000000000
1 24 7 10049 2 2.000000000
1 25 7 10050 2 2.000000000
1 26 7 10051 2 2.000000000
2 0 7 10052 2 2.000000000
2 1 7 10053 2 2.000000000
2 3 7 10054 2 2.000000000
2 4 7 10055 2 2.000000000
2 5 7 10056 2 2.000000000
2 6 7 10057 2 2.000000000
2 7 7 10058 2 2.000000000
2 8 7 10059 2 2.000000000
2 9 7 10060 2 2.000000000
2 10 7 10061 2 2.000000000
2 11 7 10062 2 2.000000000
2 12 7 10063 2 2.000000000
2 13 7 10064 2 2.000000000
2 14 7 10065 2 2.000000000
2 15 7 10066 2 2.000000000
2 16 7 10067 2 2.000000000
2 17 7 10068 2 2.000000000
2 18 7 10069 2 2.000000000
2 19 7 10070 2 2.000000000
2 20 7 10071 2 2.000000000
2 21 7 10072 2 2.000000000
2 22 7 10073 2 2.000000000
2 23 7 10074 2 2.000000000
2 24 7 10075 2 2.000000000
2 25 7 10076 2 2.000000000
2 26 7 10077 2 2.000000000
