78
0 1 7 10000 256 2.000000000
0 2 7 10001 256 2.000000000
0 3 7 10002 256 2.000000000
0 4 7 10003 256 2.000000000
0 5 7 10004 256 2.000000000
0 6 7 10005 256 2.000000000
0 7 7 10006 256 2.000000000
0 8 7 10007 256 2.000000000
0 9 7 10008 256 2.000000000
0 10 7 10009 256 2.000000000
0 11 7 10010 256 2.000000000
0 12 7 10011 256 2.000000000
0 13 7 10012 256 2.000000000
0 14 7 10013 256 2.000000000
0 15 7 10014 256 2.000000000
0 16 7 10015 256 2.000000000
0 17 7 10016 256 2.000000000
0 18 7 10017 256 2.000000000
0 19 7 10018 256 2.000000000
0 20 7 10019 256 2.000000000
0 21 7 10020 256 2.000000000
0 22 7 10021 256 2.000000000
0 23 7 10022 256 2.000000000
0 24 7 10023 256 2.000000000
0 25 7 10024 256 2.000000000
0 26 7 10025 256 2.000000000
1 0 7 10026 256 2.000000000
1 2 7 10027 256 2.000000000
1 3 7 10028 256 2.000000000
1 4 7 10029 256 2.000000000
1 5 7 10030 256 2.000000000
1 6 7 10031 256 2.000000000
1 7 7 10032 256 2.000000000
1 8 7 10033 256 2.000000000
1 9 7 10034 256 2.000000000
1 10 7 10035 256 2.000000000
1 11 7 10036 256 2.000000000
1 12 7 10037 256 2.000000000
1 13 7 10038 256 2.000000000
1 14 7 10039 256 2.000000000
1 15 7 10040 256 2.000000000
1 16 7 10041 256 2.000000000
1 17 7 10042 256 2.000000000
1 18 7 10043 256 2.000000000
1 19 7 10044 256 2.000000000
1 20 7 10045 256 2.000000000
1 21 7 10046 256 2.000000000
1 22 7 10047 256 2.000000000
1 23 7 10048 256 2.000000000
1 24 7 10049 256 2.000000000
1 25 7 10050 256 2.000000000
1 26 7 10051 256 2.000000000
2 0 7 10052 256 2.000000000
2 1 7 10053 256 2.000000000
2 3 7 10054 256 2.000000000
2 4 7 10055 256 2.000000000
2 5 7 10056 256 2.000000000
2 6 7 10057 256 2.000000000
2 7 7 10058 256 2.000000000
2 8 7 10059 256 2.000000000
2 9 7 10060 256 2.000000000
2 10 7 10061 256 2.000000000
2 11 7 10062 256 2.000000000
2 12 7 10063 256 2.000000000
2 13 7 10064 256 2.000000000
2 14 7 10065 256 2.000000000
2 15 7 10066 256 2.000000000
2 16 7 10067 256 2.000000000
2 17 7 10068 256 2.000000000
2 18 7 10069 256 2.000000000
2 19 7 10070 256 2.000000000
2 20 7 10071 256 2.000000000
2 21 7 10072 256 2.000000000
2 22 7 10073 256 2.000000000
2 23 7 10074 256 2.000000000
2 24 7 10075 256 2.000000000
2 25 7 10076 256 2.000000000
2 26 7 10077 256 2.000000000
