1040
0 1024 7 10000 32 2.000000000
1 1025 7 10001 32 2.000000000
2 1026 7 10002 32 2.000000000
3 1027 7 10003 32 2.000000000
4 1028 7 10004 32 2.000000000
5 1029 7 10005 32 2.000000000
6 1030 7 10006 32 2.000000000
7 1031 7 10007 32 2.000000000
8 1032 7 10008 32 2.000000000
9 1033 7 10009 32 2.000000000
10 1034 7 10010 32 2.000000000
11 1035 7 10011 32 2.000000000
12 1036 7 10012 32 2.000000000
13 1037 7 10013 32 2.000000000
14 1038 7 10014 32 2.000000000
15 1039 7 10015 32 2.000000000
0 4096 7 10016 32 2.000000000
8 4104 7 10017 32 2.000000000
0 2048 7 10018 32 2.000000000
8 2056 7 10019 32 2.000000000
0 128 7 10020 32 2.000000000
8 136 7 10021 32 2.000000000
0 64 7 10022 32 2.000000000
8 72 7 10023 32 2.000000000
0 32 7 10024 32 2.000000000
8 40 7 10025 32 2.000000000
0 16 7 10026 32 2.000000000
8 24 7 10027 32 2.000000000
0 8 7 10028 32 2.000000000
8 0 7 10029 32 2.000000000
1 4097 7 10030 32 2.000000000
9 4105 7 10031 32 2.000000000
1 2049 7 10032 32 2.000000000
9 2057 7 10033 32 2.000000000
1 129 7 10034 32 2.000000000
9 137 7 10035 32 2.000000000
1 65 7 10036 32 2.000000000
9 73 7 10037 32 2.000000000
1 33 7 10038 32 2.000000000
9 41 7 10039 32 2.000000000
1 17 7 10040 32 2.000000000
9 25 7 10041 32 2.000000000
1 9 7 10042 32 2.000000000
9 1 7 10043 32 2.000000000
2 4098 7 10044 32 2.000000000
10 4106 7 10045 32 2.000000000
2 2050 7 10046 32 2.000000000
10 2058 7 10047 32 2.000000000
2 130 7 10048 32 2.000000000
10 138 7 10049 32 2.000000000
2 66 7 10050 32 2.000000000
10 74 7 10051 32 2.000000000
2 34 7 10052 32 2.000000000
10 42 7 10053 32 2.000000000
2 18 7 10054 32 2.000000000
10 26 7 10055 32 2.000000000
2 10 7 10056 32 2.000000000
10 2 7 10057 32 2.000000000
3 4099 7 10058 32 2.000000000
11 4107 7 10059 32 2.000000000
3 2051 7 10060 32 2.000000000
11 2059 7 10061 32 2.000000000
3 131 7 10062 32 2.000000000
11 139 7 10063 32 2.000000000
3 67 7 10064 32 2.000000000
11 75 7 10065 32 2.000000000
3 35 7 10066 32 2.000000000
11 43 7 10067 32 2.000000000
3 19 7 10068 32 2.000000000
11 27 7 10069 32 2.000000000
3 11 7 10070 32 2.000000000
11 3 7 10071 32 2.000000000
4 4100 7 10072 32 2.000000000
12 4108 7 10073 32 2.000000000
4 2052 7 10074 32 2.000000000
12 2060 7 10075 32 2.000000000
4 132 7 10076 32 2.000000000
12 140 7 10077 32 2.000000000
4 68 7 10078 32 2.000000000
12 76 7 10079 32 2.000000000
4 36 7 10080 32 2.000000000
12 44 7 10081 32 2.000000000
4 20 7 10082 32 2.000000000
12 28 7 10083 32 2.000000000
4 12 7 10084 32 2.000000000
12 4 7 10085 32 2.000000000
5 4101 7 10086 32 2.000000000
13 4109 7 10087 32 2.000000000
5 2053 7 10088 32 2.000000000
13 2061 7 10089 32 2.000000000
5 133 7 10090 32 2.000000000
13 141 7 10091 32 2.000000000
5 69 7 10092 32 2.000000000
13 77 7 10093 32 2.000000000
5 37 7 10094 32 2.000000000
13 45 7 10095 32 2.000000000
5 21 7 10096 32 2.000000000
13 29 7 10097 32 2.000000000
5 13 7 10098 32 2.000000000
13 5 7 10099 32 2.000000000
6 4102 7 10100 32 2.000000000
14 4110 7 10101 32 2.000000000
6 2054 7 10102 32 2.000000000
14 2062 7 10103 32 2.000000000
6 134 7 10104 32 2.000000000
14 142 7 10105 32 2.000000000
6 70 7 10106 32 2.000000000
14 78 7 10107 32 2.000000000
6 38 7 10108 32 2.000000000
14 46 7 10109 32 2.000000000
6 22 7 10110 32 2.000000000
14 30 7 10111 32 2.000000000
6 14 7 10112 32 2.000000000
14 6 7 10113 32 2.000000000
7 4103 7 10114 32 2.000000000
15 4111 7 10115 32 2.000000000
7 2055 7 10116 32 2.000000000
15 2063 7 10117 32 2.000000000
7 135 7 10118 32 2.000000000
15 143 7 10119 32 2.000000000
7 71 7 10120 32 2.000000000
15 79 7 10121 32 2.000000000
7 39 7 10122 32 2.000000000
15 47 7 10123 32 2.000000000
7 23 7 10124 32 2.000000000
15 31 7 10125 32 2.000000000
7 15 7 10126 32 2.000000000
15 7 7 10127 32 2.000000000
0 8 7 10128 32 2.000000000
0 9 7 10129 32 2.000000000
0 10 7 10130 32 2.000000000
0 11 7 10131 32 2.000000000
0 12 7 10132 32 2.000000000
0 13 7 10133 32 2.000000000
0 14 7 10134 32 2.000000000
0 15 7 10135 32 2.000000000
0 16 7 10136 32 2.000000000
0 17 7 10137 32 2.000000000
0 18 7 10138 32 2.000000000
0 19 7 10139 32 2.000000000
0 20 7 10140 32 2.000000000
0 21 7 10141 32 2.000000000
0 22 7 10142 32 2.000000000
0 23 7 10143 32 2.000000000
0 24 7 10144 32 2.000000000
0 25 7 10145 32 2.000000000
0 26 7 10146 32 2.000000000
0 27 7 10147 32 2.000000000
0 28 7 10148 32 2.000000000
0 29 7 10149 32 2.000000000
0 30 7 10150 32 2.000000000
0 31 7 10151 32 2.000000000
0 32 7 10152 32 2.000000000
0 33 7 10153 32 2.000000000
0 34 7 10154 32 2.000000000
0 35 7 10155 32 2.000000000
0 36 7 10156 32 2.000000000
0 37 7 10157 32 2.000000000
0 38 7 10158 32 2.000000000
0 39 7 10159 32 2.000000000
0 40 7 10160 32 2.000000000
0 41 7 10161 32 2.000000000
0 42 7 10162 32 2.000000000
0 43 7 10163 32 2.000000000
0 44 7 10164 32 2.000000000
0 45 7 10165 32 2.000000000
0 46 7 10166 32 2.000000000
0 47 7 10167 32 2.000000000
0 48 7 10168 32 2.000000000
0 49 7 10169 32 2.000000000
0 50 7 10170 32 2.000000000
0 51 7 10171 32 2.000000000
0 52 7 10172 32 2.000000000
0 53 7 10173 32 2.000000000
0 54 7 10174 32 2.000000000
0 55 7 10175 32 2.000000000
0 56 7 10176 32 2.000000000
0 57 7 10177 32 2.000000000
0 58 7 10178 32 2.000000000
0 59 7 10179 32 2.000000000
0 60 7 10180 32 2.000000000
0 61 7 10181 32 2.000000000
0 62 7 10182 32 2.000000000
0 63 7 10183 32 2.000000000
1 8 7 10184 32 2.000000000
1 9 7 10185 32 2.000000000
1 10 7 10186 32 2.000000000
1 11 7 10187 32 2.000000000
1 12 7 10188 32 2.000000000
1 13 7 10189 32 2.000000000
1 14 7 10190 32 2.000000000
1 15 7 10191 32 2.000000000
1 16 7 10192 32 2.000000000
1 17 7 10193 32 2.000000000
1 18 7 10194 32 2.000000000
1 19 7 10195 32 2.000000000
1 20 7 10196 32 2.000000000
1 21 7 10197 32 2.000000000
1 22 7 10198 32 2.000000000
1 23 7 10199 32 2.000000000
1 24 7 10200 32 2.000000000
1 25 7 10201 32 2.000000000
1 26 7 10202 32 2.000000000
1 27 7 10203 32 2.000000000
1 28 7 10204 32 2.000000000
1 29 7 10205 32 2.000000000
1 30 7 10206 32 2.000000000
1 31 7 10207 32 2.000000000
1 32 7 10208 32 2.000000000
1 33 7 10209 32 2.000000000
1 34 7 10210 32 2.000000000
1 35 7 10211 32 2.000000000
1 36 7 10212 32 2.000000000
1 37 7 10213 32 2.000000000
1 38 7 10214 32 2.000000000
1 39 7 10215 32 2.000000000
1 40 7 10216 32 2.000000000
1 41 7 10217 32 2.000000000
1 42 7 10218 32 2.000000000
1 43 7 10219 32 2.000000000
1 44 7 10220 32 2.000000000
1 45 7 10221 32 2.000000000
1 46 7 10222 32 2.000000000
1 47 7 10223 32 2.000000000
1 48 7 10224 32 2.000000000
1 49 7 10225 32 2.000000000
1 50 7 10226 32 2.000000000
1 51 7 10227 32 2.000000000
1 52 7 10228 32 2.000000000
1 53 7 10229 32 2.000000000
1 54 7 10230 32 2.000000000
1 55 7 10231 32 2.000000000
1 56 7 10232 32 2.000000000
1 57 7 10233 32 2.000000000
1 58 7 10234 32 2.000000000
1 59 7 10235 32 2.000000000
1 60 7 10236 32 2.000000000
1 61 7 10237 32 2.000000000
1 62 7 10238 32 2.000000000
1 63 7 10239 32 2.000000000
2 8 7 10240 32 2.000000000
2 9 7 10241 32 2.000000000
2 10 7 10242 32 2.000000000
2 11 7 10243 32 2.000000000
2 12 7 10244 32 2.000000000
2 13 7 10245 32 2.000000000
2 14 7 10246 32 2.000000000
2 15 7 10247 32 2.000000000
2 16 7 10248 32 2.000000000
2 17 7 10249 32 2.000000000
2 18 7 10250 32 2.000000000
2 19 7 10251 32 2.000000000
2 20 7 10252 32 2.000000000
2 21 7 10253 32 2.000000000
2 22 7 10254 32 2.000000000
2 23 7 10255 32 2.000000000
2 24 7 10256 32 2.000000000
2 25 7 10257 32 2.000000000
2 26 7 10258 32 2.000000000
2 27 7 10259 32 2.000000000
2 28 7 10260 32 2.000000000
2 29 7 10261 32 2.000000000
2 30 7 10262 32 2.000000000
2 31 7 10263 32 2.000000000
2 32 7 10264 32 2.000000000
2 33 7 10265 32 2.000000000
2 34 7 10266 32 2.000000000
2 35 7 10267 32 2.000000000
2 36 7 10268 32 2.000000000
2 37 7 10269 32 2.000000000
2 38 7 10270 32 2.000000000
2 39 7 10271 32 2.000000000
2 40 7 10272 32 2.000000000
2 41 7 10273 32 2.000000000
2 42 7 10274 32 2.000000000
2 43 7 10275 32 2.000000000
2 44 7 10276 32 2.000000000
2 45 7 10277 32 2.000000000
2 46 7 10278 32 2.000000000
2 47 7 10279 32 2.000000000
2 48 7 10280 32 2.000000000
2 49 7 10281 32 2.000000000
2 50 7 10282 32 2.000000000
2 51 7 10283 32 2.000000000
2 52 7 10284 32 2.000000000
2 53 7 10285 32 2.000000000
2 54 7 10286 32 2.000000000
2 55 7 10287 32 2.000000000
2 56 7 10288 32 2.000000000
2 57 7 10289 32 2.000000000
2 58 7 10290 32 2.000000000
2 59 7 10291 32 2.000000000
2 60 7 10292 32 2.000000000
2 61 7 10293 32 2.000000000
2 62 7 10294 32 2.000000000
2 63 7 10295 32 2.000000000
3 8 7 10296 32 2.000000000
3 9 7 10297 32 2.000000000
3 10 7 10298 32 2.000000000
3 11 7 10299 32 2.000000000
3 12 7 10300 32 2.000000000
3 13 7 10301 32 2.000000000
3 14 7 10302 32 2.000000000
3 15 7 10303 32 2.000000000
3 16 7 10304 32 2.000000000
3 17 7 10305 32 2.000000000
3 18 7 10306 32 2.000000000
3 19 7 10307 32 2.000000000
3 20 7 10308 32 2.000000000
3 21 7 10309 32 2.000000000
3 22 7 10310 32 2.000000000
3 23 7 10311 32 2.000000000
3 24 7 10312 32 2.000000000
3 25 7 10313 32 2.000000000
3 26 7 10314 32 2.000000000
3 27 7 10315 32 2.000000000
3 28 7 10316 32 2.000000000
3 29 7 10317 32 2.000000000
3 30 7 10318 32 2.000000000
3 31 7 10319 32 2.000000000
3 32 7 10320 32 2.000000000
3 33 7 10321 32 2.000000000
3 34 7 10322 32 2.000000000
3 35 7 10323 32 2.000000000
3 36 7 10324 32 2.000000000
3 37 7 10325 32 2.000000000
3 38 7 10326 32 2.000000000
3 39 7 10327 32 2.000000000
3 40 7 10328 32 2.000000000
3 41 7 10329 32 2.000000000
3 42 7 10330 32 2.000000000
3 43 7 10331 32 2.000000000
3 44 7 10332 32 2.000000000
3 45 7 10333 32 2.000000000
3 46 7 10334 32 2.000000000
3 47 7 10335 32 2.000000000
3 48 7 10336 32 2.000000000
3 49 7 10337 32 2.000000000
3 50 7 10338 32 2.000000000
3 51 7 10339 32 2.000000000
3 52 7 10340 32 2.000000000
3 53 7 10341 32 2.000000000
3 54 7 10342 32 2.000000000
3 55 7 10343 32 2.000000000
3 56 7 10344 32 2.000000000
3 57 7 10345 32 2.000000000
3 58 7 10346 32 2.000000000
3 59 7 10347 32 2.000000000
3 60 7 10348 32 2.000000000
3 61 7 10349 32 2.000000000
3 62 7 10350 32 2.000000000
3 63 7 10351 32 2.000000000
4 8 7 10352 32 2.000000000
4 9 7 10353 32 2.000000000
4 10 7 10354 32 2.000000000
4 11 7 10355 32 2.000000000
4 12 7 10356 32 2.000000000
4 13 7 10357 32 2.000000000
4 14 7 10358 32 2.000000000
4 15 7 10359 32 2.000000000
4 16 7 10360 32 2.000000000
4 17 7 10361 32 2.000000000
4 18 7 10362 32 2.000000000
4 19 7 10363 32 2.000000000
4 20 7 10364 32 2.000000000
4 21 7 10365 32 2.000000000
4 22 7 10366 32 2.000000000
4 23 7 10367 32 2.000000000
4 24 7 10368 32 2.000000000
4 25 7 10369 32 2.000000000
4 26 7 10370 32 2.000000000
4 27 7 10371 32 2.000000000
4 28 7 10372 32 2.000000000
4 29 7 10373 32 2.000000000
4 30 7 10374 32 2.000000000
4 31 7 10375 32 2.000000000
4 32 7 10376 32 2.000000000
4 33 7 10377 32 2.000000000
4 34 7 10378 32 2.000000000
4 35 7 10379 32 2.000000000
4 36 7 10380 32 2.000000000
4 37 7 10381 32 2.000000000
4 38 7 10382 32 2.000000000
4 39 7 10383 32 2.000000000
4 40 7 10384 32 2.000000000
4 41 7 10385 32 2.000000000
4 42 7 10386 32 2.000000000
4 43 7 10387 32 2.000000000
4 44 7 10388 32 2.000000000
4 45 7 10389 32 2.000000000
4 46 7 10390 32 2.000000000
4 47 7 10391 32 2.000000000
4 48 7 10392 32 2.000000000
4 49 7 10393 32 2.000000000
4 50 7 10394 32 2.000000000
4 51 7 10395 32 2.000000000
4 52 7 10396 32 2.000000000
4 53 7 10397 32 2.000000000
4 54 7 10398 32 2.000000000
4 55 7 10399 32 2.000000000
4 56 7 10400 32 2.000000000
4 57 7 10401 32 2.000000000
4 58 7 10402 32 2.000000000
4 59 7 10403 32 2.000000000
4 60 7 10404 32 2.000000000
4 61 7 10405 32 2.000000000
4 62 7 10406 32 2.000000000
4 63 7 10407 32 2.000000000
5 8 7 10408 32 2.000000000
5 9 7 10409 32 2.000000000
5 10 7 10410 32 2.000000000
5 11 7 10411 32 2.000000000
5 12 7 10412 32 2.000000000
5 13 7 10413 32 2.000000000
5 14 7 10414 32 2.000000000
5 15 7 10415 32 2.000000000
5 16 7 10416 32 2.000000000
5 17 7 10417 32 2.000000000
5 18 7 10418 32 2.000000000
5 19 7 10419 32 2.000000000
5 20 7 10420 32 2.000000000
5 21 7 10421 32 2.000000000
5 22 7 10422 32 2.000000000
5 23 7 10423 32 2.000000000
5 24 7 10424 32 2.000000000
5 25 7 10425 32 2.000000000
5 26 7 10426 32 2.000000000
5 27 7 10427 32 2.000000000
5 28 7 10428 32 2.000000000
5 29 7 10429 32 2.000000000
5 30 7 10430 32 2.000000000
5 31 7 10431 32 2.000000000
5 32 7 10432 32 2.000000000
5 33 7 10433 32 2.000000000
5 34 7 10434 32 2.000000000
5 35 7 10435 32 2.000000000
5 36 7 10436 32 2.000000000
5 37 7 10437 32 2.000000000
5 38 7 10438 32 2.000000000
5 39 7 10439 32 2.000000000
5 40 7 10440 32 2.000000000
5 41 7 10441 32 2.000000000
5 42 7 10442 32 2.000000000
5 43 7 10443 32 2.000000000
5 44 7 10444 32 2.000000000
5 45 7 10445 32 2.000000000
5 46 7 10446 32 2.000000000
5 47 7 10447 32 2.000000000
5 48 7 10448 32 2.000000000
5 49 7 10449 32 2.000000000
5 50 7 10450 32 2.000000000
5 51 7 10451 32 2.000000000
5 52 7 10452 32 2.000000000
5 53 7 10453 32 2.000000000
5 54 7 10454 32 2.000000000
5 55 7 10455 32 2.000000000
5 56 7 10456 32 2.000000000
5 57 7 10457 32 2.000000000
5 58 7 10458 32 2.000000000
5 59 7 10459 32 2.000000000
5 60 7 10460 32 2.000000000
5 61 7 10461 32 2.000000000
5 62 7 10462 32 2.000000000
5 63 7 10463 32 2.000000000
6 8 7 10464 32 2.000000000
6 9 7 10465 32 2.000000000
6 10 7 10466 32 2.000000000
6 11 7 10467 32 2.000000000
6 12 7 10468 32 2.000000000
6 13 7 10469 32 2.000000000
6 14 7 10470 32 2.000000000
6 15 7 10471 32 2.000000000
6 16 7 10472 32 2.000000000
6 17 7 10473 32 2.000000000
6 18 7 10474 32 2.000000000
6 19 7 10475 32 2.000000000
6 20 7 10476 32 2.000000000
6 21 7 10477 32 2.000000000
6 22 7 10478 32 2.000000000
6 23 7 10479 32 2.000000000
6 24 7 10480 32 2.000000000
6 25 7 10481 32 2.000000000
6 26 7 10482 32 2.000000000
6 27 7 10483 32 2.000000000
6 28 7 10484 32 2.000000000
6 29 7 10485 32 2.000000000
6 30 7 10486 32 2.000000000
6 31 7 10487 32 2.000000000
6 32 7 10488 32 2.000000000
6 33 7 10489 32 2.000000000
6 34 7 10490 32 2.000000000
6 35 7 10491 32 2.000000000
6 36 7 10492 32 2.000000000
6 37 7 10493 32 2.000000000
6 38 7 10494 32 2.000000000
6 39 7 10495 32 2.000000000
6 40 7 10496 32 2.000000000
6 41 7 10497 32 2.000000000
6 42 7 10498 32 2.000000000
6 43 7 10499 32 2.000000000
6 44 7 10500 32 2.000000000
6 45 7 10501 32 2.000000000
6 46 7 10502 32 2.000000000
6 47 7 10503 32 2.000000000
6 48 7 10504 32 2.000000000
6 49 7 10505 32 2.000000000
6 50 7 10506 32 2.000000000
6 51 7 10507 32 2.000000000
6 52 7 10508 32 2.000000000
6 53 7 10509 32 2.000000000
6 54 7 10510 32 2.000000000
6 55 7 10511 32 2.000000000
6 56 7 10512 32 2.000000000
6 57 7 10513 32 2.000000000
6 58 7 10514 32 2.000000000
6 59 7 10515 32 2.000000000
6 60 7 10516 32 2.000000000
6 61 7 10517 32 2.000000000
6 62 7 10518 32 2.000000000
6 63 7 10519 32 2.000000000
7 8 7 10520 32 2.000000000
7 9 7 10521 32 2.000000000
7 10 7 10522 32 2.000000000
7 11 7 10523 32 2.000000000
7 12 7 10524 32 2.000000000
7 13 7 10525 32 2.000000000
7 14 7 10526 32 2.000000000
7 15 7 10527 32 2.000000000
7 16 7 10528 32 2.000000000
7 17 7 10529 32 2.000000000
7 18 7 10530 32 2.000000000
7 19 7 10531 32 2.000000000
7 20 7 10532 32 2.000000000
7 21 7 10533 32 2.000000000
7 22 7 10534 32 2.000000000
7 23 7 10535 32 2.000000000
7 24 7 10536 32 2.000000000
7 25 7 10537 32 2.000000000
7 26 7 10538 32 2.000000000
7 27 7 10539 32 2.000000000
7 28 7 10540 32 2.000000000
7 29 7 10541 32 2.000000000
7 30 7 10542 32 2.000000000
7 31 7 10543 32 2.000000000
7 32 7 10544 32 2.000000000
7 33 7 10545 32 2.000000000
7 34 7 10546 32 2.000000000
7 35 7 10547 32 2.000000000
7 36 7 10548 32 2.000000000
7 37 7 10549 32 2.000000000
7 38 7 10550 32 2.000000000
7 39 7 10551 32 2.000000000
7 40 7 10552 32 2.000000000
7 41 7 10553 32 2.000000000
7 42 7 10554 32 2.000000000
7 43 7 10555 32 2.000000000
7 44 7 10556 32 2.000000000
7 45 7 10557 32 2.000000000
7 46 7 10558 32 2.000000000
7 47 7 10559 32 2.000000000
7 48 7 10560 32 2.000000000
7 49 7 10561 32 2.000000000
7 50 7 10562 32 2.000000000
7 51 7 10563 32 2.000000000
7 52 7 10564 32 2.000000000
7 53 7 10565 32 2.000000000
7 54 7 10566 32 2.000000000
7 55 7 10567 32 2.000000000
7 56 7 10568 32 2.000000000
7 57 7 10569 32 2.000000000
7 58 7 10570 32 2.000000000
7 59 7 10571 32 2.000000000
7 60 7 10572 32 2.000000000
7 61 7 10573 32 2.000000000
7 62 7 10574 32 2.000000000
7 63 7 10575 32 2.000000000
8 0 7 10576 32 2.000000000
8 1 7 10577 32 2.000000000
8 2 7 10578 32 2.000000000
8 3 7 10579 32 2.000000000
8 4 7 10580 32 2.000000000
8 5 7 10581 32 2.000000000
8 6 7 10582 32 2.000000000
8 7 7 10583 32 2.000000000
8 16 7 10584 32 2.000000000
8 17 7 10585 32 2.000000000
8 18 7 10586 32 2.000000000
8 19 7 10587 32 2.000000000
8 20 7 10588 32 2.000000000
8 21 7 10589 32 2.000000000
8 22 7 10590 32 2.000000000
8 23 7 10591 32 2.000000000
8 24 7 10592 32 2.000000000
8 25 7 10593 32 2.000000000
8 26 7 10594 32 2.000000000
8 27 7 10595 32 2.000000000
8 28 7 10596 32 2.000000000
8 29 7 10597 32 2.000000000
8 30 7 10598 32 2.000000000
8 31 7 10599 32 2.000000000
8 32 7 10600 32 2.000000000
8 33 7 10601 32 2.000000000
8 34 7 10602 32 2.000000000
8 35 7 10603 32 2.000000000
8 36 7 10604 32 2.000000000
8 37 7 10605 32 2.000000000
8 38 7 10606 32 2.000000000
8 39 7 10607 32 2.000000000
8 40 7 10608 32 2.000000000
8 41 7 10609 32 2.000000000
8 42 7 10610 32 2.000000000
8 43 7 10611 32 2.000000000
8 44 7 10612 32 2.000000000
8 45 7 10613 32 2.000000000
8 46 7 10614 32 2.000000000
8 47 7 10615 32 2.000000000
8 48 7 10616 32 2.000000000
8 49 7 10617 32 2.000000000
8 50 7 10618 32 2.000000000
8 51 7 10619 32 2.000000000
8 52 7 10620 32 2.000000000
8 53 7 10621 32 2.000000000
8 54 7 10622 32 2.000000000
8 55 7 10623 32 2.000000000
8 56 7 10624 32 2.000000000
8 57 7 10625 32 2.000000000
8 58 7 10626 32 2.000000000
8 59 7 10627 32 2.000000000
8 60 7 10628 32 2.000000000
8 61 7 10629 32 2.000000000
8 62 7 10630 32 2.000000000
8 63 7 10631 32 2.000000000
9 0 7 10632 32 2.000000000
9 1 7 10633 32 2.000000000
9 2 7 10634 32 2.000000000
9 3 7 10635 32 2.000000000
9 4 7 10636 32 2.000000000
9 5 7 10637 32 2.000000000
9 6 7 10638 32 2.000000000
9 7 7 10639 32 2.000000000
9 16 7 10640 32 2.000000000
9 17 7 10641 32 2.000000000
9 18 7 10642 32 2.000000000
9 19 7 10643 32 2.000000000
9 20 7 10644 32 2.000000000
9 21 7 10645 32 2.000000000
9 22 7 10646 32 2.000000000
9 23 7 10647 32 2.000000000
9 24 7 10648 32 2.000000000
9 25 7 10649 32 2.000000000
9 26 7 10650 32 2.000000000
9 27 7 10651 32 2.000000000
9 28 7 10652 32 2.000000000
9 29 7 10653 32 2.000000000
9 30 7 10654 32 2.000000000
9 31 7 10655 32 2.000000000
9 32 7 10656 32 2.000000000
9 33 7 10657 32 2.000000000
9 34 7 10658 32 2.000000000
9 35 7 10659 32 2.000000000
9 36 7 10660 32 2.000000000
9 37 7 10661 32 2.000000000
9 38 7 10662 32 2.000000000
9 39 7 10663 32 2.000000000
9 40 7 10664 32 2.000000000
9 41 7 10665 32 2.000000000
9 42 7 10666 32 2.000000000
9 43 7 10667 32 2.000000000
9 44 7 10668 32 2.000000000
9 45 7 10669 32 2.000000000
9 46 7 10670 32 2.000000000
9 47 7 10671 32 2.000000000
9 48 7 10672 32 2.000000000
9 49 7 10673 32 2.000000000
9 50 7 10674 32 2.000000000
9 51 7 10675 32 2.000000000
9 52 7 10676 32 2.000000000
9 53 7 10677 32 2.000000000
9 54 7 10678 32 2.000000000
9 55 7 10679 32 2.000000000
9 56 7 10680 32 2.000000000
9 57 7 10681 32 2.000000000
9 58 7 10682 32 2.000000000
9 59 7 10683 32 2.000000000
9 60 7 10684 32 2.000000000
9 61 7 10685 32 2.000000000
9 62 7 10686 32 2.000000000
9 63 7 10687 32 2.000000000
10 0 7 10688 32 2.000000000
10 1 7 10689 32 2.000000000
10 2 7 10690 32 2.000000000
10 3 7 10691 32 2.000000000
10 4 7 10692 32 2.000000000
10 5 7 10693 32 2.000000000
10 6 7 10694 32 2.000000000
10 7 7 10695 32 2.000000000
10 16 7 10696 32 2.000000000
10 17 7 10697 32 2.000000000
10 18 7 10698 32 2.000000000
10 19 7 10699 32 2.000000000
10 20 7 10700 32 2.000000000
10 21 7 10701 32 2.000000000
10 22 7 10702 32 2.000000000
10 23 7 10703 32 2.000000000
10 24 7 10704 32 2.000000000
10 25 7 10705 32 2.000000000
10 26 7 10706 32 2.000000000
10 27 7 10707 32 2.000000000
10 28 7 10708 32 2.000000000
10 29 7 10709 32 2.000000000
10 30 7 10710 32 2.000000000
10 31 7 10711 32 2.000000000
10 32 7 10712 32 2.000000000
10 33 7 10713 32 2.000000000
10 34 7 10714 32 2.000000000
10 35 7 10715 32 2.000000000
10 36 7 10716 32 2.000000000
10 37 7 10717 32 2.000000000
10 38 7 10718 32 2.000000000
10 39 7 10719 32 2.000000000
10 40 7 10720 32 2.000000000
10 41 7 10721 32 2.000000000
10 42 7 10722 32 2.000000000
10 43 7 10723 32 2.000000000
10 44 7 10724 32 2.000000000
10 45 7 10725 32 2.000000000
10 46 7 10726 32 2.000000000
10 47 7 10727 32 2.000000000
10 48 7 10728 32 2.000000000
10 49 7 10729 32 2.000000000
10 50 7 10730 32 2.000000000
10 51 7 10731 32 2.000000000
10 52 7 10732 32 2.000000000
10 53 7 10733 32 2.000000000
10 54 7 10734 32 2.000000000
10 55 7 10735 32 2.000000000
10 56 7 10736 32 2.000000000
10 57 7 10737 32 2.000000000
10 58 7 10738 32 2.000000000
10 59 7 10739 32 2.000000000
10 60 7 10740 32 2.000000000
10 61 7 10741 32 2.000000000
10 62 7 10742 32 2.000000000
10 63 7 10743 32 2.000000000
11 0 7 10744 32 2.000000000
11 1 7 10745 32 2.000000000
11 2 7 10746 32 2.000000000
11 3 7 10747 32 2.000000000
11 4 7 10748 32 2.000000000
11 5 7 10749 32 2.000000000
11 6 7 10750 32 2.000000000
11 7 7 10751 32 2.000000000
11 16 7 10752 32 2.000000000
11 17 7 10753 32 2.000000000
11 18 7 10754 32 2.000000000
11 19 7 10755 32 2.000000000
11 20 7 10756 32 2.000000000
11 21 7 10757 32 2.000000000
11 22 7 10758 32 2.000000000
11 23 7 10759 32 2.000000000
11 24 7 10760 32 2.000000000
11 25 7 10761 32 2.000000000
11 26 7 10762 32 2.000000000
11 27 7 10763 32 2.000000000
11 28 7 10764 32 2.000000000
11 29 7 10765 32 2.000000000
11 30 7 10766 32 2.000000000
11 31 7 10767 32 2.000000000
11 32 7 10768 32 2.000000000
11 33 7 10769 32 2.000000000
11 34 7 10770 32 2.000000000
11 35 7 10771 32 2.000000000
11 36 7 10772 32 2.000000000
11 37 7 10773 32 2.000000000
11 38 7 10774 32 2.000000000
11 39 7 10775 32 2.000000000
11 40 7 10776 32 2.000000000
11 41 7 10777 32 2.000000000
11 42 7 10778 32 2.000000000
11 43 7 10779 32 2.000000000
11 44 7 10780 32 2.000000000
11 45 7 10781 32 2.000000000
11 46 7 10782 32 2.000000000
11 47 7 10783 32 2.000000000
11 48 7 10784 32 2.000000000
11 49 7 10785 32 2.000000000
11 50 7 10786 32 2.000000000
11 51 7 10787 32 2.000000000
11 52 7 10788 32 2.000000000
11 53 7 10789 32 2.000000000
11 54 7 10790 32 2.000000000
11 55 7 10791 32 2.000000000
11 56 7 10792 32 2.000000000
11 57 7 10793 32 2.000000000
11 58 7 10794 32 2.000000000
11 59 7 10795 32 2.000000000
11 60 7 10796 32 2.000000000
11 61 7 10797 32 2.000000000
11 62 7 10798 32 2.000000000
11 63 7 10799 32 2.000000000
12 0 7 10800 32 2.000000000
12 1 7 10801 32 2.000000000
12 2 7 10802 32 2.000000000
12 3 7 10803 32 2.000000000
12 4 7 10804 32 2.000000000
12 5 7 10805 32 2.000000000
12 6 7 10806 32 2.000000000
12 7 7 10807 32 2.000000000
12 16 7 10808 32 2.000000000
12 17 7 10809 32 2.000000000
12 18 7 10810 32 2.000000000
12 19 7 10811 32 2.000000000
12 20 7 10812 32 2.000000000
12 21 7 10813 32 2.000000000
12 22 7 10814 32 2.000000000
12 23 7 10815 32 2.000000000
12 24 7 10816 32 2.000000000
12 25 7 10817 32 2.000000000
12 26 7 10818 32 2.000000000
12 27 7 10819 32 2.000000000
12 28 7 10820 32 2.000000000
12 29 7 10821 32 2.000000000
12 30 7 10822 32 2.000000000
12 31 7 10823 32 2.000000000
12 32 7 10824 32 2.000000000
12 33 7 10825 32 2.000000000
12 34 7 10826 32 2.000000000
12 35 7 10827 32 2.000000000
12 36 7 10828 32 2.000000000
12 37 7 10829 32 2.000000000
12 38 7 10830 32 2.000000000
12 39 7 10831 32 2.000000000
12 40 7 10832 32 2.000000000
12 41 7 10833 32 2.000000000
12 42 7 10834 32 2.000000000
12 43 7 10835 32 2.000000000
12 44 7 10836 32 2.000000000
12 45 7 10837 32 2.000000000
12 46 7 10838 32 2.000000000
12 47 7 10839 32 2.000000000
12 48 7 10840 32 2.000000000
12 49 7 10841 32 2.000000000
12 50 7 10842 32 2.000000000
12 51 7 10843 32 2.000000000
12 52 7 10844 32 2.000000000
12 53 7 10845 32 2.000000000
12 54 7 10846 32 2.000000000
12 55 7 10847 32 2.000000000
12 56 7 10848 32 2.000000000
12 57 7 10849 32 2.000000000
12 58 7 10850 32 2.000000000
12 59 7 10851 32 2.000000000
12 60 7 10852 32 2.000000000
12 61 7 10853 32 2.000000000
12 62 7 10854 32 2.000000000
12 63 7 10855 32 2.000000000
13 0 7 10856 32 2.000000000
13 1 7 10857 32 2.000000000
13 2 7 10858 32 2.000000000
13 3 7 10859 32 2.000000000
13 4 7 10860 32 2.000000000
13 5 7 10861 32 2.000000000
13 6 7 10862 32 2.000000000
13 7 7 10863 32 2.000000000
13 16 7 10864 32 2.000000000
13 17 7 10865 32 2.000000000
13 18 7 10866 32 2.000000000
13 19 7 10867 32 2.000000000
13 20 7 10868 32 2.000000000
13 21 7 10869 32 2.000000000
13 22 7 10870 32 2.000000000
13 23 7 10871 32 2.000000000
13 24 7 10872 32 2.000000000
13 25 7 10873 32 2.000000000
13 26 7 10874 32 2.000000000
13 27 7 10875 32 2.000000000
13 28 7 10876 32 2.000000000
13 29 7 10877 32 2.000000000
13 30 7 10878 32 2.000000000
13 31 7 10879 32 2.000000000
13 32 7 10880 32 2.000000000
13 33 7 10881 32 2.000000000
13 34 7 10882 32 2.000000000
13 35 7 10883 32 2.000000000
13 36 7 10884 32 2.000000000
13 37 7 10885 32 2.000000000
13 38 7 10886 32 2.000000000
13 39 7 10887 32 2.000000000
13 40 7 10888 32 2.000000000
13 41 7 10889 32 2.000000000
13 42 7 10890 32 2.000000000
13 43 7 10891 32 2.000000000
13 44 7 10892 32 2.000000000
13 45 7 10893 32 2.000000000
13 46 7 10894 32 2.000000000
13 47 7 10895 32 2.000000000
13 48 7 10896 32 2.000000000
13 49 7 10897 32 2.000000000
13 50 7 10898 32 2.000000000
13 51 7 10899 32 2.000000000
13 52 7 10900 32 2.000000000
13 53 7 10901 32 2.000000000
13 54 7 10902 32 2.000000000
13 55 7 10903 32 2.000000000
13 56 7 10904 32 2.000000000
13 57 7 10905 32 2.000000000
13 58 7 10906 32 2.000000000
13 59 7 10907 32 2.000000000
13 60 7 10908 32 2.000000000
13 61 7 10909 32 2.000000000
13 62 7 10910 32 2.000000000
13 63 7 10911 32 2.000000000
14 0 7 10912 32 2.000000000
14 1 7 10913 32 2.000000000
14 2 7 10914 32 2.000000000
14 3 7 10915 32 2.000000000
14 4 7 10916 32 2.000000000
14 5 7 10917 32 2.000000000
14 6 7 10918 32 2.000000000
14 7 7 10919 32 2.000000000
14 16 7 10920 32 2.000000000
14 17 7 10921 32 2.000000000
14 18 7 10922 32 2.000000000
14 19 7 10923 32 2.000000000
14 20 7 10924 32 2.000000000
14 21 7 10925 32 2.000000000
14 22 7 10926 32 2.000000000
14 23 7 10927 32 2.000000000
14 24 7 10928 32 2.000000000
14 25 7 10929 32 2.000000000
14 26 7 10930 32 2.000000000
14 27 7 10931 32 2.000000000
14 28 7 10932 32 2.000000000
14 29 7 10933 32 2.000000000
14 30 7 10934 32 2.000000000
14 31 7 10935 32 2.000000000
14 32 7 10936 32 2.000000000
14 33 7 10937 32 2.000000000
14 34 7 10938 32 2.000000000
14 35 7 10939 32 2.000000000
14 36 7 10940 32 2.000000000
14 37 7 10941 32 2.000000000
14 38 7 10942 32 2.000000000
14 39 7 10943 32 2.000000000
14 40 7 10944 32 2.000000000
14 41 7 10945 32 2.000000000
14 42 7 10946 32 2.000000000
14 43 7 10947 32 2.000000000
14 44 7 10948 32 2.000000000
14 45 7 10949 32 2.000000000
14 46 7 10950 32 2.000000000
14 47 7 10951 32 2.000000000
14 48 7 10952 32 2.000000000
14 49 7 10953 32 2.000000000
14 50 7 10954 32 2.000000000
14 51 7 10955 32 2.000000000
14 52 7 10956 32 2.000000000
14 53 7 10957 32 2.000000000
14 54 7 10958 32 2.000000000
14 55 7 10959 32 2.000000000
14 56 7 10960 32 2.000000000
14 57 7 10961 32 2.000000000
14 58 7 10962 32 2.000000000
14 59 7 10963 32 2.000000000
14 60 7 10964 32 2.000000000
14 61 7 10965 32 2.000000000
14 62 7 10966 32 2.000000000
14 63 7 10967 32 2.000000000
15 0 7 10968 32 2.000000000
15 1 7 10969 32 2.000000000
15 2 7 10970 32 2.000000000
15 3 7 10971 32 2.000000000
15 4 7 10972 32 2.000000000
15 5 7 10973 32 2.000000000
15 6 7 10974 32 2.000000000
15 7 7 10975 32 2.000000000
15 16 7 10976 32 2.000000000
15 17 7 10977 32 2.000000000
15 18 7 10978 32 2.000000000
15 19 7 10979 32 2.000000000
15 20 7 10980 32 2.000000000
15 21 7 10981 32 2.000000000
15 22 7 10982 32 2.000000000
15 23 7 10983 32 2.000000000
15 24 7 10984 32 2.000000000
15 25 7 10985 32 2.000000000
15 26 7 10986 32 2.000000000
15 27 7 10987 32 2.000000000
15 28 7 10988 32 2.000000000
15 29 7 10989 32 2.000000000
15 30 7 10990 32 2.000000000
15 31 7 10991 32 2.000000000
15 32 7 10992 32 2.000000000
15 33 7 10993 32 2.000000000
15 34 7 10994 32 2.000000000
15 35 7 10995 32 2.000000000
15 36 7 10996 32 2.000000000
15 37 7 10997 32 2.000000000
15 38 7 10998 32 2.000000000
15 39 7 10999 32 2.000000000
15 40 7 11000 32 2.000000000
15 41 7 11001 32 2.000000000
15 42 7 11002 32 2.000000000
15 43 7 11003 32 2.000000000
15 44 7 11004 32 2.000000000
15 45 7 11005 32 2.000000000
15 46 7 11006 32 2.000000000
15 47 7 11007 32 2.000000000
15 48 7 11008 32 2.000000000
15 49 7 11009 32 2.000000000
15 50 7 11010 32 2.000000000
15 51 7 11011 32 2.000000000
15 52 7 11012 32 2.000000000
15 53 7 11013 32 2.000000000
15 54 7 11014 32 2.000000000
15 55 7 11015 32 2.000000000
15 56 7 11016 32 2.000000000
15 57 7 11017 32 2.000000000
15 58 7 11018 32 2.000000000
15 59 7 11019 32 2.000000000
15 60 7 11020 32 2.000000000
15 61 7 11021 32 2.000000000
15 62 7 11022 32 2.000000000
15 63 7 11023 32 2.000000000
0 64 7 11024 32 2.000000000
1 65 7 11025 32 2.000000000
2 66 7 11026 32 2.000000000
3 67 7 11027 32 2.000000000
4 68 7 11028 32 2.000000000
5 69 7 11029 32 2.000000000
6 70 7 11030 32 2.000000000
7 71 7 11031 32 2.000000000
8 72 7 11032 32 2.000000000
9 73 7 11033 32 2.000000000
10 74 7 11034 32 2.000000000
11 75 7 11035 32 2.000000000
12 76 7 11036 32 2.000000000
13 77 7 11037 32 2.000000000
14 78 7 11038 32 2.000000000
15 79 7 11039 32 2.000000000
