1040
0 1024 7 10000 2 2.000000000
1 1025 7 10001 2 2.000000000
2 1026 7 10002 2 2.000000000
3 1027 7 10003 2 2.000000000
4 1028 7 10004 2 2.000000000
5 1029 7 10005 2 2.000000000
6 1030 7 10006 2 2.000000000
7 1031 7 10007 2 2.000000000
8 1032 7 10008 2 2.000000000
9 1033 7 10009 2 2.000000000
10 1034 7 10010 2 2.000000000
11 1035 7 10011 2 2.000000000
12 1036 7 10012 2 2.000000000
13 1037 7 10013 2 2.000000000
14 1038 7 10014 2 2.000000000
15 1039 7 10015 2 2.000000000
0 4096 7 10016 2 2.000000000
8 4104 7 10017 2 2.000000000
0 2048 7 10018 2 2.000000000
8 2056 7 10019 2 2.000000000
0 128 7 10020 2 2.000000000
8 136 7 10021 2 2.000000000
0 64 7 10022 2 2.000000000
8 72 7 10023 2 2.000000000
0 32 7 10024 2 2.000000000
8 40 7 10025 2 2.000000000
0 16 7 10026 2 2.000000000
8 24 7 10027 2 2.000000000
0 8 7 10028 2 2.000000000
8 0 7 10029 2 2.000000000
1 4097 7 10030 2 2.000000000
9 4105 7 10031 2 2.000000000
1 2049 7 10032 2 2.000000000
9 2057 7 10033 2 2.000000000
1 129 7 10034 2 2.000000000
9 137 7 10035 2 2.000000000
1 65 7 10036 2 2.000000000
9 73 7 10037 2 2.000000000
1 33 7 10038 2 2.000000000
9 41 7 10039 2 2.000000000
1 17 7 10040 2 2.000000000
9 25 7 10041 2 2.000000000
1 9 7 10042 2 2.000000000
9 1 7 10043 2 2.000000000
2 4098 7 10044 2 2.000000000
10 4106 7 10045 2 2.000000000
2 2050 7 10046 2 2.000000000
10 2058 7 10047 2 2.000000000
2 130 7 10048 2 2.000000000
10 138 7 10049 2 2.000000000
2 66 7 10050 2 2.000000000
10 74 7 10051 2 2.000000000
2 34 7 10052 2 2.000000000
10 42 7 10053 2 2.000000000
2 18 7 10054 2 2.000000000
10 26 7 10055 2 2.000000000
2 10 7 10056 2 2.000000000
10 2 7 10057 2 2.000000000
3 4099 7 10058 2 2.000000000
11 4107 7 10059 2 2.000000000
3 2051 7 10060 2 2.000000000
11 2059 7 10061 2 2.000000000
3 131 7 10062 2 2.000000000
11 139 7 10063 2 2.000000000
3 67 7 10064 2 2.000000000
11 75 7 10065 2 2.000000000
3 35 7 10066 2 2.000000000
11 43 7 10067 2 2.000000000
3 19 7 10068 2 2.000000000
11 27 7 10069 2 2.000000000
3 11 7 10070 2 2.000000000
11 3 7 10071 2 2.000000000
4 4100 7 10072 2 2.000000000
12 4108 7 10073 2 2.000000000
4 2052 7 10074 2 2.000000000
12 2060 7 10075 2 2.000000000
4 132 7 10076 2 2.000000000
12 140 7 10077 2 2.000000000
4 68 7 10078 2 2.000000000
12 76 7 10079 2 2.000000000
4 36 7 10080 2 2.000000000
12 44 7 10081 2 2.000000000
4 20 7 10082 2 2.000000000
12 28 7 10083 2 2.000000000
4 12 7 10084 2 2.000000000
12 4 7 10085 2 2.000000000
5 4101 7 10086 2 2.000000000
13 4109 7 10087 2 2.000000000
5 2053 7 10088 2 2.000000000
13 2061 7 10089 2 2.000000000
5 133 7 10090 2 2.000000000
13 141 7 10091 2 2.000000000
5 69 7 10092 2 2.000000000
13 77 7 10093 2 2.000000000
5 37 7 10094 2 2.000000000
13 45 7 10095 2 2.000000000
5 21 7 10096 2 2.000000000
13 29 7 10097 2 2.000000000
5 13 7 10098 2 2.000000000
13 5 7 10099 2 2.000000000
6 4102 7 10100 2 2.000000000
14 4110 7 10101 2 2.000000000
6 2054 7 10102 2 2.000000000
14 2062 7 10103 2 2.000000000
6 134 7 10104 2 2.000000000
14 142 7 10105 2 2.000000000
6 70 7 10106 2 2.000000000
14 78 7 10107 2 2.000000000
6 38 7 10108 2 2.000000000
14 46 7 10109 2 2.000000000
6 22 7 10110 2 2.000000000
14 30 7 10111 2 2.000000000
6 14 7 10112 2 2.000000000
14 6 7 10113 2 2.000000000
7 4103 7 10114 2 2.000000000
15 4111 7 10115 2 2.000000000
7 2055 7 10116 2 2.000000000
15 2063 7 10117 2 2.000000000
7 135 7 10118 2 2.000000000
15 143 7 10119 2 2.000000000
7 71 7 10120 2 2.000000000
15 79 7 10121 2 2.000000000
7 39 7 10122 2 2.000000000
15 47 7 10123 2 2.000000000
7 23 7 10124 2 2.000000000
15 31 7 10125 2 2.000000000
7 15 7 10126 2 2.000000000
15 7 7 10127 2 2.000000000
0 8 7 10128 2 2.000000000
0 9 7 10129 2 2.000000000
0 10 7 10130 2 2.000000000
0 11 7 10131 2 2.000000000
0 12 7 10132 2 2.000000000
0 13 7 10133 2 2.000000000
0 14 7 10134 2 2.000000000
0 15 7 10135 2 2.000000000
0 16 7 10136 2 2.000000000
0 17 7 10137 2 2.000000000
0 18 7 10138 2 2.000000000
0 19 7 10139 2 2.000000000
0 20 7 10140 2 2.000000000
0 21 7 10141 2 2.000000000
0 22 7 10142 2 2.000000000
0 23 7 10143 2 2.000000000
0 24 7 10144 2 2.000000000
0 25 7 10145 2 2.000000000
0 26 7 10146 2 2.000000000
0 27 7 10147 2 2.000000000
0 28 7 10148 2 2.000000000
0 29 7 10149 2 2.000000000
0 30 7 10150 2 2.000000000
0 31 7 10151 2 2.000000000
0 32 7 10152 2 2.000000000
0 33 7 10153 2 2.000000000
0 34 7 10154 2 2.000000000
0 35 7 10155 2 2.000000000
0 36 7 10156 2 2.000000000
0 37 7 10157 2 2.000000000
0 38 7 10158 2 2.000000000
0 39 7 10159 2 2.000000000
0 40 7 10160 2 2.000000000
0 41 7 10161 2 2.000000000
0 42 7 10162 2 2.000000000
0 43 7 10163 2 2.000000000
0 44 7 10164 2 2.000000000
0 45 7 10165 2 2.000000000
0 46 7 10166 2 2.000000000
0 47 7 10167 2 2.000000000
0 48 7 10168 2 2.000000000
0 49 7 10169 2 2.000000000
0 50 7 10170 2 2.000000000
0 51 7 10171 2 2.000000000
0 52 7 10172 2 2.000000000
0 53 7 10173 2 2.000000000
0 54 7 10174 2 2.000000000
0 55 7 10175 2 2.000000000
0 56 7 10176 2 2.000000000
0 57 7 10177 2 2.000000000
0 58 7 10178 2 2.000000000
0 59 7 10179 2 2.000000000
0 60 7 10180 2 2.000000000
0 61 7 10181 2 2.000000000
0 62 7 10182 2 2.000000000
0 63 7 10183 2 2.000000000
1 8 7 10184 2 2.000000000
1 9 7 10185 2 2.000000000
1 10 7 10186 2 2.000000000
1 11 7 10187 2 2.000000000
1 12 7 10188 2 2.000000000
1 13 7 10189 2 2.000000000
1 14 7 10190 2 2.000000000
1 15 7 10191 2 2.000000000
1 16 7 10192 2 2.000000000
1 17 7 10193 2 2.000000000
1 18 7 10194 2 2.000000000
1 19 7 10195 2 2.000000000
1 20 7 10196 2 2.000000000
1 21 7 10197 2 2.000000000
1 22 7 10198 2 2.000000000
1 23 7 10199 2 2.000000000
1 24 7 10200 2 2.000000000
1 25 7 10201 2 2.000000000
1 26 7 10202 2 2.000000000
1 27 7 10203 2 2.000000000
1 28 7 10204 2 2.000000000
1 29 7 10205 2 2.000000000
1 30 7 10206 2 2.000000000
1 31 7 10207 2 2.000000000
1 32 7 10208 2 2.000000000
1 33 7 10209 2 2.000000000
1 34 7 10210 2 2.000000000
1 35 7 10211 2 2.000000000
1 36 7 10212 2 2.000000000
1 37 7 10213 2 2.000000000
1 38 7 10214 2 2.000000000
1 39 7 10215 2 2.000000000
1 40 7 10216 2 2.000000000
1 41 7 10217 2 2.000000000
1 42 7 10218 2 2.000000000
1 43 7 10219 2 2.000000000
1 44 7 10220 2 2.000000000
1 45 7 10221 2 2.000000000
1 46 7 10222 2 2.000000000
1 47 7 10223 2 2.000000000
1 48 7 10224 2 2.000000000
1 49 7 10225 2 2.000000000
1 50 7 10226 2 2.000000000
1 51 7 10227 2 2.000000000
1 52 7 10228 2 2.000000000
1 53 7 10229 2 2.000000000
1 54 7 10230 2 2.000000000
1 55 7 10231 2 2.000000000
1 56 7 10232 2 2.000000000
1 57 7 10233 2 2.000000000
1 58 7 10234 2 2.000000000
1 59 7 10235 2 2.000000000
1 60 7 10236 2 2.000000000
1 61 7 10237 2 2.000000000
1 62 7 10238 2 2.000000000
1 63 7 10239 2 2.000000000
2 8 7 10240 2 2.000000000
2 9 7 10241 2 2.000000000
2 10 7 10242 2 2.000000000
2 11 7 10243 2 2.000000000
2 12 7 10244 2 2.000000000
2 13 7 10245 2 2.000000000
2 14 7 10246 2 2.000000000
2 15 7 10247 2 2.000000000
2 16 7 10248 2 2.000000000
2 17 7 10249 2 2.000000000
2 18 7 10250 2 2.000000000
2 19 7 10251 2 2.000000000
2 20 7 10252 2 2.000000000
2 21 7 10253 2 2.000000000
2 22 7 10254 2 2.000000000
2 23 7 10255 2 2.000000000
2 24 7 10256 2 2.000000000
2 25 7 10257 2 2.000000000
2 26 7 10258 2 2.000000000
2 27 7 10259 2 2.000000000
2 28 7 10260 2 2.000000000
2 29 7 10261 2 2.000000000
2 30 7 10262 2 2.000000000
2 31 7 10263 2 2.000000000
2 32 7 10264 2 2.000000000
2 33 7 10265 2 2.000000000
2 34 7 10266 2 2.000000000
2 35 7 10267 2 2.000000000
2 36 7 10268 2 2.000000000
2 37 7 10269 2 2.000000000
2 38 7 10270 2 2.000000000
2 39 7 10271 2 2.000000000
2 40 7 10272 2 2.000000000
2 41 7 10273 2 2.000000000
2 42 7 10274 2 2.000000000
2 43 7 10275 2 2.000000000
2 44 7 10276 2 2.000000000
2 45 7 10277 2 2.000000000
2 46 7 10278 2 2.000000000
2 47 7 10279 2 2.000000000
2 48 7 10280 2 2.000000000
2 49 7 10281 2 2.000000000
2 50 7 10282 2 2.000000000
2 51 7 10283 2 2.000000000
2 52 7 10284 2 2.000000000
2 53 7 10285 2 2.000000000
2 54 7 10286 2 2.000000000
2 55 7 10287 2 2.000000000
2 56 7 10288 2 2.000000000
2 57 7 10289 2 2.000000000
2 58 7 10290 2 2.000000000
2 59 7 10291 2 2.000000000
2 60 7 10292 2 2.000000000
2 61 7 10293 2 2.000000000
2 62 7 10294 2 2.000000000
2 63 7 10295 2 2.000000000
3 8 7 10296 2 2.000000000
3 9 7 10297 2 2.000000000
3 10 7 10298 2 2.000000000
3 11 7 10299 2 2.000000000
3 12 7 10300 2 2.000000000
3 13 7 10301 2 2.000000000
3 14 7 10302 2 2.000000000
3 15 7 10303 2 2.000000000
3 16 7 10304 2 2.000000000
3 17 7 10305 2 2.000000000
3 18 7 10306 2 2.000000000
3 19 7 10307 2 2.000000000
3 20 7 10308 2 2.000000000
3 21 7 10309 2 2.000000000
3 22 7 10310 2 2.000000000
3 23 7 10311 2 2.000000000
3 24 7 10312 2 2.000000000
3 25 7 10313 2 2.000000000
3 26 7 10314 2 2.000000000
3 27 7 10315 2 2.000000000
3 28 7 10316 2 2.000000000
3 29 7 10317 2 2.000000000
3 30 7 10318 2 2.000000000
3 31 7 10319 2 2.000000000
3 32 7 10320 2 2.000000000
3 33 7 10321 2 2.000000000
3 34 7 10322 2 2.000000000
3 35 7 10323 2 2.000000000
3 36 7 10324 2 2.000000000
3 37 7 10325 2 2.000000000
3 38 7 10326 2 2.000000000
3 39 7 10327 2 2.000000000
3 40 7 10328 2 2.000000000
3 41 7 10329 2 2.000000000
3 42 7 10330 2 2.000000000
3 43 7 10331 2 2.000000000
3 44 7 10332 2 2.000000000
3 45 7 10333 2 2.000000000
3 46 7 10334 2 2.000000000
3 47 7 10335 2 2.000000000
3 48 7 10336 2 2.000000000
3 49 7 10337 2 2.000000000
3 50 7 10338 2 2.000000000
3 51 7 10339 2 2.000000000
3 52 7 10340 2 2.000000000
3 53 7 10341 2 2.000000000
3 54 7 10342 2 2.000000000
3 55 7 10343 2 2.000000000
3 56 7 10344 2 2.000000000
3 57 7 10345 2 2.000000000
3 58 7 10346 2 2.000000000
3 59 7 10347 2 2.000000000
3 60 7 10348 2 2.000000000
3 61 7 10349 2 2.000000000
3 62 7 10350 2 2.000000000
3 63 7 10351 2 2.000000000
4 8 7 10352 2 2.000000000
4 9 7 10353 2 2.000000000
4 10 7 10354 2 2.000000000
4 11 7 10355 2 2.000000000
4 12 7 10356 2 2.000000000
4 13 7 10357 2 2.000000000
4 14 7 10358 2 2.000000000
4 15 7 10359 2 2.000000000
4 16 7 10360 2 2.000000000
4 17 7 10361 2 2.000000000
4 18 7 10362 2 2.000000000
4 19 7 10363 2 2.000000000
4 20 7 10364 2 2.000000000
4 21 7 10365 2 2.000000000
4 22 7 10366 2 2.000000000
4 23 7 10367 2 2.000000000
4 24 7 10368 2 2.000000000
4 25 7 10369 2 2.000000000
4 26 7 10370 2 2.000000000
4 27 7 10371 2 2.000000000
4 28 7 10372 2 2.000000000
4 29 7 10373 2 2.000000000
4 30 7 10374 2 2.000000000
4 31 7 10375 2 2.000000000
4 32 7 10376 2 2.000000000
4 33 7 10377 2 2.000000000
4 34 7 10378 2 2.000000000
4 35 7 10379 2 2.000000000
4 36 7 10380 2 2.000000000
4 37 7 10381 2 2.000000000
4 38 7 10382 2 2.000000000
4 39 7 10383 2 2.000000000
4 40 7 10384 2 2.000000000
4 41 7 10385 2 2.000000000
4 42 7 10386 2 2.000000000
4 43 7 10387 2 2.000000000
4 44 7 10388 2 2.000000000
4 45 7 10389 2 2.000000000
4 46 7 10390 2 2.000000000
4 47 7 10391 2 2.000000000
4 48 7 10392 2 2.000000000
4 49 7 10393 2 2.000000000
4 50 7 10394 2 2.000000000
4 51 7 10395 2 2.000000000
4 52 7 10396 2 2.000000000
4 53 7 10397 2 2.000000000
4 54 7 10398 2 2.000000000
4 55 7 10399 2 2.000000000
4 56 7 10400 2 2.000000000
4 57 7 10401 2 2.000000000
4 58 7 10402 2 2.000000000
4 59 7 10403 2 2.000000000
4 60 7 10404 2 2.000000000
4 61 7 10405 2 2.000000000
4 62 7 10406 2 2.000000000
4 63 7 10407 2 2.000000000
5 8 7 10408 2 2.000000000
5 9 7 10409 2 2.000000000
5 10 7 10410 2 2.000000000
5 11 7 10411 2 2.000000000
5 12 7 10412 2 2.000000000
5 13 7 10413 2 2.000000000
5 14 7 10414 2 2.000000000
5 15 7 10415 2 2.000000000
5 16 7 10416 2 2.000000000
5 17 7 10417 2 2.000000000
5 18 7 10418 2 2.000000000
5 19 7 10419 2 2.000000000
5 20 7 10420 2 2.000000000
5 21 7 10421 2 2.000000000
5 22 7 10422 2 2.000000000
5 23 7 10423 2 2.000000000
5 24 7 10424 2 2.000000000
5 25 7 10425 2 2.000000000
5 26 7 10426 2 2.000000000
5 27 7 10427 2 2.000000000
5 28 7 10428 2 2.000000000
5 29 7 10429 2 2.000000000
5 30 7 10430 2 2.000000000
5 31 7 10431 2 2.000000000
5 32 7 10432 2 2.000000000
5 33 7 10433 2 2.000000000
5 34 7 10434 2 2.000000000
5 35 7 10435 2 2.000000000
5 36 7 10436 2 2.000000000
5 37 7 10437 2 2.000000000
5 38 7 10438 2 2.000000000
5 39 7 10439 2 2.000000000
5 40 7 10440 2 2.000000000
5 41 7 10441 2 2.000000000
5 42 7 10442 2 2.000000000
5 43 7 10443 2 2.000000000
5 44 7 10444 2 2.000000000
5 45 7 10445 2 2.000000000
5 46 7 10446 2 2.000000000
5 47 7 10447 2 2.000000000
5 48 7 10448 2 2.000000000
5 49 7 10449 2 2.000000000
5 50 7 10450 2 2.000000000
5 51 7 10451 2 2.000000000
5 52 7 10452 2 2.000000000
5 53 7 10453 2 2.000000000
5 54 7 10454 2 2.000000000
5 55 7 10455 2 2.000000000
5 56 7 10456 2 2.000000000
5 57 7 10457 2 2.000000000
5 58 7 10458 2 2.000000000
5 59 7 10459 2 2.000000000
5 60 7 10460 2 2.000000000
5 61 7 10461 2 2.000000000
5 62 7 10462 2 2.000000000
5 63 7 10463 2 2.000000000
6 8 7 10464 2 2.000000000
6 9 7 10465 2 2.000000000
6 10 7 10466 2 2.000000000
6 11 7 10467 2 2.000000000
6 12 7 10468 2 2.000000000
6 13 7 10469 2 2.000000000
6 14 7 10470 2 2.000000000
6 15 7 10471 2 2.000000000
6 16 7 10472 2 2.000000000
6 17 7 10473 2 2.000000000
6 18 7 10474 2 2.000000000
6 19 7 10475 2 2.000000000
6 20 7 10476 2 2.000000000
6 21 7 10477 2 2.000000000
6 22 7 10478 2 2.000000000
6 23 7 10479 2 2.000000000
6 24 7 10480 2 2.000000000
6 25 7 10481 2 2.000000000
6 26 7 10482 2 2.000000000
6 27 7 10483 2 2.000000000
6 28 7 10484 2 2.000000000
6 29 7 10485 2 2.000000000
6 30 7 10486 2 2.000000000
6 31 7 10487 2 2.000000000
6 32 7 10488 2 2.000000000
6 33 7 10489 2 2.000000000
6 34 7 10490 2 2.000000000
6 35 7 10491 2 2.000000000
6 36 7 10492 2 2.000000000
6 37 7 10493 2 2.000000000
6 38 7 10494 2 2.000000000
6 39 7 10495 2 2.000000000
6 40 7 10496 2 2.000000000
6 41 7 10497 2 2.000000000
6 42 7 10498 2 2.000000000
6 43 7 10499 2 2.000000000
6 44 7 10500 2 2.000000000
6 45 7 10501 2 2.000000000
6 46 7 10502 2 2.000000000
6 47 7 10503 2 2.000000000
6 48 7 10504 2 2.000000000
6 49 7 10505 2 2.000000000
6 50 7 10506 2 2.000000000
6 51 7 10507 2 2.000000000
6 52 7 10508 2 2.000000000
6 53 7 10509 2 2.000000000
6 54 7 10510 2 2.000000000
6 55 7 10511 2 2.000000000
6 56 7 10512 2 2.000000000
6 57 7 10513 2 2.000000000
6 58 7 10514 2 2.000000000
6 59 7 10515 2 2.000000000
6 60 7 10516 2 2.000000000
6 61 7 10517 2 2.000000000
6 62 7 10518 2 2.000000000
6 63 7 10519 2 2.000000000
7 8 7 10520 2 2.000000000
7 9 7 10521 2 2.000000000
7 10 7 10522 2 2.000000000
7 11 7 10523 2 2.000000000
7 12 7 10524 2 2.000000000
7 13 7 10525 2 2.000000000
7 14 7 10526 2 2.000000000
7 15 7 10527 2 2.000000000
7 16 7 10528 2 2.000000000
7 17 7 10529 2 2.000000000
7 18 7 10530 2 2.000000000
7 19 7 10531 2 2.000000000
7 20 7 10532 2 2.000000000
7 21 7 10533 2 2.000000000
7 22 7 10534 2 2.000000000
7 23 7 10535 2 2.000000000
7 24 7 10536 2 2.000000000
7 25 7 10537 2 2.000000000
7 26 7 10538 2 2.000000000
7 27 7 10539 2 2.000000000
7 28 7 10540 2 2.000000000
7 29 7 10541 2 2.000000000
7 30 7 10542 2 2.000000000
7 31 7 10543 2 2.000000000
7 32 7 10544 2 2.000000000
7 33 7 10545 2 2.000000000
7 34 7 10546 2 2.000000000
7 35 7 10547 2 2.000000000
7 36 7 10548 2 2.000000000
7 37 7 10549 2 2.000000000
7 38 7 10550 2 2.000000000
7 39 7 10551 2 2.000000000
7 40 7 10552 2 2.000000000
7 41 7 10553 2 2.000000000
7 42 7 10554 2 2.000000000
7 43 7 10555 2 2.000000000
7 44 7 10556 2 2.000000000
7 45 7 10557 2 2.000000000
7 46 7 10558 2 2.000000000
7 47 7 10559 2 2.000000000
7 48 7 10560 2 2.000000000
7 49 7 10561 2 2.000000000
7 50 7 10562 2 2.000000000
7 51 7 10563 2 2.000000000
7 52 7 10564 2 2.000000000
7 53 7 10565 2 2.000000000
7 54 7 10566 2 2.000000000
7 55 7 10567 2 2.000000000
7 56 7 10568 2 2.000000000
7 57 7 10569 2 2.000000000
7 58 7 10570 2 2.000000000
7 59 7 10571 2 2.000000000
7 60 7 10572 2 2.000000000
7 61 7 10573 2 2.000000000
7 62 7 10574 2 2.000000000
7 63 7 10575 2 2.000000000
8 0 7 10576 2 2.000000000
8 1 7 10577 2 2.000000000
8 2 7 10578 2 2.000000000
8 3 7 10579 2 2.000000000
8 4 7 10580 2 2.000000000
8 5 7 10581 2 2.000000000
8 6 7 10582 2 2.000000000
8 7 7 10583 2 2.000000000
8 16 7 10584 2 2.000000000
8 17 7 10585 2 2.000000000
8 18 7 10586 2 2.000000000
8 19 7 10587 2 2.000000000
8 20 7 10588 2 2.000000000
8 21 7 10589 2 2.000000000
8 22 7 10590 2 2.000000000
8 23 7 10591 2 2.000000000
8 24 7 10592 2 2.000000000
8 25 7 10593 2 2.000000000
8 26 7 10594 2 2.000000000
8 27 7 10595 2 2.000000000
8 28 7 10596 2 2.000000000
8 29 7 10597 2 2.000000000
8 30 7 10598 2 2.000000000
8 31 7 10599 2 2.000000000
8 32 7 10600 2 2.000000000
8 33 7 10601 2 2.000000000
8 34 7 10602 2 2.000000000
8 35 7 10603 2 2.000000000
8 36 7 10604 2 2.000000000
8 37 7 10605 2 2.000000000
8 38 7 10606 2 2.000000000
8 39 7 10607 2 2.000000000
8 40 7 10608 2 2.000000000
8 41 7 10609 2 2.000000000
8 42 7 10610 2 2.000000000
8 43 7 10611 2 2.000000000
8 44 7 10612 2 2.000000000
8 45 7 10613 2 2.000000000
8 46 7 10614 2 2.000000000
8 47 7 10615 2 2.000000000
8 48 7 10616 2 2.000000000
8 49 7 10617 2 2.000000000
8 50 7 10618 2 2.000000000
8 51 7 10619 2 2.000000000
8 52 7 10620 2 2.000000000
8 53 7 10621 2 2.000000000
8 54 7 10622 2 2.000000000
8 55 7 10623 2 2.000000000
8 56 7 10624 2 2.000000000
8 57 7 10625 2 2.000000000
8 58 7 10626 2 2.000000000
8 59 7 10627 2 2.000000000
8 60 7 10628 2 2.000000000
8 61 7 10629 2 2.000000000
8 62 7 10630 2 2.000000000
8 63 7 10631 2 2.000000000
9 0 7 10632 2 2.000000000
9 1 7 10633 2 2.000000000
9 2 7 10634 2 2.000000000
9 3 7 10635 2 2.000000000
9 4 7 10636 2 2.000000000
9 5 7 10637 2 2.000000000
9 6 7 10638 2 2.000000000
9 7 7 10639 2 2.000000000
9 16 7 10640 2 2.000000000
9 17 7 10641 2 2.000000000
9 18 7 10642 2 2.000000000
9 19 7 10643 2 2.000000000
9 20 7 10644 2 2.000000000
9 21 7 10645 2 2.000000000
9 22 7 10646 2 2.000000000
9 23 7 10647 2 2.000000000
9 24 7 10648 2 2.000000000
9 25 7 10649 2 2.000000000
9 26 7 10650 2 2.000000000
9 27 7 10651 2 2.000000000
9 28 7 10652 2 2.000000000
9 29 7 10653 2 2.000000000
9 30 7 10654 2 2.000000000
9 31 7 10655 2 2.000000000
9 32 7 10656 2 2.000000000
9 33 7 10657 2 2.000000000
9 34 7 10658 2 2.000000000
9 35 7 10659 2 2.000000000
9 36 7 10660 2 2.000000000
9 37 7 10661 2 2.000000000
9 38 7 10662 2 2.000000000
9 39 7 10663 2 2.000000000
9 40 7 10664 2 2.000000000
9 41 7 10665 2 2.000000000
9 42 7 10666 2 2.000000000
9 43 7 10667 2 2.000000000
9 44 7 10668 2 2.000000000
9 45 7 10669 2 2.000000000
9 46 7 10670 2 2.000000000
9 47 7 10671 2 2.000000000
9 48 7 10672 2 2.000000000
9 49 7 10673 2 2.000000000
9 50 7 10674 2 2.000000000
9 51 7 10675 2 2.000000000
9 52 7 10676 2 2.000000000
9 53 7 10677 2 2.000000000
9 54 7 10678 2 2.000000000
9 55 7 10679 2 2.000000000
9 56 7 10680 2 2.000000000
9 57 7 10681 2 2.000000000
9 58 7 10682 2 2.000000000
9 59 7 10683 2 2.000000000
9 60 7 10684 2 2.000000000
9 61 7 10685 2 2.000000000
9 62 7 10686 2 2.000000000
9 63 7 10687 2 2.000000000
10 0 7 10688 2 2.000000000
10 1 7 10689 2 2.000000000
10 2 7 10690 2 2.000000000
10 3 7 10691 2 2.000000000
10 4 7 10692 2 2.000000000
10 5 7 10693 2 2.000000000
10 6 7 10694 2 2.000000000
10 7 7 10695 2 2.000000000
10 16 7 10696 2 2.000000000
10 17 7 10697 2 2.000000000
10 18 7 10698 2 2.000000000
10 19 7 10699 2 2.000000000
10 20 7 10700 2 2.000000000
10 21 7 10701 2 2.000000000
10 22 7 10702 2 2.000000000
10 23 7 10703 2 2.000000000
10 24 7 10704 2 2.000000000
10 25 7 10705 2 2.000000000
10 26 7 10706 2 2.000000000
10 27 7 10707 2 2.000000000
10 28 7 10708 2 2.000000000
10 29 7 10709 2 2.000000000
10 30 7 10710 2 2.000000000
10 31 7 10711 2 2.000000000
10 32 7 10712 2 2.000000000
10 33 7 10713 2 2.000000000
10 34 7 10714 2 2.000000000
10 35 7 10715 2 2.000000000
10 36 7 10716 2 2.000000000
10 37 7 10717 2 2.000000000
10 38 7 10718 2 2.000000000
10 39 7 10719 2 2.000000000
10 40 7 10720 2 2.000000000
10 41 7 10721 2 2.000000000
10 42 7 10722 2 2.000000000
10 43 7 10723 2 2.000000000
10 44 7 10724 2 2.000000000
10 45 7 10725 2 2.000000000
10 46 7 10726 2 2.000000000
10 47 7 10727 2 2.000000000
10 48 7 10728 2 2.000000000
10 49 7 10729 2 2.000000000
10 50 7 10730 2 2.000000000
10 51 7 10731 2 2.000000000
10 52 7 10732 2 2.000000000
10 53 7 10733 2 2.000000000
10 54 7 10734 2 2.000000000
10 55 7 10735 2 2.000000000
10 56 7 10736 2 2.000000000
10 57 7 10737 2 2.000000000
10 58 7 10738 2 2.000000000
10 59 7 10739 2 2.000000000
10 60 7 10740 2 2.000000000
10 61 7 10741 2 2.000000000
10 62 7 10742 2 2.000000000
10 63 7 10743 2 2.000000000
11 0 7 10744 2 2.000000000
11 1 7 10745 2 2.000000000
11 2 7 10746 2 2.000000000
11 3 7 10747 2 2.000000000
11 4 7 10748 2 2.000000000
11 5 7 10749 2 2.000000000
11 6 7 10750 2 2.000000000
11 7 7 10751 2 2.000000000
11 16 7 10752 2 2.000000000
11 17 7 10753 2 2.000000000
11 18 7 10754 2 2.000000000
11 19 7 10755 2 2.000000000
11 20 7 10756 2 2.000000000
11 21 7 10757 2 2.000000000
11 22 7 10758 2 2.000000000
11 23 7 10759 2 2.000000000
11 24 7 10760 2 2.000000000
11 25 7 10761 2 2.000000000
11 26 7 10762 2 2.000000000
11 27 7 10763 2 2.000000000
11 28 7 10764 2 2.000000000
11 29 7 10765 2 2.000000000
11 30 7 10766 2 2.000000000
11 31 7 10767 2 2.000000000
11 32 7 10768 2 2.000000000
11 33 7 10769 2 2.000000000
11 34 7 10770 2 2.000000000
11 35 7 10771 2 2.000000000
11 36 7 10772 2 2.000000000
11 37 7 10773 2 2.000000000
11 38 7 10774 2 2.000000000
11 39 7 10775 2 2.000000000
11 40 7 10776 2 2.000000000
11 41 7 10777 2 2.000000000
11 42 7 10778 2 2.000000000
11 43 7 10779 2 2.000000000
11 44 7 10780 2 2.000000000
11 45 7 10781 2 2.000000000
11 46 7 10782 2 2.000000000
11 47 7 10783 2 2.000000000
11 48 7 10784 2 2.000000000
11 49 7 10785 2 2.000000000
11 50 7 10786 2 2.000000000
11 51 7 10787 2 2.000000000
11 52 7 10788 2 2.000000000
11 53 7 10789 2 2.000000000
11 54 7 10790 2 2.000000000
11 55 7 10791 2 2.000000000
11 56 7 10792 2 2.000000000
11 57 7 10793 2 2.000000000
11 58 7 10794 2 2.000000000
11 59 7 10795 2 2.000000000
11 60 7 10796 2 2.000000000
11 61 7 10797 2 2.000000000
11 62 7 10798 2 2.000000000
11 63 7 10799 2 2.000000000
12 0 7 10800 2 2.000000000
12 1 7 10801 2 2.000000000
12 2 7 10802 2 2.000000000
12 3 7 10803 2 2.000000000
12 4 7 10804 2 2.000000000
12 5 7 10805 2 2.000000000
12 6 7 10806 2 2.000000000
12 7 7 10807 2 2.000000000
12 16 7 10808 2 2.000000000
12 17 7 10809 2 2.000000000
12 18 7 10810 2 2.000000000
12 19 7 10811 2 2.000000000
12 20 7 10812 2 2.000000000
12 21 7 10813 2 2.000000000
12 22 7 10814 2 2.000000000
12 23 7 10815 2 2.000000000
12 24 7 10816 2 2.000000000
12 25 7 10817 2 2.000000000
12 26 7 10818 2 2.000000000
12 27 7 10819 2 2.000000000
12 28 7 10820 2 2.000000000
12 29 7 10821 2 2.000000000
12 30 7 10822 2 2.000000000
12 31 7 10823 2 2.000000000
12 32 7 10824 2 2.000000000
12 33 7 10825 2 2.000000000
12 34 7 10826 2 2.000000000
12 35 7 10827 2 2.000000000
12 36 7 10828 2 2.000000000
12 37 7 10829 2 2.000000000
12 38 7 10830 2 2.000000000
12 39 7 10831 2 2.000000000
12 40 7 10832 2 2.000000000
12 41 7 10833 2 2.000000000
12 42 7 10834 2 2.000000000
12 43 7 10835 2 2.000000000
12 44 7 10836 2 2.000000000
12 45 7 10837 2 2.000000000
12 46 7 10838 2 2.000000000
12 47 7 10839 2 2.000000000
12 48 7 10840 2 2.000000000
12 49 7 10841 2 2.000000000
12 50 7 10842 2 2.000000000
12 51 7 10843 2 2.000000000
12 52 7 10844 2 2.000000000
12 53 7 10845 2 2.000000000
12 54 7 10846 2 2.000000000
12 55 7 10847 2 2.000000000
12 56 7 10848 2 2.000000000
12 57 7 10849 2 2.000000000
12 58 7 10850 2 2.000000000
12 59 7 10851 2 2.000000000
12 60 7 10852 2 2.000000000
12 61 7 10853 2 2.000000000
12 62 7 10854 2 2.000000000
12 63 7 10855 2 2.000000000
13 0 7 10856 2 2.000000000
13 1 7 10857 2 2.000000000
13 2 7 10858 2 2.000000000
13 3 7 10859 2 2.000000000
13 4 7 10860 2 2.000000000
13 5 7 10861 2 2.000000000
13 6 7 10862 2 2.000000000
13 7 7 10863 2 2.000000000
13 16 7 10864 2 2.000000000
13 17 7 10865 2 2.000000000
13 18 7 10866 2 2.000000000
13 19 7 10867 2 2.000000000
13 20 7 10868 2 2.000000000
13 21 7 10869 2 2.000000000
13 22 7 10870 2 2.000000000
13 23 7 10871 2 2.000000000
13 24 7 10872 2 2.000000000
13 25 7 10873 2 2.000000000
13 26 7 10874 2 2.000000000
13 27 7 10875 2 2.000000000
13 28 7 10876 2 2.000000000
13 29 7 10877 2 2.000000000
13 30 7 10878 2 2.000000000
13 31 7 10879 2 2.000000000
13 32 7 10880 2 2.000000000
13 33 7 10881 2 2.000000000
13 34 7 10882 2 2.000000000
13 35 7 10883 2 2.000000000
13 36 7 10884 2 2.000000000
13 37 7 10885 2 2.000000000
13 38 7 10886 2 2.000000000
13 39 7 10887 2 2.000000000
13 40 7 10888 2 2.000000000
13 41 7 10889 2 2.000000000
13 42 7 10890 2 2.000000000
13 43 7 10891 2 2.000000000
13 44 7 10892 2 2.000000000
13 45 7 10893 2 2.000000000
13 46 7 10894 2 2.000000000
13 47 7 10895 2 2.000000000
13 48 7 10896 2 2.000000000
13 49 7 10897 2 2.000000000
13 50 7 10898 2 2.000000000
13 51 7 10899 2 2.000000000
13 52 7 10900 2 2.000000000
13 53 7 10901 2 2.000000000
13 54 7 10902 2 2.000000000
13 55 7 10903 2 2.000000000
13 56 7 10904 2 2.000000000
13 57 7 10905 2 2.000000000
13 58 7 10906 2 2.000000000
13 59 7 10907 2 2.000000000
13 60 7 10908 2 2.000000000
13 61 7 10909 2 2.000000000
13 62 7 10910 2 2.000000000
13 63 7 10911 2 2.000000000
14 0 7 10912 2 2.000000000
14 1 7 10913 2 2.000000000
14 2 7 10914 2 2.000000000
14 3 7 10915 2 2.000000000
14 4 7 10916 2 2.000000000
14 5 7 10917 2 2.000000000
14 6 7 10918 2 2.000000000
14 7 7 10919 2 2.000000000
14 16 7 10920 2 2.000000000
14 17 7 10921 2 2.000000000
14 18 7 10922 2 2.000000000
14 19 7 10923 2 2.000000000
14 20 7 10924 2 2.000000000
14 21 7 10925 2 2.000000000
14 22 7 10926 2 2.000000000
14 23 7 10927 2 2.000000000
14 24 7 10928 2 2.000000000
14 25 7 10929 2 2.000000000
14 26 7 10930 2 2.000000000
14 27 7 10931 2 2.000000000
14 28 7 10932 2 2.000000000
14 29 7 10933 2 2.000000000
14 30 7 10934 2 2.000000000
14 31 7 10935 2 2.000000000
14 32 7 10936 2 2.000000000
14 33 7 10937 2 2.000000000
14 34 7 10938 2 2.000000000
14 35 7 10939 2 2.000000000
14 36 7 10940 2 2.000000000
14 37 7 10941 2 2.000000000
14 38 7 10942 2 2.000000000
14 39 7 10943 2 2.000000000
14 40 7 10944 2 2.000000000
14 41 7 10945 2 2.000000000
14 42 7 10946 2 2.000000000
14 43 7 10947 2 2.000000000
14 44 7 10948 2 2.000000000
14 45 7 10949 2 2.000000000
14 46 7 10950 2 2.000000000
14 47 7 10951 2 2.000000000
14 48 7 10952 2 2.000000000
14 49 7 10953 2 2.000000000
14 50 7 10954 2 2.000000000
14 51 7 10955 2 2.000000000
14 52 7 10956 2 2.000000000
14 53 7 10957 2 2.000000000
14 54 7 10958 2 2.000000000
14 55 7 10959 2 2.000000000
14 56 7 10960 2 2.000000000
14 57 7 10961 2 2.000000000
14 58 7 10962 2 2.000000000
14 59 7 10963 2 2.000000000
14 60 7 10964 2 2.000000000
14 61 7 10965 2 2.000000000
14 62 7 10966 2 2.000000000
14 63 7 10967 2 2.000000000
15 0 7 10968 2 2.000000000
15 1 7 10969 2 2.000000000
15 2 7 10970 2 2.000000000
15 3 7 10971 2 2.000000000
15 4 7 10972 2 2.000000000
15 5 7 10973 2 2.000000000
15 6 7 10974 2 2.000000000
15 7 7 10975 2 2.000000000
15 16 7 10976 2 2.000000000
15 17 7 10977 2 2.000000000
15 18 7 10978 2 2.000000000
15 19 7 10979 2 2.000000000
15 20 7 10980 2 2.000000000
15 21 7 10981 2 2.000000000
15 22 7 10982 2 2.000000000
15 23 7 10983 2 2.000000000
15 24 7 10984 2 2.000000000
15 25 7 10985 2 2.000000000
15 26 7 10986 2 2.000000000
15 27 7 10987 2 2.000000000
15 28 7 10988 2 2.000000000
15 29 7 10989 2 2.000000000
15 30 7 10990 2 2.000000000
15 31 7 10991 2 2.000000000
15 32 7 10992 2 2.000000000
15 33 7 10993 2 2.000000000
15 34 7 10994 2 2.000000000
15 35 7 10995 2 2.000000000
15 36 7 10996 2 2.000000000
15 37 7 10997 2 2.000000000
15 38 7 10998 2 2.000000000
15 39 7 10999 2 2.000000000
15 40 7 11000 2 2.000000000
15 41 7 11001 2 2.000000000
15 42 7 11002 2 2.000000000
15 43 7 11003 2 2.000000000
15 44 7 11004 2 2.000000000
15 45 7 11005 2 2.000000000
15 46 7 11006 2 2.000000000
15 47 7 11007 2 2.000000000
15 48 7 11008 2 2.000000000
15 49 7 11009 2 2.000000000
15 50 7 11010 2 2.000000000
15 51 7 11011 2 2.000000000
15 52 7 11012 2 2.000000000
15 53 7 11013 2 2.000000000
15 54 7 11014 2 2.000000000
15 55 7 11015 2 2.000000000
15 56 7 11016 2 2.000000000
15 57 7 11017 2 2.000000000
15 58 7 11018 2 2.000000000
15 59 7 11019 2 2.000000000
15 60 7 11020 2 2.000000000
15 61 7 11021 2 2.000000000
15 62 7 11022 2 2.000000000
15 63 7 11023 2 2.000000000
0 64 7 11024 2 2.000000000
1 65 7 11025 2 2.000000000
2 66 7 11026 2 2.000000000
3 67 7 11027 2 2.000000000
4 68 7 11028 2 2.000000000
5 69 7 11029 2 2.000000000
6 70 7 11030 2 2.000000000
7 71 7 11031 2 2.000000000
8 72 7 11032 2 2.000000000
9 73 7 11033 2 2.000000000
10 74 7 11034 2 2.000000000
11 75 7 11035 2 2.000000000
12 76 7 11036 2 2.000000000
13 77 7 11037 2 2.000000000
14 78 7 11038 2 2.000000000
15 79 7 11039 2 2.000000000
