1040
0 1024 7 10000 16 2.000000000
1 1025 7 10001 16 2.000000000
2 1026 7 10002 16 2.000000000
3 1027 7 10003 16 2.000000000
4 1028 7 10004 16 2.000000000
5 1029 7 10005 16 2.000000000
6 1030 7 10006 16 2.000000000
7 1031 7 10007 16 2.000000000
8 1032 7 10008 16 2.000000000
9 1033 7 10009 16 2.000000000
10 1034 7 10010 16 2.000000000
11 1035 7 10011 16 2.000000000
12 1036 7 10012 16 2.000000000
13 1037 7 10013 16 2.000000000
14 1038 7 10014 16 2.000000000
15 1039 7 10015 16 2.000000000
0 4096 7 10016 16 2.000000000
8 4104 7 10017 16 2.000000000
0 2048 7 10018 16 2.000000000
8 2056 7 10019 16 2.000000000
0 128 7 10020 16 2.000000000
8 136 7 10021 16 2.000000000
0 64 7 10022 16 2.000000000
8 72 7 10023 16 2.000000000
0 32 7 10024 16 2.000000000
8 40 7 10025 16 2.000000000
0 16 7 10026 16 2.000000000
8 24 7 10027 16 2.000000000
0 8 7 10028 16 2.000000000
8 0 7 10029 16 2.000000000
1 4097 7 10030 16 2.000000000
9 4105 7 10031 16 2.000000000
1 2049 7 10032 16 2.000000000
9 2057 7 10033 16 2.000000000
1 129 7 10034 16 2.000000000
9 137 7 10035 16 2.000000000
1 65 7 10036 16 2.000000000
9 73 7 10037 16 2.000000000
1 33 7 10038 16 2.000000000
9 41 7 10039 16 2.000000000
1 17 7 10040 16 2.000000000
9 25 7 10041 16 2.000000000
1 9 7 10042 16 2.000000000
9 1 7 10043 16 2.000000000
2 4098 7 10044 16 2.000000000
10 4106 7 10045 16 2.000000000
2 2050 7 10046 16 2.000000000
10 2058 7 10047 16 2.000000000
2 130 7 10048 16 2.000000000
10 138 7 10049 16 2.000000000
2 66 7 10050 16 2.000000000
10 74 7 10051 16 2.000000000
2 34 7 10052 16 2.000000000
10 42 7 10053 16 2.000000000
2 18 7 10054 16 2.000000000
10 26 7 10055 16 2.000000000
2 10 7 10056 16 2.000000000
10 2 7 10057 16 2.000000000
3 4099 7 10058 16 2.000000000
11 4107 7 10059 16 2.000000000
3 2051 7 10060 16 2.000000000
11 2059 7 10061 16 2.000000000
3 131 7 10062 16 2.000000000
11 139 7 10063 16 2.000000000
3 67 7 10064 16 2.000000000
11 75 7 10065 16 2.000000000
3 35 7 10066 16 2.000000000
11 43 7 10067 16 2.000000000
3 19 7 10068 16 2.000000000
11 27 7 10069 16 2.000000000
3 11 7 10070 16 2.000000000
11 3 7 10071 16 2.000000000
4 4100 7 10072 16 2.000000000
12 4108 7 10073 16 2.000000000
4 2052 7 10074 16 2.000000000
12 2060 7 10075 16 2.000000000
4 132 7 10076 16 2.000000000
12 140 7 10077 16 2.000000000
4 68 7 10078 16 2.000000000
12 76 7 10079 16 2.000000000
4 36 7 10080 16 2.000000000
12 44 7 10081 16 2.000000000
4 20 7 10082 16 2.000000000
12 28 7 10083 16 2.000000000
4 12 7 10084 16 2.000000000
12 4 7 10085 16 2.000000000
5 4101 7 10086 16 2.000000000
13 4109 7 10087 16 2.000000000
5 2053 7 10088 16 2.000000000
13 2061 7 10089 16 2.000000000
5 133 7 10090 16 2.000000000
13 141 7 10091 16 2.000000000
5 69 7 10092 16 2.000000000
13 77 7 10093 16 2.000000000
5 37 7 10094 16 2.000000000
13 45 7 10095 16 2.000000000
5 21 7 10096 16 2.000000000
13 29 7 10097 16 2.000000000
5 13 7 10098 16 2.000000000
13 5 7 10099 16 2.000000000
6 4102 7 10100 16 2.000000000
14 4110 7 10101 16 2.000000000
6 2054 7 10102 16 2.000000000
14 2062 7 10103 16 2.000000000
6 134 7 10104 16 2.000000000
14 142 7 10105 16 2.000000000
6 70 7 10106 16 2.000000000
14 78 7 10107 16 2.000000000
6 38 7 10108 16 2.000000000
14 46 7 10109 16 2.000000000
6 22 7 10110 16 2.000000000
14 30 7 10111 16 2.000000000
6 14 7 10112 16 2.000000000
14 6 7 10113 16 2.000000000
7 4103 7 10114 16 2.000000000
15 4111 7 10115 16 2.000000000
7 2055 7 10116 16 2.000000000
15 2063 7 10117 16 2.000000000
7 135 7 10118 16 2.000000000
15 143 7 10119 16 2.000000000
7 71 7 10120 16 2.000000000
15 79 7 10121 16 2.000000000
7 39 7 10122 16 2.000000000
15 47 7 10123 16 2.000000000
7 23 7 10124 16 2.000000000
15 31 7 10125 16 2.000000000
7 15 7 10126 16 2.000000000
15 7 7 10127 16 2.000000000
0 8 7 10128 16 2.000000000
0 9 7 10129 16 2.000000000
0 10 7 10130 16 2.000000000
0 11 7 10131 16 2.000000000
0 12 7 10132 16 2.000000000
0 13 7 10133 16 2.000000000
0 14 7 10134 16 2.000000000
0 15 7 10135 16 2.000000000
0 16 7 10136 16 2.000000000
0 17 7 10137 16 2.000000000
0 18 7 10138 16 2.000000000
0 19 7 10139 16 2.000000000
0 20 7 10140 16 2.000000000
0 21 7 10141 16 2.000000000
0 22 7 10142 16 2.000000000
0 23 7 10143 16 2.000000000
0 24 7 10144 16 2.000000000
0 25 7 10145 16 2.000000000
0 26 7 10146 16 2.000000000
0 27 7 10147 16 2.000000000
0 28 7 10148 16 2.000000000
0 29 7 10149 16 2.000000000
0 30 7 10150 16 2.000000000
0 31 7 10151 16 2.000000000
0 32 7 10152 16 2.000000000
0 33 7 10153 16 2.000000000
0 34 7 10154 16 2.000000000
0 35 7 10155 16 2.000000000
0 36 7 10156 16 2.000000000
0 37 7 10157 16 2.000000000
0 38 7 10158 16 2.000000000
0 39 7 10159 16 2.000000000
0 40 7 10160 16 2.000000000
0 41 7 10161 16 2.000000000
0 42 7 10162 16 2.000000000
0 43 7 10163 16 2.000000000
0 44 7 10164 16 2.000000000
0 45 7 10165 16 2.000000000
0 46 7 10166 16 2.000000000
0 47 7 10167 16 2.000000000
0 48 7 10168 16 2.000000000
0 49 7 10169 16 2.000000000
0 50 7 10170 16 2.000000000
0 51 7 10171 16 2.000000000
0 52 7 10172 16 2.000000000
0 53 7 10173 16 2.000000000
0 54 7 10174 16 2.000000000
0 55 7 10175 16 2.000000000
0 56 7 10176 16 2.000000000
0 57 7 10177 16 2.000000000
0 58 7 10178 16 2.000000000
0 59 7 10179 16 2.000000000
0 60 7 10180 16 2.000000000
0 61 7 10181 16 2.000000000
0 62 7 10182 16 2.000000000
0 63 7 10183 16 2.000000000
1 8 7 10184 16 2.000000000
1 9 7 10185 16 2.000000000
1 10 7 10186 16 2.000000000
1 11 7 10187 16 2.000000000
1 12 7 10188 16 2.000000000
1 13 7 10189 16 2.000000000
1 14 7 10190 16 2.000000000
1 15 7 10191 16 2.000000000
1 16 7 10192 16 2.000000000
1 17 7 10193 16 2.000000000
1 18 7 10194 16 2.000000000
1 19 7 10195 16 2.000000000
1 20 7 10196 16 2.000000000
1 21 7 10197 16 2.000000000
1 22 7 10198 16 2.000000000
1 23 7 10199 16 2.000000000
1 24 7 10200 16 2.000000000
1 25 7 10201 16 2.000000000
1 26 7 10202 16 2.000000000
1 27 7 10203 16 2.000000000
1 28 7 10204 16 2.000000000
1 29 7 10205 16 2.000000000
1 30 7 10206 16 2.000000000
1 31 7 10207 16 2.000000000
1 32 7 10208 16 2.000000000
1 33 7 10209 16 2.000000000
1 34 7 10210 16 2.000000000
1 35 7 10211 16 2.000000000
1 36 7 10212 16 2.000000000
1 37 7 10213 16 2.000000000
1 38 7 10214 16 2.000000000
1 39 7 10215 16 2.000000000
1 40 7 10216 16 2.000000000
1 41 7 10217 16 2.000000000
1 42 7 10218 16 2.000000000
1 43 7 10219 16 2.000000000
1 44 7 10220 16 2.000000000
1 45 7 10221 16 2.000000000
1 46 7 10222 16 2.000000000
1 47 7 10223 16 2.000000000
1 48 7 10224 16 2.000000000
1 49 7 10225 16 2.000000000
1 50 7 10226 16 2.000000000
1 51 7 10227 16 2.000000000
1 52 7 10228 16 2.000000000
1 53 7 10229 16 2.000000000
1 54 7 10230 16 2.000000000
1 55 7 10231 16 2.000000000
1 56 7 10232 16 2.000000000
1 57 7 10233 16 2.000000000
1 58 7 10234 16 2.000000000
1 59 7 10235 16 2.000000000
1 60 7 10236 16 2.000000000
1 61 7 10237 16 2.000000000
1 62 7 10238 16 2.000000000
1 63 7 10239 16 2.000000000
2 8 7 10240 16 2.000000000
2 9 7 10241 16 2.000000000
2 10 7 10242 16 2.000000000
2 11 7 10243 16 2.000000000
2 12 7 10244 16 2.000000000
2 13 7 10245 16 2.000000000
2 14 7 10246 16 2.000000000
2 15 7 10247 16 2.000000000
2 16 7 10248 16 2.000000000
2 17 7 10249 16 2.000000000
2 18 7 10250 16 2.000000000
2 19 7 10251 16 2.000000000
2 20 7 10252 16 2.000000000
2 21 7 10253 16 2.000000000
2 22 7 10254 16 2.000000000
2 23 7 10255 16 2.000000000
2 24 7 10256 16 2.000000000
2 25 7 10257 16 2.000000000
2 26 7 10258 16 2.000000000
2 27 7 10259 16 2.000000000
2 28 7 10260 16 2.000000000
2 29 7 10261 16 2.000000000
2 30 7 10262 16 2.000000000
2 31 7 10263 16 2.000000000
2 32 7 10264 16 2.000000000
2 33 7 10265 16 2.000000000
2 34 7 10266 16 2.000000000
2 35 7 10267 16 2.000000000
2 36 7 10268 16 2.000000000
2 37 7 10269 16 2.000000000
2 38 7 10270 16 2.000000000
2 39 7 10271 16 2.000000000
2 40 7 10272 16 2.000000000
2 41 7 10273 16 2.000000000
2 42 7 10274 16 2.000000000
2 43 7 10275 16 2.000000000
2 44 7 10276 16 2.000000000
2 45 7 10277 16 2.000000000
2 46 7 10278 16 2.000000000
2 47 7 10279 16 2.000000000
2 48 7 10280 16 2.000000000
2 49 7 10281 16 2.000000000
2 50 7 10282 16 2.000000000
2 51 7 10283 16 2.000000000
2 52 7 10284 16 2.000000000
2 53 7 10285 16 2.000000000
2 54 7 10286 16 2.000000000
2 55 7 10287 16 2.000000000
2 56 7 10288 16 2.000000000
2 57 7 10289 16 2.000000000
2 58 7 10290 16 2.000000000
2 59 7 10291 16 2.000000000
2 60 7 10292 16 2.000000000
2 61 7 10293 16 2.000000000
2 62 7 10294 16 2.000000000
2 63 7 10295 16 2.000000000
3 8 7 10296 16 2.000000000
3 9 7 10297 16 2.000000000
3 10 7 10298 16 2.000000000
3 11 7 10299 16 2.000000000
3 12 7 10300 16 2.000000000
3 13 7 10301 16 2.000000000
3 14 7 10302 16 2.000000000
3 15 7 10303 16 2.000000000
3 16 7 10304 16 2.000000000
3 17 7 10305 16 2.000000000
3 18 7 10306 16 2.000000000
3 19 7 10307 16 2.000000000
3 20 7 10308 16 2.000000000
3 21 7 10309 16 2.000000000
3 22 7 10310 16 2.000000000
3 23 7 10311 16 2.000000000
3 24 7 10312 16 2.000000000
3 25 7 10313 16 2.000000000
3 26 7 10314 16 2.000000000
3 27 7 10315 16 2.000000000
3 28 7 10316 16 2.000000000
3 29 7 10317 16 2.000000000
3 30 7 10318 16 2.000000000
3 31 7 10319 16 2.000000000
3 32 7 10320 16 2.000000000
3 33 7 10321 16 2.000000000
3 34 7 10322 16 2.000000000
3 35 7 10323 16 2.000000000
3 36 7 10324 16 2.000000000
3 37 7 10325 16 2.000000000
3 38 7 10326 16 2.000000000
3 39 7 10327 16 2.000000000
3 40 7 10328 16 2.000000000
3 41 7 10329 16 2.000000000
3 42 7 10330 16 2.000000000
3 43 7 10331 16 2.000000000
3 44 7 10332 16 2.000000000
3 45 7 10333 16 2.000000000
3 46 7 10334 16 2.000000000
3 47 7 10335 16 2.000000000
3 48 7 10336 16 2.000000000
3 49 7 10337 16 2.000000000
3 50 7 10338 16 2.000000000
3 51 7 10339 16 2.000000000
3 52 7 10340 16 2.000000000
3 53 7 10341 16 2.000000000
3 54 7 10342 16 2.000000000
3 55 7 10343 16 2.000000000
3 56 7 10344 16 2.000000000
3 57 7 10345 16 2.000000000
3 58 7 10346 16 2.000000000
3 59 7 10347 16 2.000000000
3 60 7 10348 16 2.000000000
3 61 7 10349 16 2.000000000
3 62 7 10350 16 2.000000000
3 63 7 10351 16 2.000000000
4 8 7 10352 16 2.000000000
4 9 7 10353 16 2.000000000
4 10 7 10354 16 2.000000000
4 11 7 10355 16 2.000000000
4 12 7 10356 16 2.000000000
4 13 7 10357 16 2.000000000
4 14 7 10358 16 2.000000000
4 15 7 10359 16 2.000000000
4 16 7 10360 16 2.000000000
4 17 7 10361 16 2.000000000
4 18 7 10362 16 2.000000000
4 19 7 10363 16 2.000000000
4 20 7 10364 16 2.000000000
4 21 7 10365 16 2.000000000
4 22 7 10366 16 2.000000000
4 23 7 10367 16 2.000000000
4 24 7 10368 16 2.000000000
4 25 7 10369 16 2.000000000
4 26 7 10370 16 2.000000000
4 27 7 10371 16 2.000000000
4 28 7 10372 16 2.000000000
4 29 7 10373 16 2.000000000
4 30 7 10374 16 2.000000000
4 31 7 10375 16 2.000000000
4 32 7 10376 16 2.000000000
4 33 7 10377 16 2.000000000
4 34 7 10378 16 2.000000000
4 35 7 10379 16 2.000000000
4 36 7 10380 16 2.000000000
4 37 7 10381 16 2.000000000
4 38 7 10382 16 2.000000000
4 39 7 10383 16 2.000000000
4 40 7 10384 16 2.000000000
4 41 7 10385 16 2.000000000
4 42 7 10386 16 2.000000000
4 43 7 10387 16 2.000000000
4 44 7 10388 16 2.000000000
4 45 7 10389 16 2.000000000
4 46 7 10390 16 2.000000000
4 47 7 10391 16 2.000000000
4 48 7 10392 16 2.000000000
4 49 7 10393 16 2.000000000
4 50 7 10394 16 2.000000000
4 51 7 10395 16 2.000000000
4 52 7 10396 16 2.000000000
4 53 7 10397 16 2.000000000
4 54 7 10398 16 2.000000000
4 55 7 10399 16 2.000000000
4 56 7 10400 16 2.000000000
4 57 7 10401 16 2.000000000
4 58 7 10402 16 2.000000000
4 59 7 10403 16 2.000000000
4 60 7 10404 16 2.000000000
4 61 7 10405 16 2.000000000
4 62 7 10406 16 2.000000000
4 63 7 10407 16 2.000000000
5 8 7 10408 16 2.000000000
5 9 7 10409 16 2.000000000
5 10 7 10410 16 2.000000000
5 11 7 10411 16 2.000000000
5 12 7 10412 16 2.000000000
5 13 7 10413 16 2.000000000
5 14 7 10414 16 2.000000000
5 15 7 10415 16 2.000000000
5 16 7 10416 16 2.000000000
5 17 7 10417 16 2.000000000
5 18 7 10418 16 2.000000000
5 19 7 10419 16 2.000000000
5 20 7 10420 16 2.000000000
5 21 7 10421 16 2.000000000
5 22 7 10422 16 2.000000000
5 23 7 10423 16 2.000000000
5 24 7 10424 16 2.000000000
5 25 7 10425 16 2.000000000
5 26 7 10426 16 2.000000000
5 27 7 10427 16 2.000000000
5 28 7 10428 16 2.000000000
5 29 7 10429 16 2.000000000
5 30 7 10430 16 2.000000000
5 31 7 10431 16 2.000000000
5 32 7 10432 16 2.000000000
5 33 7 10433 16 2.000000000
5 34 7 10434 16 2.000000000
5 35 7 10435 16 2.000000000
5 36 7 10436 16 2.000000000
5 37 7 10437 16 2.000000000
5 38 7 10438 16 2.000000000
5 39 7 10439 16 2.000000000
5 40 7 10440 16 2.000000000
5 41 7 10441 16 2.000000000
5 42 7 10442 16 2.000000000
5 43 7 10443 16 2.000000000
5 44 7 10444 16 2.000000000
5 45 7 10445 16 2.000000000
5 46 7 10446 16 2.000000000
5 47 7 10447 16 2.000000000
5 48 7 10448 16 2.000000000
5 49 7 10449 16 2.000000000
5 50 7 10450 16 2.000000000
5 51 7 10451 16 2.000000000
5 52 7 10452 16 2.000000000
5 53 7 10453 16 2.000000000
5 54 7 10454 16 2.000000000
5 55 7 10455 16 2.000000000
5 56 7 10456 16 2.000000000
5 57 7 10457 16 2.000000000
5 58 7 10458 16 2.000000000
5 59 7 10459 16 2.000000000
5 60 7 10460 16 2.000000000
5 61 7 10461 16 2.000000000
5 62 7 10462 16 2.000000000
5 63 7 10463 16 2.000000000
6 8 7 10464 16 2.000000000
6 9 7 10465 16 2.000000000
6 10 7 10466 16 2.000000000
6 11 7 10467 16 2.000000000
6 12 7 10468 16 2.000000000
6 13 7 10469 16 2.000000000
6 14 7 10470 16 2.000000000
6 15 7 10471 16 2.000000000
6 16 7 10472 16 2.000000000
6 17 7 10473 16 2.000000000
6 18 7 10474 16 2.000000000
6 19 7 10475 16 2.000000000
6 20 7 10476 16 2.000000000
6 21 7 10477 16 2.000000000
6 22 7 10478 16 2.000000000
6 23 7 10479 16 2.000000000
6 24 7 10480 16 2.000000000
6 25 7 10481 16 2.000000000
6 26 7 10482 16 2.000000000
6 27 7 10483 16 2.000000000
6 28 7 10484 16 2.000000000
6 29 7 10485 16 2.000000000
6 30 7 10486 16 2.000000000
6 31 7 10487 16 2.000000000
6 32 7 10488 16 2.000000000
6 33 7 10489 16 2.000000000
6 34 7 10490 16 2.000000000
6 35 7 10491 16 2.000000000
6 36 7 10492 16 2.000000000
6 37 7 10493 16 2.000000000
6 38 7 10494 16 2.000000000
6 39 7 10495 16 2.000000000
6 40 7 10496 16 2.000000000
6 41 7 10497 16 2.000000000
6 42 7 10498 16 2.000000000
6 43 7 10499 16 2.000000000
6 44 7 10500 16 2.000000000
6 45 7 10501 16 2.000000000
6 46 7 10502 16 2.000000000
6 47 7 10503 16 2.000000000
6 48 7 10504 16 2.000000000
6 49 7 10505 16 2.000000000
6 50 7 10506 16 2.000000000
6 51 7 10507 16 2.000000000
6 52 7 10508 16 2.000000000
6 53 7 10509 16 2.000000000
6 54 7 10510 16 2.000000000
6 55 7 10511 16 2.000000000
6 56 7 10512 16 2.000000000
6 57 7 10513 16 2.000000000
6 58 7 10514 16 2.000000000
6 59 7 10515 16 2.000000000
6 60 7 10516 16 2.000000000
6 61 7 10517 16 2.000000000
6 62 7 10518 16 2.000000000
6 63 7 10519 16 2.000000000
7 8 7 10520 16 2.000000000
7 9 7 10521 16 2.000000000
7 10 7 10522 16 2.000000000
7 11 7 10523 16 2.000000000
7 12 7 10524 16 2.000000000
7 13 7 10525 16 2.000000000
7 14 7 10526 16 2.000000000
7 15 7 10527 16 2.000000000
7 16 7 10528 16 2.000000000
7 17 7 10529 16 2.000000000
7 18 7 10530 16 2.000000000
7 19 7 10531 16 2.000000000
7 20 7 10532 16 2.000000000
7 21 7 10533 16 2.000000000
7 22 7 10534 16 2.000000000
7 23 7 10535 16 2.000000000
7 24 7 10536 16 2.000000000
7 25 7 10537 16 2.000000000
7 26 7 10538 16 2.000000000
7 27 7 10539 16 2.000000000
7 28 7 10540 16 2.000000000
7 29 7 10541 16 2.000000000
7 30 7 10542 16 2.000000000
7 31 7 10543 16 2.000000000
7 32 7 10544 16 2.000000000
7 33 7 10545 16 2.000000000
7 34 7 10546 16 2.000000000
7 35 7 10547 16 2.000000000
7 36 7 10548 16 2.000000000
7 37 7 10549 16 2.000000000
7 38 7 10550 16 2.000000000
7 39 7 10551 16 2.000000000
7 40 7 10552 16 2.000000000
7 41 7 10553 16 2.000000000
7 42 7 10554 16 2.000000000
7 43 7 10555 16 2.000000000
7 44 7 10556 16 2.000000000
7 45 7 10557 16 2.000000000
7 46 7 10558 16 2.000000000
7 47 7 10559 16 2.000000000
7 48 7 10560 16 2.000000000
7 49 7 10561 16 2.000000000
7 50 7 10562 16 2.000000000
7 51 7 10563 16 2.000000000
7 52 7 10564 16 2.000000000
7 53 7 10565 16 2.000000000
7 54 7 10566 16 2.000000000
7 55 7 10567 16 2.000000000
7 56 7 10568 16 2.000000000
7 57 7 10569 16 2.000000000
7 58 7 10570 16 2.000000000
7 59 7 10571 16 2.000000000
7 60 7 10572 16 2.000000000
7 61 7 10573 16 2.000000000
7 62 7 10574 16 2.000000000
7 63 7 10575 16 2.000000000
8 0 7 10576 16 2.000000000
8 1 7 10577 16 2.000000000
8 2 7 10578 16 2.000000000
8 3 7 10579 16 2.000000000
8 4 7 10580 16 2.000000000
8 5 7 10581 16 2.000000000
8 6 7 10582 16 2.000000000
8 7 7 10583 16 2.000000000
8 16 7 10584 16 2.000000000
8 17 7 10585 16 2.000000000
8 18 7 10586 16 2.000000000
8 19 7 10587 16 2.000000000
8 20 7 10588 16 2.000000000
8 21 7 10589 16 2.000000000
8 22 7 10590 16 2.000000000
8 23 7 10591 16 2.000000000
8 24 7 10592 16 2.000000000
8 25 7 10593 16 2.000000000
8 26 7 10594 16 2.000000000
8 27 7 10595 16 2.000000000
8 28 7 10596 16 2.000000000
8 29 7 10597 16 2.000000000
8 30 7 10598 16 2.000000000
8 31 7 10599 16 2.000000000
8 32 7 10600 16 2.000000000
8 33 7 10601 16 2.000000000
8 34 7 10602 16 2.000000000
8 35 7 10603 16 2.000000000
8 36 7 10604 16 2.000000000
8 37 7 10605 16 2.000000000
8 38 7 10606 16 2.000000000
8 39 7 10607 16 2.000000000
8 40 7 10608 16 2.000000000
8 41 7 10609 16 2.000000000
8 42 7 10610 16 2.000000000
8 43 7 10611 16 2.000000000
8 44 7 10612 16 2.000000000
8 45 7 10613 16 2.000000000
8 46 7 10614 16 2.000000000
8 47 7 10615 16 2.000000000
8 48 7 10616 16 2.000000000
8 49 7 10617 16 2.000000000
8 50 7 10618 16 2.000000000
8 51 7 10619 16 2.000000000
8 52 7 10620 16 2.000000000
8 53 7 10621 16 2.000000000
8 54 7 10622 16 2.000000000
8 55 7 10623 16 2.000000000
8 56 7 10624 16 2.000000000
8 57 7 10625 16 2.000000000
8 58 7 10626 16 2.000000000
8 59 7 10627 16 2.000000000
8 60 7 10628 16 2.000000000
8 61 7 10629 16 2.000000000
8 62 7 10630 16 2.000000000
8 63 7 10631 16 2.000000000
9 0 7 10632 16 2.000000000
9 1 7 10633 16 2.000000000
9 2 7 10634 16 2.000000000
9 3 7 10635 16 2.000000000
9 4 7 10636 16 2.000000000
9 5 7 10637 16 2.000000000
9 6 7 10638 16 2.000000000
9 7 7 10639 16 2.000000000
9 16 7 10640 16 2.000000000
9 17 7 10641 16 2.000000000
9 18 7 10642 16 2.000000000
9 19 7 10643 16 2.000000000
9 20 7 10644 16 2.000000000
9 21 7 10645 16 2.000000000
9 22 7 10646 16 2.000000000
9 23 7 10647 16 2.000000000
9 24 7 10648 16 2.000000000
9 25 7 10649 16 2.000000000
9 26 7 10650 16 2.000000000
9 27 7 10651 16 2.000000000
9 28 7 10652 16 2.000000000
9 29 7 10653 16 2.000000000
9 30 7 10654 16 2.000000000
9 31 7 10655 16 2.000000000
9 32 7 10656 16 2.000000000
9 33 7 10657 16 2.000000000
9 34 7 10658 16 2.000000000
9 35 7 10659 16 2.000000000
9 36 7 10660 16 2.000000000
9 37 7 10661 16 2.000000000
9 38 7 10662 16 2.000000000
9 39 7 10663 16 2.000000000
9 40 7 10664 16 2.000000000
9 41 7 10665 16 2.000000000
9 42 7 10666 16 2.000000000
9 43 7 10667 16 2.000000000
9 44 7 10668 16 2.000000000
9 45 7 10669 16 2.000000000
9 46 7 10670 16 2.000000000
9 47 7 10671 16 2.000000000
9 48 7 10672 16 2.000000000
9 49 7 10673 16 2.000000000
9 50 7 10674 16 2.000000000
9 51 7 10675 16 2.000000000
9 52 7 10676 16 2.000000000
9 53 7 10677 16 2.000000000
9 54 7 10678 16 2.000000000
9 55 7 10679 16 2.000000000
9 56 7 10680 16 2.000000000
9 57 7 10681 16 2.000000000
9 58 7 10682 16 2.000000000
9 59 7 10683 16 2.000000000
9 60 7 10684 16 2.000000000
9 61 7 10685 16 2.000000000
9 62 7 10686 16 2.000000000
9 63 7 10687 16 2.000000000
10 0 7 10688 16 2.000000000
10 1 7 10689 16 2.000000000
10 2 7 10690 16 2.000000000
10 3 7 10691 16 2.000000000
10 4 7 10692 16 2.000000000
10 5 7 10693 16 2.000000000
10 6 7 10694 16 2.000000000
10 7 7 10695 16 2.000000000
10 16 7 10696 16 2.000000000
10 17 7 10697 16 2.000000000
10 18 7 10698 16 2.000000000
10 19 7 10699 16 2.000000000
10 20 7 10700 16 2.000000000
10 21 7 10701 16 2.000000000
10 22 7 10702 16 2.000000000
10 23 7 10703 16 2.000000000
10 24 7 10704 16 2.000000000
10 25 7 10705 16 2.000000000
10 26 7 10706 16 2.000000000
10 27 7 10707 16 2.000000000
10 28 7 10708 16 2.000000000
10 29 7 10709 16 2.000000000
10 30 7 10710 16 2.000000000
10 31 7 10711 16 2.000000000
10 32 7 10712 16 2.000000000
10 33 7 10713 16 2.000000000
10 34 7 10714 16 2.000000000
10 35 7 10715 16 2.000000000
10 36 7 10716 16 2.000000000
10 37 7 10717 16 2.000000000
10 38 7 10718 16 2.000000000
10 39 7 10719 16 2.000000000
10 40 7 10720 16 2.000000000
10 41 7 10721 16 2.000000000
10 42 7 10722 16 2.000000000
10 43 7 10723 16 2.000000000
10 44 7 10724 16 2.000000000
10 45 7 10725 16 2.000000000
10 46 7 10726 16 2.000000000
10 47 7 10727 16 2.000000000
10 48 7 10728 16 2.000000000
10 49 7 10729 16 2.000000000
10 50 7 10730 16 2.000000000
10 51 7 10731 16 2.000000000
10 52 7 10732 16 2.000000000
10 53 7 10733 16 2.000000000
10 54 7 10734 16 2.000000000
10 55 7 10735 16 2.000000000
10 56 7 10736 16 2.000000000
10 57 7 10737 16 2.000000000
10 58 7 10738 16 2.000000000
10 59 7 10739 16 2.000000000
10 60 7 10740 16 2.000000000
10 61 7 10741 16 2.000000000
10 62 7 10742 16 2.000000000
10 63 7 10743 16 2.000000000
11 0 7 10744 16 2.000000000
11 1 7 10745 16 2.000000000
11 2 7 10746 16 2.000000000
11 3 7 10747 16 2.000000000
11 4 7 10748 16 2.000000000
11 5 7 10749 16 2.000000000
11 6 7 10750 16 2.000000000
11 7 7 10751 16 2.000000000
11 16 7 10752 16 2.000000000
11 17 7 10753 16 2.000000000
11 18 7 10754 16 2.000000000
11 19 7 10755 16 2.000000000
11 20 7 10756 16 2.000000000
11 21 7 10757 16 2.000000000
11 22 7 10758 16 2.000000000
11 23 7 10759 16 2.000000000
11 24 7 10760 16 2.000000000
11 25 7 10761 16 2.000000000
11 26 7 10762 16 2.000000000
11 27 7 10763 16 2.000000000
11 28 7 10764 16 2.000000000
11 29 7 10765 16 2.000000000
11 30 7 10766 16 2.000000000
11 31 7 10767 16 2.000000000
11 32 7 10768 16 2.000000000
11 33 7 10769 16 2.000000000
11 34 7 10770 16 2.000000000
11 35 7 10771 16 2.000000000
11 36 7 10772 16 2.000000000
11 37 7 10773 16 2.000000000
11 38 7 10774 16 2.000000000
11 39 7 10775 16 2.000000000
11 40 7 10776 16 2.000000000
11 41 7 10777 16 2.000000000
11 42 7 10778 16 2.000000000
11 43 7 10779 16 2.000000000
11 44 7 10780 16 2.000000000
11 45 7 10781 16 2.000000000
11 46 7 10782 16 2.000000000
11 47 7 10783 16 2.000000000
11 48 7 10784 16 2.000000000
11 49 7 10785 16 2.000000000
11 50 7 10786 16 2.000000000
11 51 7 10787 16 2.000000000
11 52 7 10788 16 2.000000000
11 53 7 10789 16 2.000000000
11 54 7 10790 16 2.000000000
11 55 7 10791 16 2.000000000
11 56 7 10792 16 2.000000000
11 57 7 10793 16 2.000000000
11 58 7 10794 16 2.000000000
11 59 7 10795 16 2.000000000
11 60 7 10796 16 2.000000000
11 61 7 10797 16 2.000000000
11 62 7 10798 16 2.000000000
11 63 7 10799 16 2.000000000
12 0 7 10800 16 2.000000000
12 1 7 10801 16 2.000000000
12 2 7 10802 16 2.000000000
12 3 7 10803 16 2.000000000
12 4 7 10804 16 2.000000000
12 5 7 10805 16 2.000000000
12 6 7 10806 16 2.000000000
12 7 7 10807 16 2.000000000
12 16 7 10808 16 2.000000000
12 17 7 10809 16 2.000000000
12 18 7 10810 16 2.000000000
12 19 7 10811 16 2.000000000
12 20 7 10812 16 2.000000000
12 21 7 10813 16 2.000000000
12 22 7 10814 16 2.000000000
12 23 7 10815 16 2.000000000
12 24 7 10816 16 2.000000000
12 25 7 10817 16 2.000000000
12 26 7 10818 16 2.000000000
12 27 7 10819 16 2.000000000
12 28 7 10820 16 2.000000000
12 29 7 10821 16 2.000000000
12 30 7 10822 16 2.000000000
12 31 7 10823 16 2.000000000
12 32 7 10824 16 2.000000000
12 33 7 10825 16 2.000000000
12 34 7 10826 16 2.000000000
12 35 7 10827 16 2.000000000
12 36 7 10828 16 2.000000000
12 37 7 10829 16 2.000000000
12 38 7 10830 16 2.000000000
12 39 7 10831 16 2.000000000
12 40 7 10832 16 2.000000000
12 41 7 10833 16 2.000000000
12 42 7 10834 16 2.000000000
12 43 7 10835 16 2.000000000
12 44 7 10836 16 2.000000000
12 45 7 10837 16 2.000000000
12 46 7 10838 16 2.000000000
12 47 7 10839 16 2.000000000
12 48 7 10840 16 2.000000000
12 49 7 10841 16 2.000000000
12 50 7 10842 16 2.000000000
12 51 7 10843 16 2.000000000
12 52 7 10844 16 2.000000000
12 53 7 10845 16 2.000000000
12 54 7 10846 16 2.000000000
12 55 7 10847 16 2.000000000
12 56 7 10848 16 2.000000000
12 57 7 10849 16 2.000000000
12 58 7 10850 16 2.000000000
12 59 7 10851 16 2.000000000
12 60 7 10852 16 2.000000000
12 61 7 10853 16 2.000000000
12 62 7 10854 16 2.000000000
12 63 7 10855 16 2.000000000
13 0 7 10856 16 2.000000000
13 1 7 10857 16 2.000000000
13 2 7 10858 16 2.000000000
13 3 7 10859 16 2.000000000
13 4 7 10860 16 2.000000000
13 5 7 10861 16 2.000000000
13 6 7 10862 16 2.000000000
13 7 7 10863 16 2.000000000
13 16 7 10864 16 2.000000000
13 17 7 10865 16 2.000000000
13 18 7 10866 16 2.000000000
13 19 7 10867 16 2.000000000
13 20 7 10868 16 2.000000000
13 21 7 10869 16 2.000000000
13 22 7 10870 16 2.000000000
13 23 7 10871 16 2.000000000
13 24 7 10872 16 2.000000000
13 25 7 10873 16 2.000000000
13 26 7 10874 16 2.000000000
13 27 7 10875 16 2.000000000
13 28 7 10876 16 2.000000000
13 29 7 10877 16 2.000000000
13 30 7 10878 16 2.000000000
13 31 7 10879 16 2.000000000
13 32 7 10880 16 2.000000000
13 33 7 10881 16 2.000000000
13 34 7 10882 16 2.000000000
13 35 7 10883 16 2.000000000
13 36 7 10884 16 2.000000000
13 37 7 10885 16 2.000000000
13 38 7 10886 16 2.000000000
13 39 7 10887 16 2.000000000
13 40 7 10888 16 2.000000000
13 41 7 10889 16 2.000000000
13 42 7 10890 16 2.000000000
13 43 7 10891 16 2.000000000
13 44 7 10892 16 2.000000000
13 45 7 10893 16 2.000000000
13 46 7 10894 16 2.000000000
13 47 7 10895 16 2.000000000
13 48 7 10896 16 2.000000000
13 49 7 10897 16 2.000000000
13 50 7 10898 16 2.000000000
13 51 7 10899 16 2.000000000
13 52 7 10900 16 2.000000000
13 53 7 10901 16 2.000000000
13 54 7 10902 16 2.000000000
13 55 7 10903 16 2.000000000
13 56 7 10904 16 2.000000000
13 57 7 10905 16 2.000000000
13 58 7 10906 16 2.000000000
13 59 7 10907 16 2.000000000
13 60 7 10908 16 2.000000000
13 61 7 10909 16 2.000000000
13 62 7 10910 16 2.000000000
13 63 7 10911 16 2.000000000
14 0 7 10912 16 2.000000000
14 1 7 10913 16 2.000000000
14 2 7 10914 16 2.000000000
14 3 7 10915 16 2.000000000
14 4 7 10916 16 2.000000000
14 5 7 10917 16 2.000000000
14 6 7 10918 16 2.000000000
14 7 7 10919 16 2.000000000
14 16 7 10920 16 2.000000000
14 17 7 10921 16 2.000000000
14 18 7 10922 16 2.000000000
14 19 7 10923 16 2.000000000
14 20 7 10924 16 2.000000000
14 21 7 10925 16 2.000000000
14 22 7 10926 16 2.000000000
14 23 7 10927 16 2.000000000
14 24 7 10928 16 2.000000000
14 25 7 10929 16 2.000000000
14 26 7 10930 16 2.000000000
14 27 7 10931 16 2.000000000
14 28 7 10932 16 2.000000000
14 29 7 10933 16 2.000000000
14 30 7 10934 16 2.000000000
14 31 7 10935 16 2.000000000
14 32 7 10936 16 2.000000000
14 33 7 10937 16 2.000000000
14 34 7 10938 16 2.000000000
14 35 7 10939 16 2.000000000
14 36 7 10940 16 2.000000000
14 37 7 10941 16 2.000000000
14 38 7 10942 16 2.000000000
14 39 7 10943 16 2.000000000
14 40 7 10944 16 2.000000000
14 41 7 10945 16 2.000000000
14 42 7 10946 16 2.000000000
14 43 7 10947 16 2.000000000
14 44 7 10948 16 2.000000000
14 45 7 10949 16 2.000000000
14 46 7 10950 16 2.000000000
14 47 7 10951 16 2.000000000
14 48 7 10952 16 2.000000000
14 49 7 10953 16 2.000000000
14 50 7 10954 16 2.000000000
14 51 7 10955 16 2.000000000
14 52 7 10956 16 2.000000000
14 53 7 10957 16 2.000000000
14 54 7 10958 16 2.000000000
14 55 7 10959 16 2.000000000
14 56 7 10960 16 2.000000000
14 57 7 10961 16 2.000000000
14 58 7 10962 16 2.000000000
14 59 7 10963 16 2.000000000
14 60 7 10964 16 2.000000000
14 61 7 10965 16 2.000000000
14 62 7 10966 16 2.000000000
14 63 7 10967 16 2.000000000
15 0 7 10968 16 2.000000000
15 1 7 10969 16 2.000000000
15 2 7 10970 16 2.000000000
15 3 7 10971 16 2.000000000
15 4 7 10972 16 2.000000000
15 5 7 10973 16 2.000000000
15 6 7 10974 16 2.000000000
15 7 7 10975 16 2.000000000
15 16 7 10976 16 2.000000000
15 17 7 10977 16 2.000000000
15 18 7 10978 16 2.000000000
15 19 7 10979 16 2.000000000
15 20 7 10980 16 2.000000000
15 21 7 10981 16 2.000000000
15 22 7 10982 16 2.000000000
15 23 7 10983 16 2.000000000
15 24 7 10984 16 2.000000000
15 25 7 10985 16 2.000000000
15 26 7 10986 16 2.000000000
15 27 7 10987 16 2.000000000
15 28 7 10988 16 2.000000000
15 29 7 10989 16 2.000000000
15 30 7 10990 16 2.000000000
15 31 7 10991 16 2.000000000
15 32 7 10992 16 2.000000000
15 33 7 10993 16 2.000000000
15 34 7 10994 16 2.000000000
15 35 7 10995 16 2.000000000
15 36 7 10996 16 2.000000000
15 37 7 10997 16 2.000000000
15 38 7 10998 16 2.000000000
15 39 7 10999 16 2.000000000
15 40 7 11000 16 2.000000000
15 41 7 11001 16 2.000000000
15 42 7 11002 16 2.000000000
15 43 7 11003 16 2.000000000
15 44 7 11004 16 2.000000000
15 45 7 11005 16 2.000000000
15 46 7 11006 16 2.000000000
15 47 7 11007 16 2.000000000
15 48 7 11008 16 2.000000000
15 49 7 11009 16 2.000000000
15 50 7 11010 16 2.000000000
15 51 7 11011 16 2.000000000
15 52 7 11012 16 2.000000000
15 53 7 11013 16 2.000000000
15 54 7 11014 16 2.000000000
15 55 7 11015 16 2.000000000
15 56 7 11016 16 2.000000000
15 57 7 11017 16 2.000000000
15 58 7 11018 16 2.000000000
15 59 7 11019 16 2.000000000
15 60 7 11020 16 2.000000000
15 61 7 11021 16 2.000000000
15 62 7 11022 16 2.000000000
15 63 7 11023 16 2.000000000
0 64 7 11024 16 2.000000000
1 65 7 11025 16 2.000000000
2 66 7 11026 16 2.000000000
3 67 7 11027 16 2.000000000
4 68 7 11028 16 2.000000000
5 69 7 11029 16 2.000000000
6 70 7 11030 16 2.000000000
7 71 7 11031 16 2.000000000
8 72 7 11032 16 2.000000000
9 73 7 11033 16 2.000000000
10 74 7 11034 16 2.000000000
11 75 7 11035 16 2.000000000
12 76 7 11036 16 2.000000000
13 77 7 11037 16 2.000000000
14 78 7 11038 16 2.000000000
15 79 7 11039 16 2.000000000
