1040
0 1024 7 10000 1 2.000000000
1 1025 7 10001 1 2.000000000
2 1026 7 10002 1 2.000000000
3 1027 7 10003 1 2.000000000
4 1028 7 10004 1 2.000000000
5 1029 7 10005 1 2.000000000
6 1030 7 10006 1 2.000000000
7 1031 7 10007 1 2.000000000
8 1032 7 10008 1 2.000000000
9 1033 7 10009 1 2.000000000
10 1034 7 10010 1 2.000000000
11 1035 7 10011 1 2.000000000
12 1036 7 10012 1 2.000000000
13 1037 7 10013 1 2.000000000
14 1038 7 10014 1 2.000000000
15 1039 7 10015 1 2.000000000
0 4096 7 10016 1 2.000000000
8 4104 7 10017 1 2.000000000
0 2048 7 10018 1 2.000000000
8 2056 7 10019 1 2.000000000
0 128 7 10020 1 2.000000000
8 136 7 10021 1 2.000000000
0 64 7 10022 1 2.000000000
8 72 7 10023 1 2.000000000
0 32 7 10024 1 2.000000000
8 40 7 10025 1 2.000000000
0 16 7 10026 1 2.000000000
8 24 7 10027 1 2.000000000
0 8 7 10028 1 2.000000000
8 0 7 10029 1 2.000000000
1 4097 7 10030 1 2.000000000
9 4105 7 10031 1 2.000000000
1 2049 7 10032 1 2.000000000
9 2057 7 10033 1 2.000000000
1 129 7 10034 1 2.000000000
9 137 7 10035 1 2.000000000
1 65 7 10036 1 2.000000000
9 73 7 10037 1 2.000000000
1 33 7 10038 1 2.000000000
9 41 7 10039 1 2.000000000
1 17 7 10040 1 2.000000000
9 25 7 10041 1 2.000000000
1 9 7 10042 1 2.000000000
9 1 7 10043 1 2.000000000
2 4098 7 10044 1 2.000000000
10 4106 7 10045 1 2.000000000
2 2050 7 10046 1 2.000000000
10 2058 7 10047 1 2.000000000
2 130 7 10048 1 2.000000000
10 138 7 10049 1 2.000000000
2 66 7 10050 1 2.000000000
10 74 7 10051 1 2.000000000
2 34 7 10052 1 2.000000000
10 42 7 10053 1 2.000000000
2 18 7 10054 1 2.000000000
10 26 7 10055 1 2.000000000
2 10 7 10056 1 2.000000000
10 2 7 10057 1 2.000000000
3 4099 7 10058 1 2.000000000
11 4107 7 10059 1 2.000000000
3 2051 7 10060 1 2.000000000
11 2059 7 10061 1 2.000000000
3 131 7 10062 1 2.000000000
11 139 7 10063 1 2.000000000
3 67 7 10064 1 2.000000000
11 75 7 10065 1 2.000000000
3 35 7 10066 1 2.000000000
11 43 7 10067 1 2.000000000
3 19 7 10068 1 2.000000000
11 27 7 10069 1 2.000000000
3 11 7 10070 1 2.000000000
11 3 7 10071 1 2.000000000
4 4100 7 10072 1 2.000000000
12 4108 7 10073 1 2.000000000
4 2052 7 10074 1 2.000000000
12 2060 7 10075 1 2.000000000
4 132 7 10076 1 2.000000000
12 140 7 10077 1 2.000000000
4 68 7 10078 1 2.000000000
12 76 7 10079 1 2.000000000
4 36 7 10080 1 2.000000000
12 44 7 10081 1 2.000000000
4 20 7 10082 1 2.000000000
12 28 7 10083 1 2.000000000
4 12 7 10084 1 2.000000000
12 4 7 10085 1 2.000000000
5 4101 7 10086 1 2.000000000
13 4109 7 10087 1 2.000000000
5 2053 7 10088 1 2.000000000
13 2061 7 10089 1 2.000000000
5 133 7 10090 1 2.000000000
13 141 7 10091 1 2.000000000
5 69 7 10092 1 2.000000000
13 77 7 10093 1 2.000000000
5 37 7 10094 1 2.000000000
13 45 7 10095 1 2.000000000
5 21 7 10096 1 2.000000000
13 29 7 10097 1 2.000000000
5 13 7 10098 1 2.000000000
13 5 7 10099 1 2.000000000
6 4102 7 10100 1 2.000000000
14 4110 7 10101 1 2.000000000
6 2054 7 10102 1 2.000000000
14 2062 7 10103 1 2.000000000
6 134 7 10104 1 2.000000000
14 142 7 10105 1 2.000000000
6 70 7 10106 1 2.000000000
14 78 7 10107 1 2.000000000
6 38 7 10108 1 2.000000000
14 46 7 10109 1 2.000000000
6 22 7 10110 1 2.000000000
14 30 7 10111 1 2.000000000
6 14 7 10112 1 2.000000000
14 6 7 10113 1 2.000000000
7 4103 7 10114 1 2.000000000
15 4111 7 10115 1 2.000000000
7 2055 7 10116 1 2.000000000
15 2063 7 10117 1 2.000000000
7 135 7 10118 1 2.000000000
15 143 7 10119 1 2.000000000
7 71 7 10120 1 2.000000000
15 79 7 10121 1 2.000000000
7 39 7 10122 1 2.000000000
15 47 7 10123 1 2.000000000
7 23 7 10124 1 2.000000000
15 31 7 10125 1 2.000000000
7 15 7 10126 1 2.000000000
15 7 7 10127 1 2.000000000
0 8 7 10128 1 2.000000000
0 9 7 10129 1 2.000000000
0 10 7 10130 1 2.000000000
0 11 7 10131 1 2.000000000
0 12 7 10132 1 2.000000000
0 13 7 10133 1 2.000000000
0 14 7 10134 1 2.000000000
0 15 7 10135 1 2.000000000
0 16 7 10136 1 2.000000000
0 17 7 10137 1 2.000000000
0 18 7 10138 1 2.000000000
0 19 7 10139 1 2.000000000
0 20 7 10140 1 2.000000000
0 21 7 10141 1 2.000000000
0 22 7 10142 1 2.000000000
0 23 7 10143 1 2.000000000
0 24 7 10144 1 2.000000000
0 25 7 10145 1 2.000000000
0 26 7 10146 1 2.000000000
0 27 7 10147 1 2.000000000
0 28 7 10148 1 2.000000000
0 29 7 10149 1 2.000000000
0 30 7 10150 1 2.000000000
0 31 7 10151 1 2.000000000
0 32 7 10152 1 2.000000000
0 33 7 10153 1 2.000000000
0 34 7 10154 1 2.000000000
0 35 7 10155 1 2.000000000
0 36 7 10156 1 2.000000000
0 37 7 10157 1 2.000000000
0 38 7 10158 1 2.000000000
0 39 7 10159 1 2.000000000
0 40 7 10160 1 2.000000000
0 41 7 10161 1 2.000000000
0 42 7 10162 1 2.000000000
0 43 7 10163 1 2.000000000
0 44 7 10164 1 2.000000000
0 45 7 10165 1 2.000000000
0 46 7 10166 1 2.000000000
0 47 7 10167 1 2.000000000
0 48 7 10168 1 2.000000000
0 49 7 10169 1 2.000000000
0 50 7 10170 1 2.000000000
0 51 7 10171 1 2.000000000
0 52 7 10172 1 2.000000000
0 53 7 10173 1 2.000000000
0 54 7 10174 1 2.000000000
0 55 7 10175 1 2.000000000
0 56 7 10176 1 2.000000000
0 57 7 10177 1 2.000000000
0 58 7 10178 1 2.000000000
0 59 7 10179 1 2.000000000
0 60 7 10180 1 2.000000000
0 61 7 10181 1 2.000000000
0 62 7 10182 1 2.000000000
0 63 7 10183 1 2.000000000
1 8 7 10184 1 2.000000000
1 9 7 10185 1 2.000000000
1 10 7 10186 1 2.000000000
1 11 7 10187 1 2.000000000
1 12 7 10188 1 2.000000000
1 13 7 10189 1 2.000000000
1 14 7 10190 1 2.000000000
1 15 7 10191 1 2.000000000
1 16 7 10192 1 2.000000000
1 17 7 10193 1 2.000000000
1 18 7 10194 1 2.000000000
1 19 7 10195 1 2.000000000
1 20 7 10196 1 2.000000000
1 21 7 10197 1 2.000000000
1 22 7 10198 1 2.000000000
1 23 7 10199 1 2.000000000
1 24 7 10200 1 2.000000000
1 25 7 10201 1 2.000000000
1 26 7 10202 1 2.000000000
1 27 7 10203 1 2.000000000
1 28 7 10204 1 2.000000000
1 29 7 10205 1 2.000000000
1 30 7 10206 1 2.000000000
1 31 7 10207 1 2.000000000
1 32 7 10208 1 2.000000000
1 33 7 10209 1 2.000000000
1 34 7 10210 1 2.000000000
1 35 7 10211 1 2.000000000
1 36 7 10212 1 2.000000000
1 37 7 10213 1 2.000000000
1 38 7 10214 1 2.000000000
1 39 7 10215 1 2.000000000
1 40 7 10216 1 2.000000000
1 41 7 10217 1 2.000000000
1 42 7 10218 1 2.000000000
1 43 7 10219 1 2.000000000
1 44 7 10220 1 2.000000000
1 45 7 10221 1 2.000000000
1 46 7 10222 1 2.000000000
1 47 7 10223 1 2.000000000
1 48 7 10224 1 2.000000000
1 49 7 10225 1 2.000000000
1 50 7 10226 1 2.000000000
1 51 7 10227 1 2.000000000
1 52 7 10228 1 2.000000000
1 53 7 10229 1 2.000000000
1 54 7 10230 1 2.000000000
1 55 7 10231 1 2.000000000
1 56 7 10232 1 2.000000000
1 57 7 10233 1 2.000000000
1 58 7 10234 1 2.000000000
1 59 7 10235 1 2.000000000
1 60 7 10236 1 2.000000000
1 61 7 10237 1 2.000000000
1 62 7 10238 1 2.000000000
1 63 7 10239 1 2.000000000
2 8 7 10240 1 2.000000000
2 9 7 10241 1 2.000000000
2 10 7 10242 1 2.000000000
2 11 7 10243 1 2.000000000
2 12 7 10244 1 2.000000000
2 13 7 10245 1 2.000000000
2 14 7 10246 1 2.000000000
2 15 7 10247 1 2.000000000
2 16 7 10248 1 2.000000000
2 17 7 10249 1 2.000000000
2 18 7 10250 1 2.000000000
2 19 7 10251 1 2.000000000
2 20 7 10252 1 2.000000000
2 21 7 10253 1 2.000000000
2 22 7 10254 1 2.000000000
2 23 7 10255 1 2.000000000
2 24 7 10256 1 2.000000000
2 25 7 10257 1 2.000000000
2 26 7 10258 1 2.000000000
2 27 7 10259 1 2.000000000
2 28 7 10260 1 2.000000000
2 29 7 10261 1 2.000000000
2 30 7 10262 1 2.000000000
2 31 7 10263 1 2.000000000
2 32 7 10264 1 2.000000000
2 33 7 10265 1 2.000000000
2 34 7 10266 1 2.000000000
2 35 7 10267 1 2.000000000
2 36 7 10268 1 2.000000000
2 37 7 10269 1 2.000000000
2 38 7 10270 1 2.000000000
2 39 7 10271 1 2.000000000
2 40 7 10272 1 2.000000000
2 41 7 10273 1 2.000000000
2 42 7 10274 1 2.000000000
2 43 7 10275 1 2.000000000
2 44 7 10276 1 2.000000000
2 45 7 10277 1 2.000000000
2 46 7 10278 1 2.000000000
2 47 7 10279 1 2.000000000
2 48 7 10280 1 2.000000000
2 49 7 10281 1 2.000000000
2 50 7 10282 1 2.000000000
2 51 7 10283 1 2.000000000
2 52 7 10284 1 2.000000000
2 53 7 10285 1 2.000000000
2 54 7 10286 1 2.000000000
2 55 7 10287 1 2.000000000
2 56 7 10288 1 2.000000000
2 57 7 10289 1 2.000000000
2 58 7 10290 1 2.000000000
2 59 7 10291 1 2.000000000
2 60 7 10292 1 2.000000000
2 61 7 10293 1 2.000000000
2 62 7 10294 1 2.000000000
2 63 7 10295 1 2.000000000
3 8 7 10296 1 2.000000000
3 9 7 10297 1 2.000000000
3 10 7 10298 1 2.000000000
3 11 7 10299 1 2.000000000
3 12 7 10300 1 2.000000000
3 13 7 10301 1 2.000000000
3 14 7 10302 1 2.000000000
3 15 7 10303 1 2.000000000
3 16 7 10304 1 2.000000000
3 17 7 10305 1 2.000000000
3 18 7 10306 1 2.000000000
3 19 7 10307 1 2.000000000
3 20 7 10308 1 2.000000000
3 21 7 10309 1 2.000000000
3 22 7 10310 1 2.000000000
3 23 7 10311 1 2.000000000
3 24 7 10312 1 2.000000000
3 25 7 10313 1 2.000000000
3 26 7 10314 1 2.000000000
3 27 7 10315 1 2.000000000
3 28 7 10316 1 2.000000000
3 29 7 10317 1 2.000000000
3 30 7 10318 1 2.000000000
3 31 7 10319 1 2.000000000
3 32 7 10320 1 2.000000000
3 33 7 10321 1 2.000000000
3 34 7 10322 1 2.000000000
3 35 7 10323 1 2.000000000
3 36 7 10324 1 2.000000000
3 37 7 10325 1 2.000000000
3 38 7 10326 1 2.000000000
3 39 7 10327 1 2.000000000
3 40 7 10328 1 2.000000000
3 41 7 10329 1 2.000000000
3 42 7 10330 1 2.000000000
3 43 7 10331 1 2.000000000
3 44 7 10332 1 2.000000000
3 45 7 10333 1 2.000000000
3 46 7 10334 1 2.000000000
3 47 7 10335 1 2.000000000
3 48 7 10336 1 2.000000000
3 49 7 10337 1 2.000000000
3 50 7 10338 1 2.000000000
3 51 7 10339 1 2.000000000
3 52 7 10340 1 2.000000000
3 53 7 10341 1 2.000000000
3 54 7 10342 1 2.000000000
3 55 7 10343 1 2.000000000
3 56 7 10344 1 2.000000000
3 57 7 10345 1 2.000000000
3 58 7 10346 1 2.000000000
3 59 7 10347 1 2.000000000
3 60 7 10348 1 2.000000000
3 61 7 10349 1 2.000000000
3 62 7 10350 1 2.000000000
3 63 7 10351 1 2.000000000
4 8 7 10352 1 2.000000000
4 9 7 10353 1 2.000000000
4 10 7 10354 1 2.000000000
4 11 7 10355 1 2.000000000
4 12 7 10356 1 2.000000000
4 13 7 10357 1 2.000000000
4 14 7 10358 1 2.000000000
4 15 7 10359 1 2.000000000
4 16 7 10360 1 2.000000000
4 17 7 10361 1 2.000000000
4 18 7 10362 1 2.000000000
4 19 7 10363 1 2.000000000
4 20 7 10364 1 2.000000000
4 21 7 10365 1 2.000000000
4 22 7 10366 1 2.000000000
4 23 7 10367 1 2.000000000
4 24 7 10368 1 2.000000000
4 25 7 10369 1 2.000000000
4 26 7 10370 1 2.000000000
4 27 7 10371 1 2.000000000
4 28 7 10372 1 2.000000000
4 29 7 10373 1 2.000000000
4 30 7 10374 1 2.000000000
4 31 7 10375 1 2.000000000
4 32 7 10376 1 2.000000000
4 33 7 10377 1 2.000000000
4 34 7 10378 1 2.000000000
4 35 7 10379 1 2.000000000
4 36 7 10380 1 2.000000000
4 37 7 10381 1 2.000000000
4 38 7 10382 1 2.000000000
4 39 7 10383 1 2.000000000
4 40 7 10384 1 2.000000000
4 41 7 10385 1 2.000000000
4 42 7 10386 1 2.000000000
4 43 7 10387 1 2.000000000
4 44 7 10388 1 2.000000000
4 45 7 10389 1 2.000000000
4 46 7 10390 1 2.000000000
4 47 7 10391 1 2.000000000
4 48 7 10392 1 2.000000000
4 49 7 10393 1 2.000000000
4 50 7 10394 1 2.000000000
4 51 7 10395 1 2.000000000
4 52 7 10396 1 2.000000000
4 53 7 10397 1 2.000000000
4 54 7 10398 1 2.000000000
4 55 7 10399 1 2.000000000
4 56 7 10400 1 2.000000000
4 57 7 10401 1 2.000000000
4 58 7 10402 1 2.000000000
4 59 7 10403 1 2.000000000
4 60 7 10404 1 2.000000000
4 61 7 10405 1 2.000000000
4 62 7 10406 1 2.000000000
4 63 7 10407 1 2.000000000
5 8 7 10408 1 2.000000000
5 9 7 10409 1 2.000000000
5 10 7 10410 1 2.000000000
5 11 7 10411 1 2.000000000
5 12 7 10412 1 2.000000000
5 13 7 10413 1 2.000000000
5 14 7 10414 1 2.000000000
5 15 7 10415 1 2.000000000
5 16 7 10416 1 2.000000000
5 17 7 10417 1 2.000000000
5 18 7 10418 1 2.000000000
5 19 7 10419 1 2.000000000
5 20 7 10420 1 2.000000000
5 21 7 10421 1 2.000000000
5 22 7 10422 1 2.000000000
5 23 7 10423 1 2.000000000
5 24 7 10424 1 2.000000000
5 25 7 10425 1 2.000000000
5 26 7 10426 1 2.000000000
5 27 7 10427 1 2.000000000
5 28 7 10428 1 2.000000000
5 29 7 10429 1 2.000000000
5 30 7 10430 1 2.000000000
5 31 7 10431 1 2.000000000
5 32 7 10432 1 2.000000000
5 33 7 10433 1 2.000000000
5 34 7 10434 1 2.000000000
5 35 7 10435 1 2.000000000
5 36 7 10436 1 2.000000000
5 37 7 10437 1 2.000000000
5 38 7 10438 1 2.000000000
5 39 7 10439 1 2.000000000
5 40 7 10440 1 2.000000000
5 41 7 10441 1 2.000000000
5 42 7 10442 1 2.000000000
5 43 7 10443 1 2.000000000
5 44 7 10444 1 2.000000000
5 45 7 10445 1 2.000000000
5 46 7 10446 1 2.000000000
5 47 7 10447 1 2.000000000
5 48 7 10448 1 2.000000000
5 49 7 10449 1 2.000000000
5 50 7 10450 1 2.000000000
5 51 7 10451 1 2.000000000
5 52 7 10452 1 2.000000000
5 53 7 10453 1 2.000000000
5 54 7 10454 1 2.000000000
5 55 7 10455 1 2.000000000
5 56 7 10456 1 2.000000000
5 57 7 10457 1 2.000000000
5 58 7 10458 1 2.000000000
5 59 7 10459 1 2.000000000
5 60 7 10460 1 2.000000000
5 61 7 10461 1 2.000000000
5 62 7 10462 1 2.000000000
5 63 7 10463 1 2.000000000
6 8 7 10464 1 2.000000000
6 9 7 10465 1 2.000000000
6 10 7 10466 1 2.000000000
6 11 7 10467 1 2.000000000
6 12 7 10468 1 2.000000000
6 13 7 10469 1 2.000000000
6 14 7 10470 1 2.000000000
6 15 7 10471 1 2.000000000
6 16 7 10472 1 2.000000000
6 17 7 10473 1 2.000000000
6 18 7 10474 1 2.000000000
6 19 7 10475 1 2.000000000
6 20 7 10476 1 2.000000000
6 21 7 10477 1 2.000000000
6 22 7 10478 1 2.000000000
6 23 7 10479 1 2.000000000
6 24 7 10480 1 2.000000000
6 25 7 10481 1 2.000000000
6 26 7 10482 1 2.000000000
6 27 7 10483 1 2.000000000
6 28 7 10484 1 2.000000000
6 29 7 10485 1 2.000000000
6 30 7 10486 1 2.000000000
6 31 7 10487 1 2.000000000
6 32 7 10488 1 2.000000000
6 33 7 10489 1 2.000000000
6 34 7 10490 1 2.000000000
6 35 7 10491 1 2.000000000
6 36 7 10492 1 2.000000000
6 37 7 10493 1 2.000000000
6 38 7 10494 1 2.000000000
6 39 7 10495 1 2.000000000
6 40 7 10496 1 2.000000000
6 41 7 10497 1 2.000000000
6 42 7 10498 1 2.000000000
6 43 7 10499 1 2.000000000
6 44 7 10500 1 2.000000000
6 45 7 10501 1 2.000000000
6 46 7 10502 1 2.000000000
6 47 7 10503 1 2.000000000
6 48 7 10504 1 2.000000000
6 49 7 10505 1 2.000000000
6 50 7 10506 1 2.000000000
6 51 7 10507 1 2.000000000
6 52 7 10508 1 2.000000000
6 53 7 10509 1 2.000000000
6 54 7 10510 1 2.000000000
6 55 7 10511 1 2.000000000
6 56 7 10512 1 2.000000000
6 57 7 10513 1 2.000000000
6 58 7 10514 1 2.000000000
6 59 7 10515 1 2.000000000
6 60 7 10516 1 2.000000000
6 61 7 10517 1 2.000000000
6 62 7 10518 1 2.000000000
6 63 7 10519 1 2.000000000
7 8 7 10520 1 2.000000000
7 9 7 10521 1 2.000000000
7 10 7 10522 1 2.000000000
7 11 7 10523 1 2.000000000
7 12 7 10524 1 2.000000000
7 13 7 10525 1 2.000000000
7 14 7 10526 1 2.000000000
7 15 7 10527 1 2.000000000
7 16 7 10528 1 2.000000000
7 17 7 10529 1 2.000000000
7 18 7 10530 1 2.000000000
7 19 7 10531 1 2.000000000
7 20 7 10532 1 2.000000000
7 21 7 10533 1 2.000000000
7 22 7 10534 1 2.000000000
7 23 7 10535 1 2.000000000
7 24 7 10536 1 2.000000000
7 25 7 10537 1 2.000000000
7 26 7 10538 1 2.000000000
7 27 7 10539 1 2.000000000
7 28 7 10540 1 2.000000000
7 29 7 10541 1 2.000000000
7 30 7 10542 1 2.000000000
7 31 7 10543 1 2.000000000
7 32 7 10544 1 2.000000000
7 33 7 10545 1 2.000000000
7 34 7 10546 1 2.000000000
7 35 7 10547 1 2.000000000
7 36 7 10548 1 2.000000000
7 37 7 10549 1 2.000000000
7 38 7 10550 1 2.000000000
7 39 7 10551 1 2.000000000
7 40 7 10552 1 2.000000000
7 41 7 10553 1 2.000000000
7 42 7 10554 1 2.000000000
7 43 7 10555 1 2.000000000
7 44 7 10556 1 2.000000000
7 45 7 10557 1 2.000000000
7 46 7 10558 1 2.000000000
7 47 7 10559 1 2.000000000
7 48 7 10560 1 2.000000000
7 49 7 10561 1 2.000000000
7 50 7 10562 1 2.000000000
7 51 7 10563 1 2.000000000
7 52 7 10564 1 2.000000000
7 53 7 10565 1 2.000000000
7 54 7 10566 1 2.000000000
7 55 7 10567 1 2.000000000
7 56 7 10568 1 2.000000000
7 57 7 10569 1 2.000000000
7 58 7 10570 1 2.000000000
7 59 7 10571 1 2.000000000
7 60 7 10572 1 2.000000000
7 61 7 10573 1 2.000000000
7 62 7 10574 1 2.000000000
7 63 7 10575 1 2.000000000
8 0 7 10576 1 2.000000000
8 1 7 10577 1 2.000000000
8 2 7 10578 1 2.000000000
8 3 7 10579 1 2.000000000
8 4 7 10580 1 2.000000000
8 5 7 10581 1 2.000000000
8 6 7 10582 1 2.000000000
8 7 7 10583 1 2.000000000
8 16 7 10584 1 2.000000000
8 17 7 10585 1 2.000000000
8 18 7 10586 1 2.000000000
8 19 7 10587 1 2.000000000
8 20 7 10588 1 2.000000000
8 21 7 10589 1 2.000000000
8 22 7 10590 1 2.000000000
8 23 7 10591 1 2.000000000
8 24 7 10592 1 2.000000000
8 25 7 10593 1 2.000000000
8 26 7 10594 1 2.000000000
8 27 7 10595 1 2.000000000
8 28 7 10596 1 2.000000000
8 29 7 10597 1 2.000000000
8 30 7 10598 1 2.000000000
8 31 7 10599 1 2.000000000
8 32 7 10600 1 2.000000000
8 33 7 10601 1 2.000000000
8 34 7 10602 1 2.000000000
8 35 7 10603 1 2.000000000
8 36 7 10604 1 2.000000000
8 37 7 10605 1 2.000000000
8 38 7 10606 1 2.000000000
8 39 7 10607 1 2.000000000
8 40 7 10608 1 2.000000000
8 41 7 10609 1 2.000000000
8 42 7 10610 1 2.000000000
8 43 7 10611 1 2.000000000
8 44 7 10612 1 2.000000000
8 45 7 10613 1 2.000000000
8 46 7 10614 1 2.000000000
8 47 7 10615 1 2.000000000
8 48 7 10616 1 2.000000000
8 49 7 10617 1 2.000000000
8 50 7 10618 1 2.000000000
8 51 7 10619 1 2.000000000
8 52 7 10620 1 2.000000000
8 53 7 10621 1 2.000000000
8 54 7 10622 1 2.000000000
8 55 7 10623 1 2.000000000
8 56 7 10624 1 2.000000000
8 57 7 10625 1 2.000000000
8 58 7 10626 1 2.000000000
8 59 7 10627 1 2.000000000
8 60 7 10628 1 2.000000000
8 61 7 10629 1 2.000000000
8 62 7 10630 1 2.000000000
8 63 7 10631 1 2.000000000
9 0 7 10632 1 2.000000000
9 1 7 10633 1 2.000000000
9 2 7 10634 1 2.000000000
9 3 7 10635 1 2.000000000
9 4 7 10636 1 2.000000000
9 5 7 10637 1 2.000000000
9 6 7 10638 1 2.000000000
9 7 7 10639 1 2.000000000
9 16 7 10640 1 2.000000000
9 17 7 10641 1 2.000000000
9 18 7 10642 1 2.000000000
9 19 7 10643 1 2.000000000
9 20 7 10644 1 2.000000000
9 21 7 10645 1 2.000000000
9 22 7 10646 1 2.000000000
9 23 7 10647 1 2.000000000
9 24 7 10648 1 2.000000000
9 25 7 10649 1 2.000000000
9 26 7 10650 1 2.000000000
9 27 7 10651 1 2.000000000
9 28 7 10652 1 2.000000000
9 29 7 10653 1 2.000000000
9 30 7 10654 1 2.000000000
9 31 7 10655 1 2.000000000
9 32 7 10656 1 2.000000000
9 33 7 10657 1 2.000000000
9 34 7 10658 1 2.000000000
9 35 7 10659 1 2.000000000
9 36 7 10660 1 2.000000000
9 37 7 10661 1 2.000000000
9 38 7 10662 1 2.000000000
9 39 7 10663 1 2.000000000
9 40 7 10664 1 2.000000000
9 41 7 10665 1 2.000000000
9 42 7 10666 1 2.000000000
9 43 7 10667 1 2.000000000
9 44 7 10668 1 2.000000000
9 45 7 10669 1 2.000000000
9 46 7 10670 1 2.000000000
9 47 7 10671 1 2.000000000
9 48 7 10672 1 2.000000000
9 49 7 10673 1 2.000000000
9 50 7 10674 1 2.000000000
9 51 7 10675 1 2.000000000
9 52 7 10676 1 2.000000000
9 53 7 10677 1 2.000000000
9 54 7 10678 1 2.000000000
9 55 7 10679 1 2.000000000
9 56 7 10680 1 2.000000000
9 57 7 10681 1 2.000000000
9 58 7 10682 1 2.000000000
9 59 7 10683 1 2.000000000
9 60 7 10684 1 2.000000000
9 61 7 10685 1 2.000000000
9 62 7 10686 1 2.000000000
9 63 7 10687 1 2.000000000
10 0 7 10688 1 2.000000000
10 1 7 10689 1 2.000000000
10 2 7 10690 1 2.000000000
10 3 7 10691 1 2.000000000
10 4 7 10692 1 2.000000000
10 5 7 10693 1 2.000000000
10 6 7 10694 1 2.000000000
10 7 7 10695 1 2.000000000
10 16 7 10696 1 2.000000000
10 17 7 10697 1 2.000000000
10 18 7 10698 1 2.000000000
10 19 7 10699 1 2.000000000
10 20 7 10700 1 2.000000000
10 21 7 10701 1 2.000000000
10 22 7 10702 1 2.000000000
10 23 7 10703 1 2.000000000
10 24 7 10704 1 2.000000000
10 25 7 10705 1 2.000000000
10 26 7 10706 1 2.000000000
10 27 7 10707 1 2.000000000
10 28 7 10708 1 2.000000000
10 29 7 10709 1 2.000000000
10 30 7 10710 1 2.000000000
10 31 7 10711 1 2.000000000
10 32 7 10712 1 2.000000000
10 33 7 10713 1 2.000000000
10 34 7 10714 1 2.000000000
10 35 7 10715 1 2.000000000
10 36 7 10716 1 2.000000000
10 37 7 10717 1 2.000000000
10 38 7 10718 1 2.000000000
10 39 7 10719 1 2.000000000
10 40 7 10720 1 2.000000000
10 41 7 10721 1 2.000000000
10 42 7 10722 1 2.000000000
10 43 7 10723 1 2.000000000
10 44 7 10724 1 2.000000000
10 45 7 10725 1 2.000000000
10 46 7 10726 1 2.000000000
10 47 7 10727 1 2.000000000
10 48 7 10728 1 2.000000000
10 49 7 10729 1 2.000000000
10 50 7 10730 1 2.000000000
10 51 7 10731 1 2.000000000
10 52 7 10732 1 2.000000000
10 53 7 10733 1 2.000000000
10 54 7 10734 1 2.000000000
10 55 7 10735 1 2.000000000
10 56 7 10736 1 2.000000000
10 57 7 10737 1 2.000000000
10 58 7 10738 1 2.000000000
10 59 7 10739 1 2.000000000
10 60 7 10740 1 2.000000000
10 61 7 10741 1 2.000000000
10 62 7 10742 1 2.000000000
10 63 7 10743 1 2.000000000
11 0 7 10744 1 2.000000000
11 1 7 10745 1 2.000000000
11 2 7 10746 1 2.000000000
11 3 7 10747 1 2.000000000
11 4 7 10748 1 2.000000000
11 5 7 10749 1 2.000000000
11 6 7 10750 1 2.000000000
11 7 7 10751 1 2.000000000
11 16 7 10752 1 2.000000000
11 17 7 10753 1 2.000000000
11 18 7 10754 1 2.000000000
11 19 7 10755 1 2.000000000
11 20 7 10756 1 2.000000000
11 21 7 10757 1 2.000000000
11 22 7 10758 1 2.000000000
11 23 7 10759 1 2.000000000
11 24 7 10760 1 2.000000000
11 25 7 10761 1 2.000000000
11 26 7 10762 1 2.000000000
11 27 7 10763 1 2.000000000
11 28 7 10764 1 2.000000000
11 29 7 10765 1 2.000000000
11 30 7 10766 1 2.000000000
11 31 7 10767 1 2.000000000
11 32 7 10768 1 2.000000000
11 33 7 10769 1 2.000000000
11 34 7 10770 1 2.000000000
11 35 7 10771 1 2.000000000
11 36 7 10772 1 2.000000000
11 37 7 10773 1 2.000000000
11 38 7 10774 1 2.000000000
11 39 7 10775 1 2.000000000
11 40 7 10776 1 2.000000000
11 41 7 10777 1 2.000000000
11 42 7 10778 1 2.000000000
11 43 7 10779 1 2.000000000
11 44 7 10780 1 2.000000000
11 45 7 10781 1 2.000000000
11 46 7 10782 1 2.000000000
11 47 7 10783 1 2.000000000
11 48 7 10784 1 2.000000000
11 49 7 10785 1 2.000000000
11 50 7 10786 1 2.000000000
11 51 7 10787 1 2.000000000
11 52 7 10788 1 2.000000000
11 53 7 10789 1 2.000000000
11 54 7 10790 1 2.000000000
11 55 7 10791 1 2.000000000
11 56 7 10792 1 2.000000000
11 57 7 10793 1 2.000000000
11 58 7 10794 1 2.000000000
11 59 7 10795 1 2.000000000
11 60 7 10796 1 2.000000000
11 61 7 10797 1 2.000000000
11 62 7 10798 1 2.000000000
11 63 7 10799 1 2.000000000
12 0 7 10800 1 2.000000000
12 1 7 10801 1 2.000000000
12 2 7 10802 1 2.000000000
12 3 7 10803 1 2.000000000
12 4 7 10804 1 2.000000000
12 5 7 10805 1 2.000000000
12 6 7 10806 1 2.000000000
12 7 7 10807 1 2.000000000
12 16 7 10808 1 2.000000000
12 17 7 10809 1 2.000000000
12 18 7 10810 1 2.000000000
12 19 7 10811 1 2.000000000
12 20 7 10812 1 2.000000000
12 21 7 10813 1 2.000000000
12 22 7 10814 1 2.000000000
12 23 7 10815 1 2.000000000
12 24 7 10816 1 2.000000000
12 25 7 10817 1 2.000000000
12 26 7 10818 1 2.000000000
12 27 7 10819 1 2.000000000
12 28 7 10820 1 2.000000000
12 29 7 10821 1 2.000000000
12 30 7 10822 1 2.000000000
12 31 7 10823 1 2.000000000
12 32 7 10824 1 2.000000000
12 33 7 10825 1 2.000000000
12 34 7 10826 1 2.000000000
12 35 7 10827 1 2.000000000
12 36 7 10828 1 2.000000000
12 37 7 10829 1 2.000000000
12 38 7 10830 1 2.000000000
12 39 7 10831 1 2.000000000
12 40 7 10832 1 2.000000000
12 41 7 10833 1 2.000000000
12 42 7 10834 1 2.000000000
12 43 7 10835 1 2.000000000
12 44 7 10836 1 2.000000000
12 45 7 10837 1 2.000000000
12 46 7 10838 1 2.000000000
12 47 7 10839 1 2.000000000
12 48 7 10840 1 2.000000000
12 49 7 10841 1 2.000000000
12 50 7 10842 1 2.000000000
12 51 7 10843 1 2.000000000
12 52 7 10844 1 2.000000000
12 53 7 10845 1 2.000000000
12 54 7 10846 1 2.000000000
12 55 7 10847 1 2.000000000
12 56 7 10848 1 2.000000000
12 57 7 10849 1 2.000000000
12 58 7 10850 1 2.000000000
12 59 7 10851 1 2.000000000
12 60 7 10852 1 2.000000000
12 61 7 10853 1 2.000000000
12 62 7 10854 1 2.000000000
12 63 7 10855 1 2.000000000
13 0 7 10856 1 2.000000000
13 1 7 10857 1 2.000000000
13 2 7 10858 1 2.000000000
13 3 7 10859 1 2.000000000
13 4 7 10860 1 2.000000000
13 5 7 10861 1 2.000000000
13 6 7 10862 1 2.000000000
13 7 7 10863 1 2.000000000
13 16 7 10864 1 2.000000000
13 17 7 10865 1 2.000000000
13 18 7 10866 1 2.000000000
13 19 7 10867 1 2.000000000
13 20 7 10868 1 2.000000000
13 21 7 10869 1 2.000000000
13 22 7 10870 1 2.000000000
13 23 7 10871 1 2.000000000
13 24 7 10872 1 2.000000000
13 25 7 10873 1 2.000000000
13 26 7 10874 1 2.000000000
13 27 7 10875 1 2.000000000
13 28 7 10876 1 2.000000000
13 29 7 10877 1 2.000000000
13 30 7 10878 1 2.000000000
13 31 7 10879 1 2.000000000
13 32 7 10880 1 2.000000000
13 33 7 10881 1 2.000000000
13 34 7 10882 1 2.000000000
13 35 7 10883 1 2.000000000
13 36 7 10884 1 2.000000000
13 37 7 10885 1 2.000000000
13 38 7 10886 1 2.000000000
13 39 7 10887 1 2.000000000
13 40 7 10888 1 2.000000000
13 41 7 10889 1 2.000000000
13 42 7 10890 1 2.000000000
13 43 7 10891 1 2.000000000
13 44 7 10892 1 2.000000000
13 45 7 10893 1 2.000000000
13 46 7 10894 1 2.000000000
13 47 7 10895 1 2.000000000
13 48 7 10896 1 2.000000000
13 49 7 10897 1 2.000000000
13 50 7 10898 1 2.000000000
13 51 7 10899 1 2.000000000
13 52 7 10900 1 2.000000000
13 53 7 10901 1 2.000000000
13 54 7 10902 1 2.000000000
13 55 7 10903 1 2.000000000
13 56 7 10904 1 2.000000000
13 57 7 10905 1 2.000000000
13 58 7 10906 1 2.000000000
13 59 7 10907 1 2.000000000
13 60 7 10908 1 2.000000000
13 61 7 10909 1 2.000000000
13 62 7 10910 1 2.000000000
13 63 7 10911 1 2.000000000
14 0 7 10912 1 2.000000000
14 1 7 10913 1 2.000000000
14 2 7 10914 1 2.000000000
14 3 7 10915 1 2.000000000
14 4 7 10916 1 2.000000000
14 5 7 10917 1 2.000000000
14 6 7 10918 1 2.000000000
14 7 7 10919 1 2.000000000
14 16 7 10920 1 2.000000000
14 17 7 10921 1 2.000000000
14 18 7 10922 1 2.000000000
14 19 7 10923 1 2.000000000
14 20 7 10924 1 2.000000000
14 21 7 10925 1 2.000000000
14 22 7 10926 1 2.000000000
14 23 7 10927 1 2.000000000
14 24 7 10928 1 2.000000000
14 25 7 10929 1 2.000000000
14 26 7 10930 1 2.000000000
14 27 7 10931 1 2.000000000
14 28 7 10932 1 2.000000000
14 29 7 10933 1 2.000000000
14 30 7 10934 1 2.000000000
14 31 7 10935 1 2.000000000
14 32 7 10936 1 2.000000000
14 33 7 10937 1 2.000000000
14 34 7 10938 1 2.000000000
14 35 7 10939 1 2.000000000
14 36 7 10940 1 2.000000000
14 37 7 10941 1 2.000000000
14 38 7 10942 1 2.000000000
14 39 7 10943 1 2.000000000
14 40 7 10944 1 2.000000000
14 41 7 10945 1 2.000000000
14 42 7 10946 1 2.000000000
14 43 7 10947 1 2.000000000
14 44 7 10948 1 2.000000000
14 45 7 10949 1 2.000000000
14 46 7 10950 1 2.000000000
14 47 7 10951 1 2.000000000
14 48 7 10952 1 2.000000000
14 49 7 10953 1 2.000000000
14 50 7 10954 1 2.000000000
14 51 7 10955 1 2.000000000
14 52 7 10956 1 2.000000000
14 53 7 10957 1 2.000000000
14 54 7 10958 1 2.000000000
14 55 7 10959 1 2.000000000
14 56 7 10960 1 2.000000000
14 57 7 10961 1 2.000000000
14 58 7 10962 1 2.000000000
14 59 7 10963 1 2.000000000
14 60 7 10964 1 2.000000000
14 61 7 10965 1 2.000000000
14 62 7 10966 1 2.000000000
14 63 7 10967 1 2.000000000
15 0 7 10968 1 2.000000000
15 1 7 10969 1 2.000000000
15 2 7 10970 1 2.000000000
15 3 7 10971 1 2.000000000
15 4 7 10972 1 2.000000000
15 5 7 10973 1 2.000000000
15 6 7 10974 1 2.000000000
15 7 7 10975 1 2.000000000
15 16 7 10976 1 2.000000000
15 17 7 10977 1 2.000000000
15 18 7 10978 1 2.000000000
15 19 7 10979 1 2.000000000
15 20 7 10980 1 2.000000000
15 21 7 10981 1 2.000000000
15 22 7 10982 1 2.000000000
15 23 7 10983 1 2.000000000
15 24 7 10984 1 2.000000000
15 25 7 10985 1 2.000000000
15 26 7 10986 1 2.000000000
15 27 7 10987 1 2.000000000
15 28 7 10988 1 2.000000000
15 29 7 10989 1 2.000000000
15 30 7 10990 1 2.000000000
15 31 7 10991 1 2.000000000
15 32 7 10992 1 2.000000000
15 33 7 10993 1 2.000000000
15 34 7 10994 1 2.000000000
15 35 7 10995 1 2.000000000
15 36 7 10996 1 2.000000000
15 37 7 10997 1 2.000000000
15 38 7 10998 1 2.000000000
15 39 7 10999 1 2.000000000
15 40 7 11000 1 2.000000000
15 41 7 11001 1 2.000000000
15 42 7 11002 1 2.000000000
15 43 7 11003 1 2.000000000
15 44 7 11004 1 2.000000000
15 45 7 11005 1 2.000000000
15 46 7 11006 1 2.000000000
15 47 7 11007 1 2.000000000
15 48 7 11008 1 2.000000000
15 49 7 11009 1 2.000000000
15 50 7 11010 1 2.000000000
15 51 7 11011 1 2.000000000
15 52 7 11012 1 2.000000000
15 53 7 11013 1 2.000000000
15 54 7 11014 1 2.000000000
15 55 7 11015 1 2.000000000
15 56 7 11016 1 2.000000000
15 57 7 11017 1 2.000000000
15 58 7 11018 1 2.000000000
15 59 7 11019 1 2.000000000
15 60 7 11020 1 2.000000000
15 61 7 11021 1 2.000000000
15 62 7 11022 1 2.000000000
15 63 7 11023 1 2.000000000
0 64 7 11024 1 2.000000000
1 65 7 11025 1 2.000000000
2 66 7 11026 1 2.000000000
3 67 7 11027 1 2.000000000
4 68 7 11028 1 2.000000000
5 69 7 11029 1 2.000000000
6 70 7 11030 1 2.000000000
7 71 7 11031 1 2.000000000
8 72 7 11032 1 2.000000000
9 73 7 11033 1 2.000000000
10 74 7 11034 1 2.000000000
11 75 7 11035 1 2.000000000
12 76 7 11036 1 2.000000000
13 77 7 11037 1 2.000000000
14 78 7 11038 1 2.000000000
15 79 7 11039 1 2.000000000
