1040
0 1024 7 10000 128 2.000000000
1 1025 7 10001 128 2.000000000
2 1026 7 10002 128 2.000000000
3 1027 7 10003 128 2.000000000
4 1028 7 10004 128 2.000000000
5 1029 7 10005 128 2.000000000
6 1030 7 10006 128 2.000000000
7 1031 7 10007 128 2.000000000
8 1032 7 10008 128 2.000000000
9 1033 7 10009 128 2.000000000
10 1034 7 10010 128 2.000000000
11 1035 7 10011 128 2.000000000
12 1036 7 10012 128 2.000000000
13 1037 7 10013 128 2.000000000
14 1038 7 10014 128 2.000000000
15 1039 7 10015 128 2.000000000
0 4096 7 10016 128 2.000000000
8 4104 7 10017 128 2.000000000
0 2048 7 10018 128 2.000000000
8 2056 7 10019 128 2.000000000
0 128 7 10020 128 2.000000000
8 136 7 10021 128 2.000000000
0 64 7 10022 128 2.000000000
8 72 7 10023 128 2.000000000
0 32 7 10024 128 2.000000000
8 40 7 10025 128 2.000000000
0 16 7 10026 128 2.000000000
8 24 7 10027 128 2.000000000
0 8 7 10028 128 2.000000000
8 0 7 10029 128 2.000000000
1 4097 7 10030 128 2.000000000
9 4105 7 10031 128 2.000000000
1 2049 7 10032 128 2.000000000
9 2057 7 10033 128 2.000000000
1 129 7 10034 128 2.000000000
9 137 7 10035 128 2.000000000
1 65 7 10036 128 2.000000000
9 73 7 10037 128 2.000000000
1 33 7 10038 128 2.000000000
9 41 7 10039 128 2.000000000
1 17 7 10040 128 2.000000000
9 25 7 10041 128 2.000000000
1 9 7 10042 128 2.000000000
9 1 7 10043 128 2.000000000
2 4098 7 10044 128 2.000000000
10 4106 7 10045 128 2.000000000
2 2050 7 10046 128 2.000000000
10 2058 7 10047 128 2.000000000
2 130 7 10048 128 2.000000000
10 138 7 10049 128 2.000000000
2 66 7 10050 128 2.000000000
10 74 7 10051 128 2.000000000
2 34 7 10052 128 2.000000000
10 42 7 10053 128 2.000000000
2 18 7 10054 128 2.000000000
10 26 7 10055 128 2.000000000
2 10 7 10056 128 2.000000000
10 2 7 10057 128 2.000000000
3 4099 7 10058 128 2.000000000
11 4107 7 10059 128 2.000000000
3 2051 7 10060 128 2.000000000
11 2059 7 10061 128 2.000000000
3 131 7 10062 128 2.000000000
11 139 7 10063 128 2.000000000
3 67 7 10064 128 2.000000000
11 75 7 10065 128 2.000000000
3 35 7 10066 128 2.000000000
11 43 7 10067 128 2.000000000
3 19 7 10068 128 2.000000000
11 27 7 10069 128 2.000000000
3 11 7 10070 128 2.000000000
11 3 7 10071 128 2.000000000
4 4100 7 10072 128 2.000000000
12 4108 7 10073 128 2.000000000
4 2052 7 10074 128 2.000000000
12 2060 7 10075 128 2.000000000
4 132 7 10076 128 2.000000000
12 140 7 10077 128 2.000000000
4 68 7 10078 128 2.000000000
12 76 7 10079 128 2.000000000
4 36 7 10080 128 2.000000000
12 44 7 10081 128 2.000000000
4 20 7 10082 128 2.000000000
12 28 7 10083 128 2.000000000
4 12 7 10084 128 2.000000000
12 4 7 10085 128 2.000000000
5 4101 7 10086 128 2.000000000
13 4109 7 10087 128 2.000000000
5 2053 7 10088 128 2.000000000
13 2061 7 10089 128 2.000000000
5 133 7 10090 128 2.000000000
13 141 7 10091 128 2.000000000
5 69 7 10092 128 2.000000000
13 77 7 10093 128 2.000000000
5 37 7 10094 128 2.000000000
13 45 7 10095 128 2.000000000
5 21 7 10096 128 2.000000000
13 29 7 10097 128 2.000000000
5 13 7 10098 128 2.000000000
13 5 7 10099 128 2.000000000
6 4102 7 10100 128 2.000000000
14 4110 7 10101 128 2.000000000
6 2054 7 10102 128 2.000000000
14 2062 7 10103 128 2.000000000
6 134 7 10104 128 2.000000000
14 142 7 10105 128 2.000000000
6 70 7 10106 128 2.000000000
14 78 7 10107 128 2.000000000
6 38 7 10108 128 2.000000000
14 46 7 10109 128 2.000000000
6 22 7 10110 128 2.000000000
14 30 7 10111 128 2.000000000
6 14 7 10112 128 2.000000000
14 6 7 10113 128 2.000000000
7 4103 7 10114 128 2.000000000
15 4111 7 10115 128 2.000000000
7 2055 7 10116 128 2.000000000
15 2063 7 10117 128 2.000000000
7 135 7 10118 128 2.000000000
15 143 7 10119 128 2.000000000
7 71 7 10120 128 2.000000000
15 79 7 10121 128 2.000000000
7 39 7 10122 128 2.000000000
15 47 7 10123 128 2.000000000
7 23 7 10124 128 2.000000000
15 31 7 10125 128 2.000000000
7 15 7 10126 128 2.000000000
15 7 7 10127 128 2.000000000
0 8 7 10128 128 2.000000000
0 9 7 10129 128 2.000000000
0 10 7 10130 128 2.000000000
0 11 7 10131 128 2.000000000
0 12 7 10132 128 2.000000000
0 13 7 10133 128 2.000000000
0 14 7 10134 128 2.000000000
0 15 7 10135 128 2.000000000
0 16 7 10136 128 2.000000000
0 17 7 10137 128 2.000000000
0 18 7 10138 128 2.000000000
0 19 7 10139 128 2.000000000
0 20 7 10140 128 2.000000000
0 21 7 10141 128 2.000000000
0 22 7 10142 128 2.000000000
0 23 7 10143 128 2.000000000
0 24 7 10144 128 2.000000000
0 25 7 10145 128 2.000000000
0 26 7 10146 128 2.000000000
0 27 7 10147 128 2.000000000
0 28 7 10148 128 2.000000000
0 29 7 10149 128 2.000000000
0 30 7 10150 128 2.000000000
0 31 7 10151 128 2.000000000
0 32 7 10152 128 2.000000000
0 33 7 10153 128 2.000000000
0 34 7 10154 128 2.000000000
0 35 7 10155 128 2.000000000
0 36 7 10156 128 2.000000000
0 37 7 10157 128 2.000000000
0 38 7 10158 128 2.000000000
0 39 7 10159 128 2.000000000
0 40 7 10160 128 2.000000000
0 41 7 10161 128 2.000000000
0 42 7 10162 128 2.000000000
0 43 7 10163 128 2.000000000
0 44 7 10164 128 2.000000000
0 45 7 10165 128 2.000000000
0 46 7 10166 128 2.000000000
0 47 7 10167 128 2.000000000
0 48 7 10168 128 2.000000000
0 49 7 10169 128 2.000000000
0 50 7 10170 128 2.000000000
0 51 7 10171 128 2.000000000
0 52 7 10172 128 2.000000000
0 53 7 10173 128 2.000000000
0 54 7 10174 128 2.000000000
0 55 7 10175 128 2.000000000
0 56 7 10176 128 2.000000000
0 57 7 10177 128 2.000000000
0 58 7 10178 128 2.000000000
0 59 7 10179 128 2.000000000
0 60 7 10180 128 2.000000000
0 61 7 10181 128 2.000000000
0 62 7 10182 128 2.000000000
0 63 7 10183 128 2.000000000
1 8 7 10184 128 2.000000000
1 9 7 10185 128 2.000000000
1 10 7 10186 128 2.000000000
1 11 7 10187 128 2.000000000
1 12 7 10188 128 2.000000000
1 13 7 10189 128 2.000000000
1 14 7 10190 128 2.000000000
1 15 7 10191 128 2.000000000
1 16 7 10192 128 2.000000000
1 17 7 10193 128 2.000000000
1 18 7 10194 128 2.000000000
1 19 7 10195 128 2.000000000
1 20 7 10196 128 2.000000000
1 21 7 10197 128 2.000000000
1 22 7 10198 128 2.000000000
1 23 7 10199 128 2.000000000
1 24 7 10200 128 2.000000000
1 25 7 10201 128 2.000000000
1 26 7 10202 128 2.000000000
1 27 7 10203 128 2.000000000
1 28 7 10204 128 2.000000000
1 29 7 10205 128 2.000000000
1 30 7 10206 128 2.000000000
1 31 7 10207 128 2.000000000
1 32 7 10208 128 2.000000000
1 33 7 10209 128 2.000000000
1 34 7 10210 128 2.000000000
1 35 7 10211 128 2.000000000
1 36 7 10212 128 2.000000000
1 37 7 10213 128 2.000000000
1 38 7 10214 128 2.000000000
1 39 7 10215 128 2.000000000
1 40 7 10216 128 2.000000000
1 41 7 10217 128 2.000000000
1 42 7 10218 128 2.000000000
1 43 7 10219 128 2.000000000
1 44 7 10220 128 2.000000000
1 45 7 10221 128 2.000000000
1 46 7 10222 128 2.000000000
1 47 7 10223 128 2.000000000
1 48 7 10224 128 2.000000000
1 49 7 10225 128 2.000000000
1 50 7 10226 128 2.000000000
1 51 7 10227 128 2.000000000
1 52 7 10228 128 2.000000000
1 53 7 10229 128 2.000000000
1 54 7 10230 128 2.000000000
1 55 7 10231 128 2.000000000
1 56 7 10232 128 2.000000000
1 57 7 10233 128 2.000000000
1 58 7 10234 128 2.000000000
1 59 7 10235 128 2.000000000
1 60 7 10236 128 2.000000000
1 61 7 10237 128 2.000000000
1 62 7 10238 128 2.000000000
1 63 7 10239 128 2.000000000
2 8 7 10240 128 2.000000000
2 9 7 10241 128 2.000000000
2 10 7 10242 128 2.000000000
2 11 7 10243 128 2.000000000
2 12 7 10244 128 2.000000000
2 13 7 10245 128 2.000000000
2 14 7 10246 128 2.000000000
2 15 7 10247 128 2.000000000
2 16 7 10248 128 2.000000000
2 17 7 10249 128 2.000000000
2 18 7 10250 128 2.000000000
2 19 7 10251 128 2.000000000
2 20 7 10252 128 2.000000000
2 21 7 10253 128 2.000000000
2 22 7 10254 128 2.000000000
2 23 7 10255 128 2.000000000
2 24 7 10256 128 2.000000000
2 25 7 10257 128 2.000000000
2 26 7 10258 128 2.000000000
2 27 7 10259 128 2.000000000
2 28 7 10260 128 2.000000000
2 29 7 10261 128 2.000000000
2 30 7 10262 128 2.000000000
2 31 7 10263 128 2.000000000
2 32 7 10264 128 2.000000000
2 33 7 10265 128 2.000000000
2 34 7 10266 128 2.000000000
2 35 7 10267 128 2.000000000
2 36 7 10268 128 2.000000000
2 37 7 10269 128 2.000000000
2 38 7 10270 128 2.000000000
2 39 7 10271 128 2.000000000
2 40 7 10272 128 2.000000000
2 41 7 10273 128 2.000000000
2 42 7 10274 128 2.000000000
2 43 7 10275 128 2.000000000
2 44 7 10276 128 2.000000000
2 45 7 10277 128 2.000000000
2 46 7 10278 128 2.000000000
2 47 7 10279 128 2.000000000
2 48 7 10280 128 2.000000000
2 49 7 10281 128 2.000000000
2 50 7 10282 128 2.000000000
2 51 7 10283 128 2.000000000
2 52 7 10284 128 2.000000000
2 53 7 10285 128 2.000000000
2 54 7 10286 128 2.000000000
2 55 7 10287 128 2.000000000
2 56 7 10288 128 2.000000000
2 57 7 10289 128 2.000000000
2 58 7 10290 128 2.000000000
2 59 7 10291 128 2.000000000
2 60 7 10292 128 2.000000000
2 61 7 10293 128 2.000000000
2 62 7 10294 128 2.000000000
2 63 7 10295 128 2.000000000
3 8 7 10296 128 2.000000000
3 9 7 10297 128 2.000000000
3 10 7 10298 128 2.000000000
3 11 7 10299 128 2.000000000
3 12 7 10300 128 2.000000000
3 13 7 10301 128 2.000000000
3 14 7 10302 128 2.000000000
3 15 7 10303 128 2.000000000
3 16 7 10304 128 2.000000000
3 17 7 10305 128 2.000000000
3 18 7 10306 128 2.000000000
3 19 7 10307 128 2.000000000
3 20 7 10308 128 2.000000000
3 21 7 10309 128 2.000000000
3 22 7 10310 128 2.000000000
3 23 7 10311 128 2.000000000
3 24 7 10312 128 2.000000000
3 25 7 10313 128 2.000000000
3 26 7 10314 128 2.000000000
3 27 7 10315 128 2.000000000
3 28 7 10316 128 2.000000000
3 29 7 10317 128 2.000000000
3 30 7 10318 128 2.000000000
3 31 7 10319 128 2.000000000
3 32 7 10320 128 2.000000000
3 33 7 10321 128 2.000000000
3 34 7 10322 128 2.000000000
3 35 7 10323 128 2.000000000
3 36 7 10324 128 2.000000000
3 37 7 10325 128 2.000000000
3 38 7 10326 128 2.000000000
3 39 7 10327 128 2.000000000
3 40 7 10328 128 2.000000000
3 41 7 10329 128 2.000000000
3 42 7 10330 128 2.000000000
3 43 7 10331 128 2.000000000
3 44 7 10332 128 2.000000000
3 45 7 10333 128 2.000000000
3 46 7 10334 128 2.000000000
3 47 7 10335 128 2.000000000
3 48 7 10336 128 2.000000000
3 49 7 10337 128 2.000000000
3 50 7 10338 128 2.000000000
3 51 7 10339 128 2.000000000
3 52 7 10340 128 2.000000000
3 53 7 10341 128 2.000000000
3 54 7 10342 128 2.000000000
3 55 7 10343 128 2.000000000
3 56 7 10344 128 2.000000000
3 57 7 10345 128 2.000000000
3 58 7 10346 128 2.000000000
3 59 7 10347 128 2.000000000
3 60 7 10348 128 2.000000000
3 61 7 10349 128 2.000000000
3 62 7 10350 128 2.000000000
3 63 7 10351 128 2.000000000
4 8 7 10352 128 2.000000000
4 9 7 10353 128 2.000000000
4 10 7 10354 128 2.000000000
4 11 7 10355 128 2.000000000
4 12 7 10356 128 2.000000000
4 13 7 10357 128 2.000000000
4 14 7 10358 128 2.000000000
4 15 7 10359 128 2.000000000
4 16 7 10360 128 2.000000000
4 17 7 10361 128 2.000000000
4 18 7 10362 128 2.000000000
4 19 7 10363 128 2.000000000
4 20 7 10364 128 2.000000000
4 21 7 10365 128 2.000000000
4 22 7 10366 128 2.000000000
4 23 7 10367 128 2.000000000
4 24 7 10368 128 2.000000000
4 25 7 10369 128 2.000000000
4 26 7 10370 128 2.000000000
4 27 7 10371 128 2.000000000
4 28 7 10372 128 2.000000000
4 29 7 10373 128 2.000000000
4 30 7 10374 128 2.000000000
4 31 7 10375 128 2.000000000
4 32 7 10376 128 2.000000000
4 33 7 10377 128 2.000000000
4 34 7 10378 128 2.000000000
4 35 7 10379 128 2.000000000
4 36 7 10380 128 2.000000000
4 37 7 10381 128 2.000000000
4 38 7 10382 128 2.000000000
4 39 7 10383 128 2.000000000
4 40 7 10384 128 2.000000000
4 41 7 10385 128 2.000000000
4 42 7 10386 128 2.000000000
4 43 7 10387 128 2.000000000
4 44 7 10388 128 2.000000000
4 45 7 10389 128 2.000000000
4 46 7 10390 128 2.000000000
4 47 7 10391 128 2.000000000
4 48 7 10392 128 2.000000000
4 49 7 10393 128 2.000000000
4 50 7 10394 128 2.000000000
4 51 7 10395 128 2.000000000
4 52 7 10396 128 2.000000000
4 53 7 10397 128 2.000000000
4 54 7 10398 128 2.000000000
4 55 7 10399 128 2.000000000
4 56 7 10400 128 2.000000000
4 57 7 10401 128 2.000000000
4 58 7 10402 128 2.000000000
4 59 7 10403 128 2.000000000
4 60 7 10404 128 2.000000000
4 61 7 10405 128 2.000000000
4 62 7 10406 128 2.000000000
4 63 7 10407 128 2.000000000
5 8 7 10408 128 2.000000000
5 9 7 10409 128 2.000000000
5 10 7 10410 128 2.000000000
5 11 7 10411 128 2.000000000
5 12 7 10412 128 2.000000000
5 13 7 10413 128 2.000000000
5 14 7 10414 128 2.000000000
5 15 7 10415 128 2.000000000
5 16 7 10416 128 2.000000000
5 17 7 10417 128 2.000000000
5 18 7 10418 128 2.000000000
5 19 7 10419 128 2.000000000
5 20 7 10420 128 2.000000000
5 21 7 10421 128 2.000000000
5 22 7 10422 128 2.000000000
5 23 7 10423 128 2.000000000
5 24 7 10424 128 2.000000000
5 25 7 10425 128 2.000000000
5 26 7 10426 128 2.000000000
5 27 7 10427 128 2.000000000
5 28 7 10428 128 2.000000000
5 29 7 10429 128 2.000000000
5 30 7 10430 128 2.000000000
5 31 7 10431 128 2.000000000
5 32 7 10432 128 2.000000000
5 33 7 10433 128 2.000000000
5 34 7 10434 128 2.000000000
5 35 7 10435 128 2.000000000
5 36 7 10436 128 2.000000000
5 37 7 10437 128 2.000000000
5 38 7 10438 128 2.000000000
5 39 7 10439 128 2.000000000
5 40 7 10440 128 2.000000000
5 41 7 10441 128 2.000000000
5 42 7 10442 128 2.000000000
5 43 7 10443 128 2.000000000
5 44 7 10444 128 2.000000000
5 45 7 10445 128 2.000000000
5 46 7 10446 128 2.000000000
5 47 7 10447 128 2.000000000
5 48 7 10448 128 2.000000000
5 49 7 10449 128 2.000000000
5 50 7 10450 128 2.000000000
5 51 7 10451 128 2.000000000
5 52 7 10452 128 2.000000000
5 53 7 10453 128 2.000000000
5 54 7 10454 128 2.000000000
5 55 7 10455 128 2.000000000
5 56 7 10456 128 2.000000000
5 57 7 10457 128 2.000000000
5 58 7 10458 128 2.000000000
5 59 7 10459 128 2.000000000
5 60 7 10460 128 2.000000000
5 61 7 10461 128 2.000000000
5 62 7 10462 128 2.000000000
5 63 7 10463 128 2.000000000
6 8 7 10464 128 2.000000000
6 9 7 10465 128 2.000000000
6 10 7 10466 128 2.000000000
6 11 7 10467 128 2.000000000
6 12 7 10468 128 2.000000000
6 13 7 10469 128 2.000000000
6 14 7 10470 128 2.000000000
6 15 7 10471 128 2.000000000
6 16 7 10472 128 2.000000000
6 17 7 10473 128 2.000000000
6 18 7 10474 128 2.000000000
6 19 7 10475 128 2.000000000
6 20 7 10476 128 2.000000000
6 21 7 10477 128 2.000000000
6 22 7 10478 128 2.000000000
6 23 7 10479 128 2.000000000
6 24 7 10480 128 2.000000000
6 25 7 10481 128 2.000000000
6 26 7 10482 128 2.000000000
6 27 7 10483 128 2.000000000
6 28 7 10484 128 2.000000000
6 29 7 10485 128 2.000000000
6 30 7 10486 128 2.000000000
6 31 7 10487 128 2.000000000
6 32 7 10488 128 2.000000000
6 33 7 10489 128 2.000000000
6 34 7 10490 128 2.000000000
6 35 7 10491 128 2.000000000
6 36 7 10492 128 2.000000000
6 37 7 10493 128 2.000000000
6 38 7 10494 128 2.000000000
6 39 7 10495 128 2.000000000
6 40 7 10496 128 2.000000000
6 41 7 10497 128 2.000000000
6 42 7 10498 128 2.000000000
6 43 7 10499 128 2.000000000
6 44 7 10500 128 2.000000000
6 45 7 10501 128 2.000000000
6 46 7 10502 128 2.000000000
6 47 7 10503 128 2.000000000
6 48 7 10504 128 2.000000000
6 49 7 10505 128 2.000000000
6 50 7 10506 128 2.000000000
6 51 7 10507 128 2.000000000
6 52 7 10508 128 2.000000000
6 53 7 10509 128 2.000000000
6 54 7 10510 128 2.000000000
6 55 7 10511 128 2.000000000
6 56 7 10512 128 2.000000000
6 57 7 10513 128 2.000000000
6 58 7 10514 128 2.000000000
6 59 7 10515 128 2.000000000
6 60 7 10516 128 2.000000000
6 61 7 10517 128 2.000000000
6 62 7 10518 128 2.000000000
6 63 7 10519 128 2.000000000
7 8 7 10520 128 2.000000000
7 9 7 10521 128 2.000000000
7 10 7 10522 128 2.000000000
7 11 7 10523 128 2.000000000
7 12 7 10524 128 2.000000000
7 13 7 10525 128 2.000000000
7 14 7 10526 128 2.000000000
7 15 7 10527 128 2.000000000
7 16 7 10528 128 2.000000000
7 17 7 10529 128 2.000000000
7 18 7 10530 128 2.000000000
7 19 7 10531 128 2.000000000
7 20 7 10532 128 2.000000000
7 21 7 10533 128 2.000000000
7 22 7 10534 128 2.000000000
7 23 7 10535 128 2.000000000
7 24 7 10536 128 2.000000000
7 25 7 10537 128 2.000000000
7 26 7 10538 128 2.000000000
7 27 7 10539 128 2.000000000
7 28 7 10540 128 2.000000000
7 29 7 10541 128 2.000000000
7 30 7 10542 128 2.000000000
7 31 7 10543 128 2.000000000
7 32 7 10544 128 2.000000000
7 33 7 10545 128 2.000000000
7 34 7 10546 128 2.000000000
7 35 7 10547 128 2.000000000
7 36 7 10548 128 2.000000000
7 37 7 10549 128 2.000000000
7 38 7 10550 128 2.000000000
7 39 7 10551 128 2.000000000
7 40 7 10552 128 2.000000000
7 41 7 10553 128 2.000000000
7 42 7 10554 128 2.000000000
7 43 7 10555 128 2.000000000
7 44 7 10556 128 2.000000000
7 45 7 10557 128 2.000000000
7 46 7 10558 128 2.000000000
7 47 7 10559 128 2.000000000
7 48 7 10560 128 2.000000000
7 49 7 10561 128 2.000000000
7 50 7 10562 128 2.000000000
7 51 7 10563 128 2.000000000
7 52 7 10564 128 2.000000000
7 53 7 10565 128 2.000000000
7 54 7 10566 128 2.000000000
7 55 7 10567 128 2.000000000
7 56 7 10568 128 2.000000000
7 57 7 10569 128 2.000000000
7 58 7 10570 128 2.000000000
7 59 7 10571 128 2.000000000
7 60 7 10572 128 2.000000000
7 61 7 10573 128 2.000000000
7 62 7 10574 128 2.000000000
7 63 7 10575 128 2.000000000
8 0 7 10576 128 2.000000000
8 1 7 10577 128 2.000000000
8 2 7 10578 128 2.000000000
8 3 7 10579 128 2.000000000
8 4 7 10580 128 2.000000000
8 5 7 10581 128 2.000000000
8 6 7 10582 128 2.000000000
8 7 7 10583 128 2.000000000
8 16 7 10584 128 2.000000000
8 17 7 10585 128 2.000000000
8 18 7 10586 128 2.000000000
8 19 7 10587 128 2.000000000
8 20 7 10588 128 2.000000000
8 21 7 10589 128 2.000000000
8 22 7 10590 128 2.000000000
8 23 7 10591 128 2.000000000
8 24 7 10592 128 2.000000000
8 25 7 10593 128 2.000000000
8 26 7 10594 128 2.000000000
8 27 7 10595 128 2.000000000
8 28 7 10596 128 2.000000000
8 29 7 10597 128 2.000000000
8 30 7 10598 128 2.000000000
8 31 7 10599 128 2.000000000
8 32 7 10600 128 2.000000000
8 33 7 10601 128 2.000000000
8 34 7 10602 128 2.000000000
8 35 7 10603 128 2.000000000
8 36 7 10604 128 2.000000000
8 37 7 10605 128 2.000000000
8 38 7 10606 128 2.000000000
8 39 7 10607 128 2.000000000
8 40 7 10608 128 2.000000000
8 41 7 10609 128 2.000000000
8 42 7 10610 128 2.000000000
8 43 7 10611 128 2.000000000
8 44 7 10612 128 2.000000000
8 45 7 10613 128 2.000000000
8 46 7 10614 128 2.000000000
8 47 7 10615 128 2.000000000
8 48 7 10616 128 2.000000000
8 49 7 10617 128 2.000000000
8 50 7 10618 128 2.000000000
8 51 7 10619 128 2.000000000
8 52 7 10620 128 2.000000000
8 53 7 10621 128 2.000000000
8 54 7 10622 128 2.000000000
8 55 7 10623 128 2.000000000
8 56 7 10624 128 2.000000000
8 57 7 10625 128 2.000000000
8 58 7 10626 128 2.000000000
8 59 7 10627 128 2.000000000
8 60 7 10628 128 2.000000000
8 61 7 10629 128 2.000000000
8 62 7 10630 128 2.000000000
8 63 7 10631 128 2.000000000
9 0 7 10632 128 2.000000000
9 1 7 10633 128 2.000000000
9 2 7 10634 128 2.000000000
9 3 7 10635 128 2.000000000
9 4 7 10636 128 2.000000000
9 5 7 10637 128 2.000000000
9 6 7 10638 128 2.000000000
9 7 7 10639 128 2.000000000
9 16 7 10640 128 2.000000000
9 17 7 10641 128 2.000000000
9 18 7 10642 128 2.000000000
9 19 7 10643 128 2.000000000
9 20 7 10644 128 2.000000000
9 21 7 10645 128 2.000000000
9 22 7 10646 128 2.000000000
9 23 7 10647 128 2.000000000
9 24 7 10648 128 2.000000000
9 25 7 10649 128 2.000000000
9 26 7 10650 128 2.000000000
9 27 7 10651 128 2.000000000
9 28 7 10652 128 2.000000000
9 29 7 10653 128 2.000000000
9 30 7 10654 128 2.000000000
9 31 7 10655 128 2.000000000
9 32 7 10656 128 2.000000000
9 33 7 10657 128 2.000000000
9 34 7 10658 128 2.000000000
9 35 7 10659 128 2.000000000
9 36 7 10660 128 2.000000000
9 37 7 10661 128 2.000000000
9 38 7 10662 128 2.000000000
9 39 7 10663 128 2.000000000
9 40 7 10664 128 2.000000000
9 41 7 10665 128 2.000000000
9 42 7 10666 128 2.000000000
9 43 7 10667 128 2.000000000
9 44 7 10668 128 2.000000000
9 45 7 10669 128 2.000000000
9 46 7 10670 128 2.000000000
9 47 7 10671 128 2.000000000
9 48 7 10672 128 2.000000000
9 49 7 10673 128 2.000000000
9 50 7 10674 128 2.000000000
9 51 7 10675 128 2.000000000
9 52 7 10676 128 2.000000000
9 53 7 10677 128 2.000000000
9 54 7 10678 128 2.000000000
9 55 7 10679 128 2.000000000
9 56 7 10680 128 2.000000000
9 57 7 10681 128 2.000000000
9 58 7 10682 128 2.000000000
9 59 7 10683 128 2.000000000
9 60 7 10684 128 2.000000000
9 61 7 10685 128 2.000000000
9 62 7 10686 128 2.000000000
9 63 7 10687 128 2.000000000
10 0 7 10688 128 2.000000000
10 1 7 10689 128 2.000000000
10 2 7 10690 128 2.000000000
10 3 7 10691 128 2.000000000
10 4 7 10692 128 2.000000000
10 5 7 10693 128 2.000000000
10 6 7 10694 128 2.000000000
10 7 7 10695 128 2.000000000
10 16 7 10696 128 2.000000000
10 17 7 10697 128 2.000000000
10 18 7 10698 128 2.000000000
10 19 7 10699 128 2.000000000
10 20 7 10700 128 2.000000000
10 21 7 10701 128 2.000000000
10 22 7 10702 128 2.000000000
10 23 7 10703 128 2.000000000
10 24 7 10704 128 2.000000000
10 25 7 10705 128 2.000000000
10 26 7 10706 128 2.000000000
10 27 7 10707 128 2.000000000
10 28 7 10708 128 2.000000000
10 29 7 10709 128 2.000000000
10 30 7 10710 128 2.000000000
10 31 7 10711 128 2.000000000
10 32 7 10712 128 2.000000000
10 33 7 10713 128 2.000000000
10 34 7 10714 128 2.000000000
10 35 7 10715 128 2.000000000
10 36 7 10716 128 2.000000000
10 37 7 10717 128 2.000000000
10 38 7 10718 128 2.000000000
10 39 7 10719 128 2.000000000
10 40 7 10720 128 2.000000000
10 41 7 10721 128 2.000000000
10 42 7 10722 128 2.000000000
10 43 7 10723 128 2.000000000
10 44 7 10724 128 2.000000000
10 45 7 10725 128 2.000000000
10 46 7 10726 128 2.000000000
10 47 7 10727 128 2.000000000
10 48 7 10728 128 2.000000000
10 49 7 10729 128 2.000000000
10 50 7 10730 128 2.000000000
10 51 7 10731 128 2.000000000
10 52 7 10732 128 2.000000000
10 53 7 10733 128 2.000000000
10 54 7 10734 128 2.000000000
10 55 7 10735 128 2.000000000
10 56 7 10736 128 2.000000000
10 57 7 10737 128 2.000000000
10 58 7 10738 128 2.000000000
10 59 7 10739 128 2.000000000
10 60 7 10740 128 2.000000000
10 61 7 10741 128 2.000000000
10 62 7 10742 128 2.000000000
10 63 7 10743 128 2.000000000
11 0 7 10744 128 2.000000000
11 1 7 10745 128 2.000000000
11 2 7 10746 128 2.000000000
11 3 7 10747 128 2.000000000
11 4 7 10748 128 2.000000000
11 5 7 10749 128 2.000000000
11 6 7 10750 128 2.000000000
11 7 7 10751 128 2.000000000
11 16 7 10752 128 2.000000000
11 17 7 10753 128 2.000000000
11 18 7 10754 128 2.000000000
11 19 7 10755 128 2.000000000
11 20 7 10756 128 2.000000000
11 21 7 10757 128 2.000000000
11 22 7 10758 128 2.000000000
11 23 7 10759 128 2.000000000
11 24 7 10760 128 2.000000000
11 25 7 10761 128 2.000000000
11 26 7 10762 128 2.000000000
11 27 7 10763 128 2.000000000
11 28 7 10764 128 2.000000000
11 29 7 10765 128 2.000000000
11 30 7 10766 128 2.000000000
11 31 7 10767 128 2.000000000
11 32 7 10768 128 2.000000000
11 33 7 10769 128 2.000000000
11 34 7 10770 128 2.000000000
11 35 7 10771 128 2.000000000
11 36 7 10772 128 2.000000000
11 37 7 10773 128 2.000000000
11 38 7 10774 128 2.000000000
11 39 7 10775 128 2.000000000
11 40 7 10776 128 2.000000000
11 41 7 10777 128 2.000000000
11 42 7 10778 128 2.000000000
11 43 7 10779 128 2.000000000
11 44 7 10780 128 2.000000000
11 45 7 10781 128 2.000000000
11 46 7 10782 128 2.000000000
11 47 7 10783 128 2.000000000
11 48 7 10784 128 2.000000000
11 49 7 10785 128 2.000000000
11 50 7 10786 128 2.000000000
11 51 7 10787 128 2.000000000
11 52 7 10788 128 2.000000000
11 53 7 10789 128 2.000000000
11 54 7 10790 128 2.000000000
11 55 7 10791 128 2.000000000
11 56 7 10792 128 2.000000000
11 57 7 10793 128 2.000000000
11 58 7 10794 128 2.000000000
11 59 7 10795 128 2.000000000
11 60 7 10796 128 2.000000000
11 61 7 10797 128 2.000000000
11 62 7 10798 128 2.000000000
11 63 7 10799 128 2.000000000
12 0 7 10800 128 2.000000000
12 1 7 10801 128 2.000000000
12 2 7 10802 128 2.000000000
12 3 7 10803 128 2.000000000
12 4 7 10804 128 2.000000000
12 5 7 10805 128 2.000000000
12 6 7 10806 128 2.000000000
12 7 7 10807 128 2.000000000
12 16 7 10808 128 2.000000000
12 17 7 10809 128 2.000000000
12 18 7 10810 128 2.000000000
12 19 7 10811 128 2.000000000
12 20 7 10812 128 2.000000000
12 21 7 10813 128 2.000000000
12 22 7 10814 128 2.000000000
12 23 7 10815 128 2.000000000
12 24 7 10816 128 2.000000000
12 25 7 10817 128 2.000000000
12 26 7 10818 128 2.000000000
12 27 7 10819 128 2.000000000
12 28 7 10820 128 2.000000000
12 29 7 10821 128 2.000000000
12 30 7 10822 128 2.000000000
12 31 7 10823 128 2.000000000
12 32 7 10824 128 2.000000000
12 33 7 10825 128 2.000000000
12 34 7 10826 128 2.000000000
12 35 7 10827 128 2.000000000
12 36 7 10828 128 2.000000000
12 37 7 10829 128 2.000000000
12 38 7 10830 128 2.000000000
12 39 7 10831 128 2.000000000
12 40 7 10832 128 2.000000000
12 41 7 10833 128 2.000000000
12 42 7 10834 128 2.000000000
12 43 7 10835 128 2.000000000
12 44 7 10836 128 2.000000000
12 45 7 10837 128 2.000000000
12 46 7 10838 128 2.000000000
12 47 7 10839 128 2.000000000
12 48 7 10840 128 2.000000000
12 49 7 10841 128 2.000000000
12 50 7 10842 128 2.000000000
12 51 7 10843 128 2.000000000
12 52 7 10844 128 2.000000000
12 53 7 10845 128 2.000000000
12 54 7 10846 128 2.000000000
12 55 7 10847 128 2.000000000
12 56 7 10848 128 2.000000000
12 57 7 10849 128 2.000000000
12 58 7 10850 128 2.000000000
12 59 7 10851 128 2.000000000
12 60 7 10852 128 2.000000000
12 61 7 10853 128 2.000000000
12 62 7 10854 128 2.000000000
12 63 7 10855 128 2.000000000
13 0 7 10856 128 2.000000000
13 1 7 10857 128 2.000000000
13 2 7 10858 128 2.000000000
13 3 7 10859 128 2.000000000
13 4 7 10860 128 2.000000000
13 5 7 10861 128 2.000000000
13 6 7 10862 128 2.000000000
13 7 7 10863 128 2.000000000
13 16 7 10864 128 2.000000000
13 17 7 10865 128 2.000000000
13 18 7 10866 128 2.000000000
13 19 7 10867 128 2.000000000
13 20 7 10868 128 2.000000000
13 21 7 10869 128 2.000000000
13 22 7 10870 128 2.000000000
13 23 7 10871 128 2.000000000
13 24 7 10872 128 2.000000000
13 25 7 10873 128 2.000000000
13 26 7 10874 128 2.000000000
13 27 7 10875 128 2.000000000
13 28 7 10876 128 2.000000000
13 29 7 10877 128 2.000000000
13 30 7 10878 128 2.000000000
13 31 7 10879 128 2.000000000
13 32 7 10880 128 2.000000000
13 33 7 10881 128 2.000000000
13 34 7 10882 128 2.000000000
13 35 7 10883 128 2.000000000
13 36 7 10884 128 2.000000000
13 37 7 10885 128 2.000000000
13 38 7 10886 128 2.000000000
13 39 7 10887 128 2.000000000
13 40 7 10888 128 2.000000000
13 41 7 10889 128 2.000000000
13 42 7 10890 128 2.000000000
13 43 7 10891 128 2.000000000
13 44 7 10892 128 2.000000000
13 45 7 10893 128 2.000000000
13 46 7 10894 128 2.000000000
13 47 7 10895 128 2.000000000
13 48 7 10896 128 2.000000000
13 49 7 10897 128 2.000000000
13 50 7 10898 128 2.000000000
13 51 7 10899 128 2.000000000
13 52 7 10900 128 2.000000000
13 53 7 10901 128 2.000000000
13 54 7 10902 128 2.000000000
13 55 7 10903 128 2.000000000
13 56 7 10904 128 2.000000000
13 57 7 10905 128 2.000000000
13 58 7 10906 128 2.000000000
13 59 7 10907 128 2.000000000
13 60 7 10908 128 2.000000000
13 61 7 10909 128 2.000000000
13 62 7 10910 128 2.000000000
13 63 7 10911 128 2.000000000
14 0 7 10912 128 2.000000000
14 1 7 10913 128 2.000000000
14 2 7 10914 128 2.000000000
14 3 7 10915 128 2.000000000
14 4 7 10916 128 2.000000000
14 5 7 10917 128 2.000000000
14 6 7 10918 128 2.000000000
14 7 7 10919 128 2.000000000
14 16 7 10920 128 2.000000000
14 17 7 10921 128 2.000000000
14 18 7 10922 128 2.000000000
14 19 7 10923 128 2.000000000
14 20 7 10924 128 2.000000000
14 21 7 10925 128 2.000000000
14 22 7 10926 128 2.000000000
14 23 7 10927 128 2.000000000
14 24 7 10928 128 2.000000000
14 25 7 10929 128 2.000000000
14 26 7 10930 128 2.000000000
14 27 7 10931 128 2.000000000
14 28 7 10932 128 2.000000000
14 29 7 10933 128 2.000000000
14 30 7 10934 128 2.000000000
14 31 7 10935 128 2.000000000
14 32 7 10936 128 2.000000000
14 33 7 10937 128 2.000000000
14 34 7 10938 128 2.000000000
14 35 7 10939 128 2.000000000
14 36 7 10940 128 2.000000000
14 37 7 10941 128 2.000000000
14 38 7 10942 128 2.000000000
14 39 7 10943 128 2.000000000
14 40 7 10944 128 2.000000000
14 41 7 10945 128 2.000000000
14 42 7 10946 128 2.000000000
14 43 7 10947 128 2.000000000
14 44 7 10948 128 2.000000000
14 45 7 10949 128 2.000000000
14 46 7 10950 128 2.000000000
14 47 7 10951 128 2.000000000
14 48 7 10952 128 2.000000000
14 49 7 10953 128 2.000000000
14 50 7 10954 128 2.000000000
14 51 7 10955 128 2.000000000
14 52 7 10956 128 2.000000000
14 53 7 10957 128 2.000000000
14 54 7 10958 128 2.000000000
14 55 7 10959 128 2.000000000
14 56 7 10960 128 2.000000000
14 57 7 10961 128 2.000000000
14 58 7 10962 128 2.000000000
14 59 7 10963 128 2.000000000
14 60 7 10964 128 2.000000000
14 61 7 10965 128 2.000000000
14 62 7 10966 128 2.000000000
14 63 7 10967 128 2.000000000
15 0 7 10968 128 2.000000000
15 1 7 10969 128 2.000000000
15 2 7 10970 128 2.000000000
15 3 7 10971 128 2.000000000
15 4 7 10972 128 2.000000000
15 5 7 10973 128 2.000000000
15 6 7 10974 128 2.000000000
15 7 7 10975 128 2.000000000
15 16 7 10976 128 2.000000000
15 17 7 10977 128 2.000000000
15 18 7 10978 128 2.000000000
15 19 7 10979 128 2.000000000
15 20 7 10980 128 2.000000000
15 21 7 10981 128 2.000000000
15 22 7 10982 128 2.000000000
15 23 7 10983 128 2.000000000
15 24 7 10984 128 2.000000000
15 25 7 10985 128 2.000000000
15 26 7 10986 128 2.000000000
15 27 7 10987 128 2.000000000
15 28 7 10988 128 2.000000000
15 29 7 10989 128 2.000000000
15 30 7 10990 128 2.000000000
15 31 7 10991 128 2.000000000
15 32 7 10992 128 2.000000000
15 33 7 10993 128 2.000000000
15 34 7 10994 128 2.000000000
15 35 7 10995 128 2.000000000
15 36 7 10996 128 2.000000000
15 37 7 10997 128 2.000000000
15 38 7 10998 128 2.000000000
15 39 7 10999 128 2.000000000
15 40 7 11000 128 2.000000000
15 41 7 11001 128 2.000000000
15 42 7 11002 128 2.000000000
15 43 7 11003 128 2.000000000
15 44 7 11004 128 2.000000000
15 45 7 11005 128 2.000000000
15 46 7 11006 128 2.000000000
15 47 7 11007 128 2.000000000
15 48 7 11008 128 2.000000000
15 49 7 11009 128 2.000000000
15 50 7 11010 128 2.000000000
15 51 7 11011 128 2.000000000
15 52 7 11012 128 2.000000000
15 53 7 11013 128 2.000000000
15 54 7 11014 128 2.000000000
15 55 7 11015 128 2.000000000
15 56 7 11016 128 2.000000000
15 57 7 11017 128 2.000000000
15 58 7 11018 128 2.000000000
15 59 7 11019 128 2.000000000
15 60 7 11020 128 2.000000000
15 61 7 11021 128 2.000000000
15 62 7 11022 128 2.000000000
15 63 7 11023 128 2.000000000
0 64 7 11024 128 2.000000000
1 65 7 11025 128 2.000000000
2 66 7 11026 128 2.000000000
3 67 7 11027 128 2.000000000
4 68 7 11028 128 2.000000000
5 69 7 11029 128 2.000000000
6 70 7 11030 128 2.000000000
7 71 7 11031 128 2.000000000
8 72 7 11032 128 2.000000000
9 73 7 11033 128 2.000000000
10 74 7 11034 128 2.000000000
11 75 7 11035 128 2.000000000
12 76 7 11036 128 2.000000000
13 77 7 11037 128 2.000000000
14 78 7 11038 128 2.000000000
15 79 7 11039 128 2.000000000
