1040
0 1024 7 10000 512 2.000000000
1 1025 7 10001 512 2.000000000
2 1026 7 10002 512 2.000000000
3 1027 7 10003 512 2.000000000
4 1028 7 10004 512 2.000000000
5 1029 7 10005 512 2.000000000
6 1030 7 10006 512 2.000000000
7 1031 7 10007 512 2.000000000
8 1032 7 10008 512 2.000000000
9 1033 7 10009 512 2.000000000
10 1034 7 10010 512 2.000000000
11 1035 7 10011 512 2.000000000
12 1036 7 10012 512 2.000000000
13 1037 7 10013 512 2.000000000
14 1038 7 10014 512 2.000000000
15 1039 7 10015 512 2.000000000
0 4096 7 10016 512 2.000000000
8 4104 7 10017 512 2.000000000
0 2048 7 10018 512 2.000000000
8 2056 7 10019 512 2.000000000
0 128 7 10020 512 2.000000000
8 136 7 10021 512 2.000000000
0 64 7 10022 512 2.000000000
8 72 7 10023 512 2.000000000
0 32 7 10024 512 2.000000000
8 40 7 10025 512 2.000000000
0 16 7 10026 512 2.000000000
8 24 7 10027 512 2.000000000
0 8 7 10028 512 2.000000000
8 0 7 10029 512 2.000000000
1 4097 7 10030 512 2.000000000
9 4105 7 10031 512 2.000000000
1 2049 7 10032 512 2.000000000
9 2057 7 10033 512 2.000000000
1 129 7 10034 512 2.000000000
9 137 7 10035 512 2.000000000
1 65 7 10036 512 2.000000000
9 73 7 10037 512 2.000000000
1 33 7 10038 512 2.000000000
9 41 7 10039 512 2.000000000
1 17 7 10040 512 2.000000000
9 25 7 10041 512 2.000000000
1 9 7 10042 512 2.000000000
9 1 7 10043 512 2.000000000
2 4098 7 10044 512 2.000000000
10 4106 7 10045 512 2.000000000
2 2050 7 10046 512 2.000000000
10 2058 7 10047 512 2.000000000
2 130 7 10048 512 2.000000000
10 138 7 10049 512 2.000000000
2 66 7 10050 512 2.000000000
10 74 7 10051 512 2.000000000
2 34 7 10052 512 2.000000000
10 42 7 10053 512 2.000000000
2 18 7 10054 512 2.000000000
10 26 7 10055 512 2.000000000
2 10 7 10056 512 2.000000000
10 2 7 10057 512 2.000000000
3 4099 7 10058 512 2.000000000
11 4107 7 10059 512 2.000000000
3 2051 7 10060 512 2.000000000
11 2059 7 10061 512 2.000000000
3 131 7 10062 512 2.000000000
11 139 7 10063 512 2.000000000
3 67 7 10064 512 2.000000000
11 75 7 10065 512 2.000000000
3 35 7 10066 512 2.000000000
11 43 7 10067 512 2.000000000
3 19 7 10068 512 2.000000000
11 27 7 10069 512 2.000000000
3 11 7 10070 512 2.000000000
11 3 7 10071 512 2.000000000
4 4100 7 10072 512 2.000000000
12 4108 7 10073 512 2.000000000
4 2052 7 10074 512 2.000000000
12 2060 7 10075 512 2.000000000
4 132 7 10076 512 2.000000000
12 140 7 10077 512 2.000000000
4 68 7 10078 512 2.000000000
12 76 7 10079 512 2.000000000
4 36 7 10080 512 2.000000000
12 44 7 10081 512 2.000000000
4 20 7 10082 512 2.000000000
12 28 7 10083 512 2.000000000
4 12 7 10084 512 2.000000000
12 4 7 10085 512 2.000000000
5 4101 7 10086 512 2.000000000
13 4109 7 10087 512 2.000000000
5 2053 7 10088 512 2.000000000
13 2061 7 10089 512 2.000000000
5 133 7 10090 512 2.000000000
13 141 7 10091 512 2.000000000
5 69 7 10092 512 2.000000000
13 77 7 10093 512 2.000000000
5 37 7 10094 512 2.000000000
13 45 7 10095 512 2.000000000
5 21 7 10096 512 2.000000000
13 29 7 10097 512 2.000000000
5 13 7 10098 512 2.000000000
13 5 7 10099 512 2.000000000
6 4102 7 10100 512 2.000000000
14 4110 7 10101 512 2.000000000
6 2054 7 10102 512 2.000000000
14 2062 7 10103 512 2.000000000
6 134 7 10104 512 2.000000000
14 142 7 10105 512 2.000000000
6 70 7 10106 512 2.000000000
14 78 7 10107 512 2.000000000
6 38 7 10108 512 2.000000000
14 46 7 10109 512 2.000000000
6 22 7 10110 512 2.000000000
14 30 7 10111 512 2.000000000
6 14 7 10112 512 2.000000000
14 6 7 10113 512 2.000000000
7 4103 7 10114 512 2.000000000
15 4111 7 10115 512 2.000000000
7 2055 7 10116 512 2.000000000
15 2063 7 10117 512 2.000000000
7 135 7 10118 512 2.000000000
15 143 7 10119 512 2.000000000
7 71 7 10120 512 2.000000000
15 79 7 10121 512 2.000000000
7 39 7 10122 512 2.000000000
15 47 7 10123 512 2.000000000
7 23 7 10124 512 2.000000000
15 31 7 10125 512 2.000000000
7 15 7 10126 512 2.000000000
15 7 7 10127 512 2.000000000
0 8 7 10128 512 2.000000000
0 9 7 10129 512 2.000000000
0 10 7 10130 512 2.000000000
0 11 7 10131 512 2.000000000
0 12 7 10132 512 2.000000000
0 13 7 10133 512 2.000000000
0 14 7 10134 512 2.000000000
0 15 7 10135 512 2.000000000
0 16 7 10136 512 2.000000000
0 17 7 10137 512 2.000000000
0 18 7 10138 512 2.000000000
0 19 7 10139 512 2.000000000
0 20 7 10140 512 2.000000000
0 21 7 10141 512 2.000000000
0 22 7 10142 512 2.000000000
0 23 7 10143 512 2.000000000
0 24 7 10144 512 2.000000000
0 25 7 10145 512 2.000000000
0 26 7 10146 512 2.000000000
0 27 7 10147 512 2.000000000
0 28 7 10148 512 2.000000000
0 29 7 10149 512 2.000000000
0 30 7 10150 512 2.000000000
0 31 7 10151 512 2.000000000
0 32 7 10152 512 2.000000000
0 33 7 10153 512 2.000000000
0 34 7 10154 512 2.000000000
0 35 7 10155 512 2.000000000
0 36 7 10156 512 2.000000000
0 37 7 10157 512 2.000000000
0 38 7 10158 512 2.000000000
0 39 7 10159 512 2.000000000
0 40 7 10160 512 2.000000000
0 41 7 10161 512 2.000000000
0 42 7 10162 512 2.000000000
0 43 7 10163 512 2.000000000
0 44 7 10164 512 2.000000000
0 45 7 10165 512 2.000000000
0 46 7 10166 512 2.000000000
0 47 7 10167 512 2.000000000
0 48 7 10168 512 2.000000000
0 49 7 10169 512 2.000000000
0 50 7 10170 512 2.000000000
0 51 7 10171 512 2.000000000
0 52 7 10172 512 2.000000000
0 53 7 10173 512 2.000000000
0 54 7 10174 512 2.000000000
0 55 7 10175 512 2.000000000
0 56 7 10176 512 2.000000000
0 57 7 10177 512 2.000000000
0 58 7 10178 512 2.000000000
0 59 7 10179 512 2.000000000
0 60 7 10180 512 2.000000000
0 61 7 10181 512 2.000000000
0 62 7 10182 512 2.000000000
0 63 7 10183 512 2.000000000
1 8 7 10184 512 2.000000000
1 9 7 10185 512 2.000000000
1 10 7 10186 512 2.000000000
1 11 7 10187 512 2.000000000
1 12 7 10188 512 2.000000000
1 13 7 10189 512 2.000000000
1 14 7 10190 512 2.000000000
1 15 7 10191 512 2.000000000
1 16 7 10192 512 2.000000000
1 17 7 10193 512 2.000000000
1 18 7 10194 512 2.000000000
1 19 7 10195 512 2.000000000
1 20 7 10196 512 2.000000000
1 21 7 10197 512 2.000000000
1 22 7 10198 512 2.000000000
1 23 7 10199 512 2.000000000
1 24 7 10200 512 2.000000000
1 25 7 10201 512 2.000000000
1 26 7 10202 512 2.000000000
1 27 7 10203 512 2.000000000
1 28 7 10204 512 2.000000000
1 29 7 10205 512 2.000000000
1 30 7 10206 512 2.000000000
1 31 7 10207 512 2.000000000
1 32 7 10208 512 2.000000000
1 33 7 10209 512 2.000000000
1 34 7 10210 512 2.000000000
1 35 7 10211 512 2.000000000
1 36 7 10212 512 2.000000000
1 37 7 10213 512 2.000000000
1 38 7 10214 512 2.000000000
1 39 7 10215 512 2.000000000
1 40 7 10216 512 2.000000000
1 41 7 10217 512 2.000000000
1 42 7 10218 512 2.000000000
1 43 7 10219 512 2.000000000
1 44 7 10220 512 2.000000000
1 45 7 10221 512 2.000000000
1 46 7 10222 512 2.000000000
1 47 7 10223 512 2.000000000
1 48 7 10224 512 2.000000000
1 49 7 10225 512 2.000000000
1 50 7 10226 512 2.000000000
1 51 7 10227 512 2.000000000
1 52 7 10228 512 2.000000000
1 53 7 10229 512 2.000000000
1 54 7 10230 512 2.000000000
1 55 7 10231 512 2.000000000
1 56 7 10232 512 2.000000000
1 57 7 10233 512 2.000000000
1 58 7 10234 512 2.000000000
1 59 7 10235 512 2.000000000
1 60 7 10236 512 2.000000000
1 61 7 10237 512 2.000000000
1 62 7 10238 512 2.000000000
1 63 7 10239 512 2.000000000
2 8 7 10240 512 2.000000000
2 9 7 10241 512 2.000000000
2 10 7 10242 512 2.000000000
2 11 7 10243 512 2.000000000
2 12 7 10244 512 2.000000000
2 13 7 10245 512 2.000000000
2 14 7 10246 512 2.000000000
2 15 7 10247 512 2.000000000
2 16 7 10248 512 2.000000000
2 17 7 10249 512 2.000000000
2 18 7 10250 512 2.000000000
2 19 7 10251 512 2.000000000
2 20 7 10252 512 2.000000000
2 21 7 10253 512 2.000000000
2 22 7 10254 512 2.000000000
2 23 7 10255 512 2.000000000
2 24 7 10256 512 2.000000000
2 25 7 10257 512 2.000000000
2 26 7 10258 512 2.000000000
2 27 7 10259 512 2.000000000
2 28 7 10260 512 2.000000000
2 29 7 10261 512 2.000000000
2 30 7 10262 512 2.000000000
2 31 7 10263 512 2.000000000
2 32 7 10264 512 2.000000000
2 33 7 10265 512 2.000000000
2 34 7 10266 512 2.000000000
2 35 7 10267 512 2.000000000
2 36 7 10268 512 2.000000000
2 37 7 10269 512 2.000000000
2 38 7 10270 512 2.000000000
2 39 7 10271 512 2.000000000
2 40 7 10272 512 2.000000000
2 41 7 10273 512 2.000000000
2 42 7 10274 512 2.000000000
2 43 7 10275 512 2.000000000
2 44 7 10276 512 2.000000000
2 45 7 10277 512 2.000000000
2 46 7 10278 512 2.000000000
2 47 7 10279 512 2.000000000
2 48 7 10280 512 2.000000000
2 49 7 10281 512 2.000000000
2 50 7 10282 512 2.000000000
2 51 7 10283 512 2.000000000
2 52 7 10284 512 2.000000000
2 53 7 10285 512 2.000000000
2 54 7 10286 512 2.000000000
2 55 7 10287 512 2.000000000
2 56 7 10288 512 2.000000000
2 57 7 10289 512 2.000000000
2 58 7 10290 512 2.000000000
2 59 7 10291 512 2.000000000
2 60 7 10292 512 2.000000000
2 61 7 10293 512 2.000000000
2 62 7 10294 512 2.000000000
2 63 7 10295 512 2.000000000
3 8 7 10296 512 2.000000000
3 9 7 10297 512 2.000000000
3 10 7 10298 512 2.000000000
3 11 7 10299 512 2.000000000
3 12 7 10300 512 2.000000000
3 13 7 10301 512 2.000000000
3 14 7 10302 512 2.000000000
3 15 7 10303 512 2.000000000
3 16 7 10304 512 2.000000000
3 17 7 10305 512 2.000000000
3 18 7 10306 512 2.000000000
3 19 7 10307 512 2.000000000
3 20 7 10308 512 2.000000000
3 21 7 10309 512 2.000000000
3 22 7 10310 512 2.000000000
3 23 7 10311 512 2.000000000
3 24 7 10312 512 2.000000000
3 25 7 10313 512 2.000000000
3 26 7 10314 512 2.000000000
3 27 7 10315 512 2.000000000
3 28 7 10316 512 2.000000000
3 29 7 10317 512 2.000000000
3 30 7 10318 512 2.000000000
3 31 7 10319 512 2.000000000
3 32 7 10320 512 2.000000000
3 33 7 10321 512 2.000000000
3 34 7 10322 512 2.000000000
3 35 7 10323 512 2.000000000
3 36 7 10324 512 2.000000000
3 37 7 10325 512 2.000000000
3 38 7 10326 512 2.000000000
3 39 7 10327 512 2.000000000
3 40 7 10328 512 2.000000000
3 41 7 10329 512 2.000000000
3 42 7 10330 512 2.000000000
3 43 7 10331 512 2.000000000
3 44 7 10332 512 2.000000000
3 45 7 10333 512 2.000000000
3 46 7 10334 512 2.000000000
3 47 7 10335 512 2.000000000
3 48 7 10336 512 2.000000000
3 49 7 10337 512 2.000000000
3 50 7 10338 512 2.000000000
3 51 7 10339 512 2.000000000
3 52 7 10340 512 2.000000000
3 53 7 10341 512 2.000000000
3 54 7 10342 512 2.000000000
3 55 7 10343 512 2.000000000
3 56 7 10344 512 2.000000000
3 57 7 10345 512 2.000000000
3 58 7 10346 512 2.000000000
3 59 7 10347 512 2.000000000
3 60 7 10348 512 2.000000000
3 61 7 10349 512 2.000000000
3 62 7 10350 512 2.000000000
3 63 7 10351 512 2.000000000
4 8 7 10352 512 2.000000000
4 9 7 10353 512 2.000000000
4 10 7 10354 512 2.000000000
4 11 7 10355 512 2.000000000
4 12 7 10356 512 2.000000000
4 13 7 10357 512 2.000000000
4 14 7 10358 512 2.000000000
4 15 7 10359 512 2.000000000
4 16 7 10360 512 2.000000000
4 17 7 10361 512 2.000000000
4 18 7 10362 512 2.000000000
4 19 7 10363 512 2.000000000
4 20 7 10364 512 2.000000000
4 21 7 10365 512 2.000000000
4 22 7 10366 512 2.000000000
4 23 7 10367 512 2.000000000
4 24 7 10368 512 2.000000000
4 25 7 10369 512 2.000000000
4 26 7 10370 512 2.000000000
4 27 7 10371 512 2.000000000
4 28 7 10372 512 2.000000000
4 29 7 10373 512 2.000000000
4 30 7 10374 512 2.000000000
4 31 7 10375 512 2.000000000
4 32 7 10376 512 2.000000000
4 33 7 10377 512 2.000000000
4 34 7 10378 512 2.000000000
4 35 7 10379 512 2.000000000
4 36 7 10380 512 2.000000000
4 37 7 10381 512 2.000000000
4 38 7 10382 512 2.000000000
4 39 7 10383 512 2.000000000
4 40 7 10384 512 2.000000000
4 41 7 10385 512 2.000000000
4 42 7 10386 512 2.000000000
4 43 7 10387 512 2.000000000
4 44 7 10388 512 2.000000000
4 45 7 10389 512 2.000000000
4 46 7 10390 512 2.000000000
4 47 7 10391 512 2.000000000
4 48 7 10392 512 2.000000000
4 49 7 10393 512 2.000000000
4 50 7 10394 512 2.000000000
4 51 7 10395 512 2.000000000
4 52 7 10396 512 2.000000000
4 53 7 10397 512 2.000000000
4 54 7 10398 512 2.000000000
4 55 7 10399 512 2.000000000
4 56 7 10400 512 2.000000000
4 57 7 10401 512 2.000000000
4 58 7 10402 512 2.000000000
4 59 7 10403 512 2.000000000
4 60 7 10404 512 2.000000000
4 61 7 10405 512 2.000000000
4 62 7 10406 512 2.000000000
4 63 7 10407 512 2.000000000
5 8 7 10408 512 2.000000000
5 9 7 10409 512 2.000000000
5 10 7 10410 512 2.000000000
5 11 7 10411 512 2.000000000
5 12 7 10412 512 2.000000000
5 13 7 10413 512 2.000000000
5 14 7 10414 512 2.000000000
5 15 7 10415 512 2.000000000
5 16 7 10416 512 2.000000000
5 17 7 10417 512 2.000000000
5 18 7 10418 512 2.000000000
5 19 7 10419 512 2.000000000
5 20 7 10420 512 2.000000000
5 21 7 10421 512 2.000000000
5 22 7 10422 512 2.000000000
5 23 7 10423 512 2.000000000
5 24 7 10424 512 2.000000000
5 25 7 10425 512 2.000000000
5 26 7 10426 512 2.000000000
5 27 7 10427 512 2.000000000
5 28 7 10428 512 2.000000000
5 29 7 10429 512 2.000000000
5 30 7 10430 512 2.000000000
5 31 7 10431 512 2.000000000
5 32 7 10432 512 2.000000000
5 33 7 10433 512 2.000000000
5 34 7 10434 512 2.000000000
5 35 7 10435 512 2.000000000
5 36 7 10436 512 2.000000000
5 37 7 10437 512 2.000000000
5 38 7 10438 512 2.000000000
5 39 7 10439 512 2.000000000
5 40 7 10440 512 2.000000000
5 41 7 10441 512 2.000000000
5 42 7 10442 512 2.000000000
5 43 7 10443 512 2.000000000
5 44 7 10444 512 2.000000000
5 45 7 10445 512 2.000000000
5 46 7 10446 512 2.000000000
5 47 7 10447 512 2.000000000
5 48 7 10448 512 2.000000000
5 49 7 10449 512 2.000000000
5 50 7 10450 512 2.000000000
5 51 7 10451 512 2.000000000
5 52 7 10452 512 2.000000000
5 53 7 10453 512 2.000000000
5 54 7 10454 512 2.000000000
5 55 7 10455 512 2.000000000
5 56 7 10456 512 2.000000000
5 57 7 10457 512 2.000000000
5 58 7 10458 512 2.000000000
5 59 7 10459 512 2.000000000
5 60 7 10460 512 2.000000000
5 61 7 10461 512 2.000000000
5 62 7 10462 512 2.000000000
5 63 7 10463 512 2.000000000
6 8 7 10464 512 2.000000000
6 9 7 10465 512 2.000000000
6 10 7 10466 512 2.000000000
6 11 7 10467 512 2.000000000
6 12 7 10468 512 2.000000000
6 13 7 10469 512 2.000000000
6 14 7 10470 512 2.000000000
6 15 7 10471 512 2.000000000
6 16 7 10472 512 2.000000000
6 17 7 10473 512 2.000000000
6 18 7 10474 512 2.000000000
6 19 7 10475 512 2.000000000
6 20 7 10476 512 2.000000000
6 21 7 10477 512 2.000000000
6 22 7 10478 512 2.000000000
6 23 7 10479 512 2.000000000
6 24 7 10480 512 2.000000000
6 25 7 10481 512 2.000000000
6 26 7 10482 512 2.000000000
6 27 7 10483 512 2.000000000
6 28 7 10484 512 2.000000000
6 29 7 10485 512 2.000000000
6 30 7 10486 512 2.000000000
6 31 7 10487 512 2.000000000
6 32 7 10488 512 2.000000000
6 33 7 10489 512 2.000000000
6 34 7 10490 512 2.000000000
6 35 7 10491 512 2.000000000
6 36 7 10492 512 2.000000000
6 37 7 10493 512 2.000000000
6 38 7 10494 512 2.000000000
6 39 7 10495 512 2.000000000
6 40 7 10496 512 2.000000000
6 41 7 10497 512 2.000000000
6 42 7 10498 512 2.000000000
6 43 7 10499 512 2.000000000
6 44 7 10500 512 2.000000000
6 45 7 10501 512 2.000000000
6 46 7 10502 512 2.000000000
6 47 7 10503 512 2.000000000
6 48 7 10504 512 2.000000000
6 49 7 10505 512 2.000000000
6 50 7 10506 512 2.000000000
6 51 7 10507 512 2.000000000
6 52 7 10508 512 2.000000000
6 53 7 10509 512 2.000000000
6 54 7 10510 512 2.000000000
6 55 7 10511 512 2.000000000
6 56 7 10512 512 2.000000000
6 57 7 10513 512 2.000000000
6 58 7 10514 512 2.000000000
6 59 7 10515 512 2.000000000
6 60 7 10516 512 2.000000000
6 61 7 10517 512 2.000000000
6 62 7 10518 512 2.000000000
6 63 7 10519 512 2.000000000
7 8 7 10520 512 2.000000000
7 9 7 10521 512 2.000000000
7 10 7 10522 512 2.000000000
7 11 7 10523 512 2.000000000
7 12 7 10524 512 2.000000000
7 13 7 10525 512 2.000000000
7 14 7 10526 512 2.000000000
7 15 7 10527 512 2.000000000
7 16 7 10528 512 2.000000000
7 17 7 10529 512 2.000000000
7 18 7 10530 512 2.000000000
7 19 7 10531 512 2.000000000
7 20 7 10532 512 2.000000000
7 21 7 10533 512 2.000000000
7 22 7 10534 512 2.000000000
7 23 7 10535 512 2.000000000
7 24 7 10536 512 2.000000000
7 25 7 10537 512 2.000000000
7 26 7 10538 512 2.000000000
7 27 7 10539 512 2.000000000
7 28 7 10540 512 2.000000000
7 29 7 10541 512 2.000000000
7 30 7 10542 512 2.000000000
7 31 7 10543 512 2.000000000
7 32 7 10544 512 2.000000000
7 33 7 10545 512 2.000000000
7 34 7 10546 512 2.000000000
7 35 7 10547 512 2.000000000
7 36 7 10548 512 2.000000000
7 37 7 10549 512 2.000000000
7 38 7 10550 512 2.000000000
7 39 7 10551 512 2.000000000
7 40 7 10552 512 2.000000000
7 41 7 10553 512 2.000000000
7 42 7 10554 512 2.000000000
7 43 7 10555 512 2.000000000
7 44 7 10556 512 2.000000000
7 45 7 10557 512 2.000000000
7 46 7 10558 512 2.000000000
7 47 7 10559 512 2.000000000
7 48 7 10560 512 2.000000000
7 49 7 10561 512 2.000000000
7 50 7 10562 512 2.000000000
7 51 7 10563 512 2.000000000
7 52 7 10564 512 2.000000000
7 53 7 10565 512 2.000000000
7 54 7 10566 512 2.000000000
7 55 7 10567 512 2.000000000
7 56 7 10568 512 2.000000000
7 57 7 10569 512 2.000000000
7 58 7 10570 512 2.000000000
7 59 7 10571 512 2.000000000
7 60 7 10572 512 2.000000000
7 61 7 10573 512 2.000000000
7 62 7 10574 512 2.000000000
7 63 7 10575 512 2.000000000
8 0 7 10576 512 2.000000000
8 1 7 10577 512 2.000000000
8 2 7 10578 512 2.000000000
8 3 7 10579 512 2.000000000
8 4 7 10580 512 2.000000000
8 5 7 10581 512 2.000000000
8 6 7 10582 512 2.000000000
8 7 7 10583 512 2.000000000
8 16 7 10584 512 2.000000000
8 17 7 10585 512 2.000000000
8 18 7 10586 512 2.000000000
8 19 7 10587 512 2.000000000
8 20 7 10588 512 2.000000000
8 21 7 10589 512 2.000000000
8 22 7 10590 512 2.000000000
8 23 7 10591 512 2.000000000
8 24 7 10592 512 2.000000000
8 25 7 10593 512 2.000000000
8 26 7 10594 512 2.000000000
8 27 7 10595 512 2.000000000
8 28 7 10596 512 2.000000000
8 29 7 10597 512 2.000000000
8 30 7 10598 512 2.000000000
8 31 7 10599 512 2.000000000
8 32 7 10600 512 2.000000000
8 33 7 10601 512 2.000000000
8 34 7 10602 512 2.000000000
8 35 7 10603 512 2.000000000
8 36 7 10604 512 2.000000000
8 37 7 10605 512 2.000000000
8 38 7 10606 512 2.000000000
8 39 7 10607 512 2.000000000
8 40 7 10608 512 2.000000000
8 41 7 10609 512 2.000000000
8 42 7 10610 512 2.000000000
8 43 7 10611 512 2.000000000
8 44 7 10612 512 2.000000000
8 45 7 10613 512 2.000000000
8 46 7 10614 512 2.000000000
8 47 7 10615 512 2.000000000
8 48 7 10616 512 2.000000000
8 49 7 10617 512 2.000000000
8 50 7 10618 512 2.000000000
8 51 7 10619 512 2.000000000
8 52 7 10620 512 2.000000000
8 53 7 10621 512 2.000000000
8 54 7 10622 512 2.000000000
8 55 7 10623 512 2.000000000
8 56 7 10624 512 2.000000000
8 57 7 10625 512 2.000000000
8 58 7 10626 512 2.000000000
8 59 7 10627 512 2.000000000
8 60 7 10628 512 2.000000000
8 61 7 10629 512 2.000000000
8 62 7 10630 512 2.000000000
8 63 7 10631 512 2.000000000
9 0 7 10632 512 2.000000000
9 1 7 10633 512 2.000000000
9 2 7 10634 512 2.000000000
9 3 7 10635 512 2.000000000
9 4 7 10636 512 2.000000000
9 5 7 10637 512 2.000000000
9 6 7 10638 512 2.000000000
9 7 7 10639 512 2.000000000
9 16 7 10640 512 2.000000000
9 17 7 10641 512 2.000000000
9 18 7 10642 512 2.000000000
9 19 7 10643 512 2.000000000
9 20 7 10644 512 2.000000000
9 21 7 10645 512 2.000000000
9 22 7 10646 512 2.000000000
9 23 7 10647 512 2.000000000
9 24 7 10648 512 2.000000000
9 25 7 10649 512 2.000000000
9 26 7 10650 512 2.000000000
9 27 7 10651 512 2.000000000
9 28 7 10652 512 2.000000000
9 29 7 10653 512 2.000000000
9 30 7 10654 512 2.000000000
9 31 7 10655 512 2.000000000
9 32 7 10656 512 2.000000000
9 33 7 10657 512 2.000000000
9 34 7 10658 512 2.000000000
9 35 7 10659 512 2.000000000
9 36 7 10660 512 2.000000000
9 37 7 10661 512 2.000000000
9 38 7 10662 512 2.000000000
9 39 7 10663 512 2.000000000
9 40 7 10664 512 2.000000000
9 41 7 10665 512 2.000000000
9 42 7 10666 512 2.000000000
9 43 7 10667 512 2.000000000
9 44 7 10668 512 2.000000000
9 45 7 10669 512 2.000000000
9 46 7 10670 512 2.000000000
9 47 7 10671 512 2.000000000
9 48 7 10672 512 2.000000000
9 49 7 10673 512 2.000000000
9 50 7 10674 512 2.000000000
9 51 7 10675 512 2.000000000
9 52 7 10676 512 2.000000000
9 53 7 10677 512 2.000000000
9 54 7 10678 512 2.000000000
9 55 7 10679 512 2.000000000
9 56 7 10680 512 2.000000000
9 57 7 10681 512 2.000000000
9 58 7 10682 512 2.000000000
9 59 7 10683 512 2.000000000
9 60 7 10684 512 2.000000000
9 61 7 10685 512 2.000000000
9 62 7 10686 512 2.000000000
9 63 7 10687 512 2.000000000
10 0 7 10688 512 2.000000000
10 1 7 10689 512 2.000000000
10 2 7 10690 512 2.000000000
10 3 7 10691 512 2.000000000
10 4 7 10692 512 2.000000000
10 5 7 10693 512 2.000000000
10 6 7 10694 512 2.000000000
10 7 7 10695 512 2.000000000
10 16 7 10696 512 2.000000000
10 17 7 10697 512 2.000000000
10 18 7 10698 512 2.000000000
10 19 7 10699 512 2.000000000
10 20 7 10700 512 2.000000000
10 21 7 10701 512 2.000000000
10 22 7 10702 512 2.000000000
10 23 7 10703 512 2.000000000
10 24 7 10704 512 2.000000000
10 25 7 10705 512 2.000000000
10 26 7 10706 512 2.000000000
10 27 7 10707 512 2.000000000
10 28 7 10708 512 2.000000000
10 29 7 10709 512 2.000000000
10 30 7 10710 512 2.000000000
10 31 7 10711 512 2.000000000
10 32 7 10712 512 2.000000000
10 33 7 10713 512 2.000000000
10 34 7 10714 512 2.000000000
10 35 7 10715 512 2.000000000
10 36 7 10716 512 2.000000000
10 37 7 10717 512 2.000000000
10 38 7 10718 512 2.000000000
10 39 7 10719 512 2.000000000
10 40 7 10720 512 2.000000000
10 41 7 10721 512 2.000000000
10 42 7 10722 512 2.000000000
10 43 7 10723 512 2.000000000
10 44 7 10724 512 2.000000000
10 45 7 10725 512 2.000000000
10 46 7 10726 512 2.000000000
10 47 7 10727 512 2.000000000
10 48 7 10728 512 2.000000000
10 49 7 10729 512 2.000000000
10 50 7 10730 512 2.000000000
10 51 7 10731 512 2.000000000
10 52 7 10732 512 2.000000000
10 53 7 10733 512 2.000000000
10 54 7 10734 512 2.000000000
10 55 7 10735 512 2.000000000
10 56 7 10736 512 2.000000000
10 57 7 10737 512 2.000000000
10 58 7 10738 512 2.000000000
10 59 7 10739 512 2.000000000
10 60 7 10740 512 2.000000000
10 61 7 10741 512 2.000000000
10 62 7 10742 512 2.000000000
10 63 7 10743 512 2.000000000
11 0 7 10744 512 2.000000000
11 1 7 10745 512 2.000000000
11 2 7 10746 512 2.000000000
11 3 7 10747 512 2.000000000
11 4 7 10748 512 2.000000000
11 5 7 10749 512 2.000000000
11 6 7 10750 512 2.000000000
11 7 7 10751 512 2.000000000
11 16 7 10752 512 2.000000000
11 17 7 10753 512 2.000000000
11 18 7 10754 512 2.000000000
11 19 7 10755 512 2.000000000
11 20 7 10756 512 2.000000000
11 21 7 10757 512 2.000000000
11 22 7 10758 512 2.000000000
11 23 7 10759 512 2.000000000
11 24 7 10760 512 2.000000000
11 25 7 10761 512 2.000000000
11 26 7 10762 512 2.000000000
11 27 7 10763 512 2.000000000
11 28 7 10764 512 2.000000000
11 29 7 10765 512 2.000000000
11 30 7 10766 512 2.000000000
11 31 7 10767 512 2.000000000
11 32 7 10768 512 2.000000000
11 33 7 10769 512 2.000000000
11 34 7 10770 512 2.000000000
11 35 7 10771 512 2.000000000
11 36 7 10772 512 2.000000000
11 37 7 10773 512 2.000000000
11 38 7 10774 512 2.000000000
11 39 7 10775 512 2.000000000
11 40 7 10776 512 2.000000000
11 41 7 10777 512 2.000000000
11 42 7 10778 512 2.000000000
11 43 7 10779 512 2.000000000
11 44 7 10780 512 2.000000000
11 45 7 10781 512 2.000000000
11 46 7 10782 512 2.000000000
11 47 7 10783 512 2.000000000
11 48 7 10784 512 2.000000000
11 49 7 10785 512 2.000000000
11 50 7 10786 512 2.000000000
11 51 7 10787 512 2.000000000
11 52 7 10788 512 2.000000000
11 53 7 10789 512 2.000000000
11 54 7 10790 512 2.000000000
11 55 7 10791 512 2.000000000
11 56 7 10792 512 2.000000000
11 57 7 10793 512 2.000000000
11 58 7 10794 512 2.000000000
11 59 7 10795 512 2.000000000
11 60 7 10796 512 2.000000000
11 61 7 10797 512 2.000000000
11 62 7 10798 512 2.000000000
11 63 7 10799 512 2.000000000
12 0 7 10800 512 2.000000000
12 1 7 10801 512 2.000000000
12 2 7 10802 512 2.000000000
12 3 7 10803 512 2.000000000
12 4 7 10804 512 2.000000000
12 5 7 10805 512 2.000000000
12 6 7 10806 512 2.000000000
12 7 7 10807 512 2.000000000
12 16 7 10808 512 2.000000000
12 17 7 10809 512 2.000000000
12 18 7 10810 512 2.000000000
12 19 7 10811 512 2.000000000
12 20 7 10812 512 2.000000000
12 21 7 10813 512 2.000000000
12 22 7 10814 512 2.000000000
12 23 7 10815 512 2.000000000
12 24 7 10816 512 2.000000000
12 25 7 10817 512 2.000000000
12 26 7 10818 512 2.000000000
12 27 7 10819 512 2.000000000
12 28 7 10820 512 2.000000000
12 29 7 10821 512 2.000000000
12 30 7 10822 512 2.000000000
12 31 7 10823 512 2.000000000
12 32 7 10824 512 2.000000000
12 33 7 10825 512 2.000000000
12 34 7 10826 512 2.000000000
12 35 7 10827 512 2.000000000
12 36 7 10828 512 2.000000000
12 37 7 10829 512 2.000000000
12 38 7 10830 512 2.000000000
12 39 7 10831 512 2.000000000
12 40 7 10832 512 2.000000000
12 41 7 10833 512 2.000000000
12 42 7 10834 512 2.000000000
12 43 7 10835 512 2.000000000
12 44 7 10836 512 2.000000000
12 45 7 10837 512 2.000000000
12 46 7 10838 512 2.000000000
12 47 7 10839 512 2.000000000
12 48 7 10840 512 2.000000000
12 49 7 10841 512 2.000000000
12 50 7 10842 512 2.000000000
12 51 7 10843 512 2.000000000
12 52 7 10844 512 2.000000000
12 53 7 10845 512 2.000000000
12 54 7 10846 512 2.000000000
12 55 7 10847 512 2.000000000
12 56 7 10848 512 2.000000000
12 57 7 10849 512 2.000000000
12 58 7 10850 512 2.000000000
12 59 7 10851 512 2.000000000
12 60 7 10852 512 2.000000000
12 61 7 10853 512 2.000000000
12 62 7 10854 512 2.000000000
12 63 7 10855 512 2.000000000
13 0 7 10856 512 2.000000000
13 1 7 10857 512 2.000000000
13 2 7 10858 512 2.000000000
13 3 7 10859 512 2.000000000
13 4 7 10860 512 2.000000000
13 5 7 10861 512 2.000000000
13 6 7 10862 512 2.000000000
13 7 7 10863 512 2.000000000
13 16 7 10864 512 2.000000000
13 17 7 10865 512 2.000000000
13 18 7 10866 512 2.000000000
13 19 7 10867 512 2.000000000
13 20 7 10868 512 2.000000000
13 21 7 10869 512 2.000000000
13 22 7 10870 512 2.000000000
13 23 7 10871 512 2.000000000
13 24 7 10872 512 2.000000000
13 25 7 10873 512 2.000000000
13 26 7 10874 512 2.000000000
13 27 7 10875 512 2.000000000
13 28 7 10876 512 2.000000000
13 29 7 10877 512 2.000000000
13 30 7 10878 512 2.000000000
13 31 7 10879 512 2.000000000
13 32 7 10880 512 2.000000000
13 33 7 10881 512 2.000000000
13 34 7 10882 512 2.000000000
13 35 7 10883 512 2.000000000
13 36 7 10884 512 2.000000000
13 37 7 10885 512 2.000000000
13 38 7 10886 512 2.000000000
13 39 7 10887 512 2.000000000
13 40 7 10888 512 2.000000000
13 41 7 10889 512 2.000000000
13 42 7 10890 512 2.000000000
13 43 7 10891 512 2.000000000
13 44 7 10892 512 2.000000000
13 45 7 10893 512 2.000000000
13 46 7 10894 512 2.000000000
13 47 7 10895 512 2.000000000
13 48 7 10896 512 2.000000000
13 49 7 10897 512 2.000000000
13 50 7 10898 512 2.000000000
13 51 7 10899 512 2.000000000
13 52 7 10900 512 2.000000000
13 53 7 10901 512 2.000000000
13 54 7 10902 512 2.000000000
13 55 7 10903 512 2.000000000
13 56 7 10904 512 2.000000000
13 57 7 10905 512 2.000000000
13 58 7 10906 512 2.000000000
13 59 7 10907 512 2.000000000
13 60 7 10908 512 2.000000000
13 61 7 10909 512 2.000000000
13 62 7 10910 512 2.000000000
13 63 7 10911 512 2.000000000
14 0 7 10912 512 2.000000000
14 1 7 10913 512 2.000000000
14 2 7 10914 512 2.000000000
14 3 7 10915 512 2.000000000
14 4 7 10916 512 2.000000000
14 5 7 10917 512 2.000000000
14 6 7 10918 512 2.000000000
14 7 7 10919 512 2.000000000
14 16 7 10920 512 2.000000000
14 17 7 10921 512 2.000000000
14 18 7 10922 512 2.000000000
14 19 7 10923 512 2.000000000
14 20 7 10924 512 2.000000000
14 21 7 10925 512 2.000000000
14 22 7 10926 512 2.000000000
14 23 7 10927 512 2.000000000
14 24 7 10928 512 2.000000000
14 25 7 10929 512 2.000000000
14 26 7 10930 512 2.000000000
14 27 7 10931 512 2.000000000
14 28 7 10932 512 2.000000000
14 29 7 10933 512 2.000000000
14 30 7 10934 512 2.000000000
14 31 7 10935 512 2.000000000
14 32 7 10936 512 2.000000000
14 33 7 10937 512 2.000000000
14 34 7 10938 512 2.000000000
14 35 7 10939 512 2.000000000
14 36 7 10940 512 2.000000000
14 37 7 10941 512 2.000000000
14 38 7 10942 512 2.000000000
14 39 7 10943 512 2.000000000
14 40 7 10944 512 2.000000000
14 41 7 10945 512 2.000000000
14 42 7 10946 512 2.000000000
14 43 7 10947 512 2.000000000
14 44 7 10948 512 2.000000000
14 45 7 10949 512 2.000000000
14 46 7 10950 512 2.000000000
14 47 7 10951 512 2.000000000
14 48 7 10952 512 2.000000000
14 49 7 10953 512 2.000000000
14 50 7 10954 512 2.000000000
14 51 7 10955 512 2.000000000
14 52 7 10956 512 2.000000000
14 53 7 10957 512 2.000000000
14 54 7 10958 512 2.000000000
14 55 7 10959 512 2.000000000
14 56 7 10960 512 2.000000000
14 57 7 10961 512 2.000000000
14 58 7 10962 512 2.000000000
14 59 7 10963 512 2.000000000
14 60 7 10964 512 2.000000000
14 61 7 10965 512 2.000000000
14 62 7 10966 512 2.000000000
14 63 7 10967 512 2.000000000
15 0 7 10968 512 2.000000000
15 1 7 10969 512 2.000000000
15 2 7 10970 512 2.000000000
15 3 7 10971 512 2.000000000
15 4 7 10972 512 2.000000000
15 5 7 10973 512 2.000000000
15 6 7 10974 512 2.000000000
15 7 7 10975 512 2.000000000
15 16 7 10976 512 2.000000000
15 17 7 10977 512 2.000000000
15 18 7 10978 512 2.000000000
15 19 7 10979 512 2.000000000
15 20 7 10980 512 2.000000000
15 21 7 10981 512 2.000000000
15 22 7 10982 512 2.000000000
15 23 7 10983 512 2.000000000
15 24 7 10984 512 2.000000000
15 25 7 10985 512 2.000000000
15 26 7 10986 512 2.000000000
15 27 7 10987 512 2.000000000
15 28 7 10988 512 2.000000000
15 29 7 10989 512 2.000000000
15 30 7 10990 512 2.000000000
15 31 7 10991 512 2.000000000
15 32 7 10992 512 2.000000000
15 33 7 10993 512 2.000000000
15 34 7 10994 512 2.000000000
15 35 7 10995 512 2.000000000
15 36 7 10996 512 2.000000000
15 37 7 10997 512 2.000000000
15 38 7 10998 512 2.000000000
15 39 7 10999 512 2.000000000
15 40 7 11000 512 2.000000000
15 41 7 11001 512 2.000000000
15 42 7 11002 512 2.000000000
15 43 7 11003 512 2.000000000
15 44 7 11004 512 2.000000000
15 45 7 11005 512 2.000000000
15 46 7 11006 512 2.000000000
15 47 7 11007 512 2.000000000
15 48 7 11008 512 2.000000000
15 49 7 11009 512 2.000000000
15 50 7 11010 512 2.000000000
15 51 7 11011 512 2.000000000
15 52 7 11012 512 2.000000000
15 53 7 11013 512 2.000000000
15 54 7 11014 512 2.000000000
15 55 7 11015 512 2.000000000
15 56 7 11016 512 2.000000000
15 57 7 11017 512 2.000000000
15 58 7 11018 512 2.000000000
15 59 7 11019 512 2.000000000
15 60 7 11020 512 2.000000000
15 61 7 11021 512 2.000000000
15 62 7 11022 512 2.000000000
15 63 7 11023 512 2.000000000
0 64 7 11024 512 2.000000000
1 65 7 11025 512 2.000000000
2 66 7 11026 512 2.000000000
3 67 7 11027 512 2.000000000
4 68 7 11028 512 2.000000000
5 69 7 11029 512 2.000000000
6 70 7 11030 512 2.000000000
7 71 7 11031 512 2.000000000
8 72 7 11032 512 2.000000000
9 73 7 11033 512 2.000000000
10 74 7 11034 512 2.000000000
11 75 7 11035 512 2.000000000
12 76 7 11036 512 2.000000000
13 77 7 11037 512 2.000000000
14 78 7 11038 512 2.000000000
15 79 7 11039 512 2.000000000
