500
0 1024 7 10000 8192 2.000000000
1 2055 7 10001 8192 2.000000000
2 3086 7 10002 8192 2.000000000
3 4117 7 10003 8192 2.000000000
4 5148 7 10004 8192 2.000000000
5 6147 7 10005 8192 2.000000000
6 7178 7 10006 8192 2.000000000
7 8209 7 10007 8192 2.000000000
8 9240 7 10008 8192 2.000000000
9 10271 7 10009 8192 2.000000000
10 11270 7 10010 8192 2.000000000
11 12301 7 10011 8192 2.000000000
12 13332 7 10012 8192 2.000000000
13 14363 7 10013 8192 2.000000000
14 15362 7 10014 8192 2.000000000
15 16393 7 10015 8192 2.000000000
16 17424 7 10016 8192 2.000000000
17 18455 7 10017 8192 2.000000000
18 19486 7 10018 8192 2.000000000
19 20485 7 10019 8192 2.000000000
20 21516 7 10020 8192 2.000000000
21 22547 7 10021 8192 2.000000000
22 23578 7 10022 8192 2.000000000
23 24577 7 10023 8192 2.000000000
24 25608 7 10024 8192 2.000000000
25 26639 7 10025 8192 2.000000000
26 27670 7 10026 8192 2.000000000
27 28701 7 10027 8192 2.000000000
28 29700 7 10028 8192 2.000000000
29 30731 7 10029 8192 2.000000000
30 31762 7 10030 8192 2.000000000
31 32793 7 10031 8192 2.000000000
0 33792 7 10032 8192 2.000000000
1 34823 7 10033 8192 2.000000000
2 35854 7 10034 8192 2.000000000
3 36885 7 10035 8192 2.000000000
4 37916 7 10036 8192 2.000000000
5 38915 7 10037 8192 2.000000000
6 39946 7 10038 8192 2.000000000
7 40977 7 10039 8192 2.000000000
8 42008 7 10040 8192 2.000000000
9 43039 7 10041 8192 2.000000000
10 44038 7 10042 8192 2.000000000
11 45069 7 10043 8192 2.000000000
12 46100 7 10044 8192 2.000000000
13 47131 7 10045 8192 2.000000000
14 48130 7 10046 8192 2.000000000
15 49161 7 10047 8192 2.000000000
16 50192 7 10048 8192 2.000000000
17 51223 7 10049 8192 2.000000000
18 52254 7 10050 8192 2.000000000
19 53253 7 10051 8192 2.000000000
20 54284 7 10052 8192 2.000000000
21 55315 7 10053 8192 2.000000000
22 56346 7 10054 8192 2.000000000
23 57345 7 10055 8192 2.000000000
24 58376 7 10056 8192 2.000000000
25 59407 7 10057 8192 2.000000000
26 60438 7 10058 8192 2.000000000
27 61469 7 10059 8192 2.000000000
28 62468 7 10060 8192 2.000000000
29 63499 7 10061 8192 2.000000000
30 64530 7 10062 8192 2.000000000
31 1081 7 10063 8192 2.000000000
0 2080 7 10064 8192 2.000000000
1 3111 7 10065 8192 2.000000000
2 4142 7 10066 8192 2.000000000
3 5173 7 10067 8192 2.000000000
4 6204 7 10068 8192 2.000000000
5 7203 7 10069 8192 2.000000000
6 8234 7 10070 8192 2.000000000
7 9265 7 10071 8192 2.000000000
8 10296 7 10072 8192 2.000000000
9 11327 7 10073 8192 2.000000000
10 12326 7 10074 8192 2.000000000
11 13357 7 10075 8192 2.000000000
12 14388 7 10076 8192 2.000000000
13 15419 7 10077 8192 2.000000000
14 16418 7 10078 8192 2.000000000
15 17449 7 10079 8192 2.000000000
16 18480 7 10080 8192 2.000000000
17 19511 7 10081 8192 2.000000000
18 20542 7 10082 8192 2.000000000
19 21541 7 10083 8192 2.000000000
20 22572 7 10084 8192 2.000000000
21 23603 7 10085 8192 2.000000000
22 24634 7 10086 8192 2.000000000
23 25633 7 10087 8192 2.000000000
24 26664 7 10088 8192 2.000000000
25 27695 7 10089 8192 2.000000000
26 28726 7 10090 8192 2.000000000
27 29757 7 10091 8192 2.000000000
28 30756 7 10092 8192 2.000000000
29 31787 7 10093 8192 2.000000000
30 32818 7 10094 8192 2.000000000
31 33849 7 10095 8192 2.000000000
0 34848 7 10096 8192 2.000000000
1 35879 7 10097 8192 2.000000000
2 36910 7 10098 8192 2.000000000
3 37941 7 10099 8192 2.000000000
4 38972 7 10100 8192 2.000000000
5 39971 7 10101 8192 2.000000000
6 41002 7 10102 8192 2.000000000
7 42033 7 10103 8192 2.000000000
8 43064 7 10104 8192 2.000000000
9 44095 7 10105 8192 2.000000000
10 45094 7 10106 8192 2.000000000
11 46125 7 10107 8192 2.000000000
12 47156 7 10108 8192 2.000000000
13 48187 7 10109 8192 2.000000000
14 49186 7 10110 8192 2.000000000
15 50217 7 10111 8192 2.000000000
16 51248 7 10112 8192 2.000000000
17 52279 7 10113 8192 2.000000000
18 53310 7 10114 8192 2.000000000
19 54309 7 10115 8192 2.000000000
20 55340 7 10116 8192 2.000000000
21 56371 7 10117 8192 2.000000000
22 57402 7 10118 8192 2.000000000
23 58401 7 10119 8192 2.000000000
24 59432 7 10120 8192 2.000000000
25 60463 7 10121 8192 2.000000000
26 61494 7 10122 8192 2.000000000
27 62525 7 10123 8192 2.000000000
28 63524 7 10124 8192 2.000000000
29 64555 7 10125 8192 2.000000000
30 1106 7 10126 8192 2.000000000
31 2137 7 10127 8192 2.000000000
0 3136 7 10128 8192 2.000000000
1 4167 7 10129 8192 2.000000000
2 5198 7 10130 8192 2.000000000
3 6229 7 10131 8192 2.000000000
4 7260 7 10132 8192 2.000000000
5 8259 7 10133 8192 2.000000000
6 9290 7 10134 8192 2.000000000
7 10321 7 10135 8192 2.000000000
8 11352 7 10136 8192 2.000000000
9 12383 7 10137 8192 2.000000000
10 13382 7 10138 8192 2.000000000
11 14413 7 10139 8192 2.000000000
12 15444 7 10140 8192 2.000000000
13 16475 7 10141 8192 2.000000000
14 17474 7 10142 8192 2.000000000
15 18505 7 10143 8192 2.000000000
16 19536 7 10144 8192 2.000000000
17 20567 7 10145 8192 2.000000000
18 21598 7 10146 8192 2.000000000
19 22597 7 10147 8192 2.000000000
20 23628 7 10148 8192 2.000000000
21 24659 7 10149 8192 2.000000000
22 25690 7 10150 8192 2.000000000
23 26689 7 10151 8192 2.000000000
24 27720 7 10152 8192 2.000000000
25 28751 7 10153 8192 2.000000000
26 29782 7 10154 8192 2.000000000
27 30813 7 10155 8192 2.000000000
28 31812 7 10156 8192 2.000000000
29 32843 7 10157 8192 2.000000000
30 33874 7 10158 8192 2.000000000
31 34905 7 10159 8192 2.000000000
0 35904 7 10160 8192 2.000000000
1 36935 7 10161 8192 2.000000000
2 37966 7 10162 8192 2.000000000
3 38997 7 10163 8192 2.000000000
4 40028 7 10164 8192 2.000000000
5 41027 7 10165 8192 2.000000000
6 42058 7 10166 8192 2.000000000
7 43089 7 10167 8192 2.000000000
8 44120 7 10168 8192 2.000000000
9 45151 7 10169 8192 2.000000000
10 46150 7 10170 8192 2.000000000
11 47181 7 10171 8192 2.000000000
12 48212 7 10172 8192 2.000000000
13 49243 7 10173 8192 2.000000000
14 50242 7 10174 8192 2.000000000
15 51273 7 10175 8192 2.000000000
16 52304 7 10176 8192 2.000000000
17 53335 7 10177 8192 2.000000000
18 54366 7 10178 8192 2.000000000
19 55365 7 10179 8192 2.000000000
20 56396 7 10180 8192 2.000000000
21 57427 7 10181 8192 2.000000000
22 58458 7 10182 8192 2.000000000
23 59457 7 10183 8192 2.000000000
24 60488 7 10184 8192 2.000000000
25 61519 7 10185 8192 2.000000000
26 62550 7 10186 8192 2.000000000
27 63581 7 10187 8192 2.000000000
28 64580 7 10188 8192 2.000000000
29 1131 7 10189 8192 2.000000000
30 2162 7 10190 8192 2.000000000
31 3193 7 10191 8192 2.000000000
0 4192 7 10192 8192 2.000000000
1 5223 7 10193 8192 2.000000000
2 6254 7 10194 8192 2.000000000
3 7285 7 10195 8192 2.000000000
4 8316 7 10196 8192 2.000000000
5 9315 7 10197 8192 2.000000000
6 10346 7 10198 8192 2.000000000
7 11377 7 10199 8192 2.000000000
8 12408 7 10200 8192 2.000000000
9 13439 7 10201 8192 2.000000000
10 14438 7 10202 8192 2.000000000
11 15469 7 10203 8192 2.000000000
12 16500 7 10204 8192 2.000000000
13 17531 7 10205 8192 2.000000000
14 18530 7 10206 8192 2.000000000
15 19561 7 10207 8192 2.000000000
16 20592 7 10208 8192 2.000000000
17 21623 7 10209 8192 2.000000000
18 22654 7 10210 8192 2.000000000
19 23653 7 10211 8192 2.000000000
20 24684 7 10212 8192 2.000000000
21 25715 7 10213 8192 2.000000000
22 26746 7 10214 8192 2.000000000
23 27745 7 10215 8192 2.000000000
24 28776 7 10216 8192 2.000000000
25 29807 7 10217 8192 2.000000000
26 30838 7 10218 8192 2.000000000
27 31869 7 10219 8192 2.000000000
28 32868 7 10220 8192 2.000000000
29 33899 7 10221 8192 2.000000000
30 34930 7 10222 8192 2.000000000
31 35961 7 10223 8192 2.000000000
0 36960 7 10224 8192 2.000000000
1 37991 7 10225 8192 2.000000000
2 39022 7 10226 8192 2.000000000
3 40053 7 10227 8192 2.000000000
4 41084 7 10228 8192 2.000000000
5 42083 7 10229 8192 2.000000000
6 43114 7 10230 8192 2.000000000
7 44145 7 10231 8192 2.000000000
8 45176 7 10232 8192 2.000000000
9 46207 7 10233 8192 2.000000000
10 47206 7 10234 8192 2.000000000
11 48237 7 10235 8192 2.000000000
12 49268 7 10236 8192 2.000000000
13 50299 7 10237 8192 2.000000000
14 51298 7 10238 8192 2.000000000
15 52329 7 10239 8192 2.000000000
16 53360 7 10240 8192 2.000000000
17 54391 7 10241 8192 2.000000000
18 55422 7 10242 8192 2.000000000
19 56421 7 10243 8192 2.000000000
20 57452 7 10244 8192 2.000000000
21 58483 7 10245 8192 2.000000000
22 59514 7 10246 8192 2.000000000
23 60513 7 10247 8192 2.000000000
24 61544 7 10248 8192 2.000000000
25 62575 7 10249 8192 2.000000000
26 63606 7 10250 8192 2.000000000
27 64637 7 10251 8192 2.000000000
28 1156 7 10252 8192 2.000000000
29 2187 7 10253 8192 2.000000000
30 3218 7 10254 8192 2.000000000
31 4249 7 10255 8192 2.000000000
0 5248 7 10256 8192 2.000000000
1 6279 7 10257 8192 2.000000000
2 7310 7 10258 8192 2.000000000
3 8341 7 10259 8192 2.000000000
4 9372 7 10260 8192 2.000000000
5 10371 7 10261 8192 2.000000000
6 11402 7 10262 8192 2.000000000
7 12433 7 10263 8192 2.000000000
8 13464 7 10264 8192 2.000000000
9 14495 7 10265 8192 2.000000000
10 15494 7 10266 8192 2.000000000
11 16525 7 10267 8192 2.000000000
12 17556 7 10268 8192 2.000000000
13 18587 7 10269 8192 2.000000000
14 19586 7 10270 8192 2.000000000
15 20617 7 10271 8192 2.000000000
16 21648 7 10272 8192 2.000000000
17 22679 7 10273 8192 2.000000000
18 23710 7 10274 8192 2.000000000
19 24709 7 10275 8192 2.000000000
20 25740 7 10276 8192 2.000000000
21 26771 7 10277 8192 2.000000000
22 27802 7 10278 8192 2.000000000
23 28801 7 10279 8192 2.000000000
24 29832 7 10280 8192 2.000000000
25 30863 7 10281 8192 2.000000000
26 31894 7 10282 8192 2.000000000
27 32925 7 10283 8192 2.000000000
28 33924 7 10284 8192 2.000000000
29 34955 7 10285 8192 2.000000000
30 35986 7 10286 8192 2.000000000
31 37017 7 10287 8192 2.000000000
0 38016 7 10288 8192 2.000000000
1 39047 7 10289 8192 2.000000000
2 40078 7 10290 8192 2.000000000
3 41109 7 10291 8192 2.000000000
4 42140 7 10292 8192 2.000000000
5 43139 7 10293 8192 2.000000000
6 44170 7 10294 8192 2.000000000
7 45201 7 10295 8192 2.000000000
8 46232 7 10296 8192 2.000000000
9 47263 7 10297 8192 2.000000000
10 48262 7 10298 8192 2.000000000
11 49293 7 10299 8192 2.000000000
12 50324 7 10300 8192 2.000000000
13 51355 7 10301 8192 2.000000000
14 52354 7 10302 8192 2.000000000
15 53385 7 10303 8192 2.000000000
16 54416 7 10304 8192 2.000000000
17 55447 7 10305 8192 2.000000000
18 56478 7 10306 8192 2.000000000
19 57477 7 10307 8192 2.000000000
20 58508 7 10308 8192 2.000000000
21 59539 7 10309 8192 2.000000000
22 60570 7 10310 8192 2.000000000
23 61569 7 10311 8192 2.000000000
24 62600 7 10312 8192 2.000000000
25 63631 7 10313 8192 2.000000000
26 64662 7 10314 8192 2.000000000
27 1213 7 10315 8192 2.000000000
28 2212 7 10316 8192 2.000000000
29 3243 7 10317 8192 2.000000000
30 4274 7 10318 8192 2.000000000
31 5305 7 10319 8192 2.000000000
0 6304 7 10320 8192 2.000000000
1 7335 7 10321 8192 2.000000000
2 8366 7 10322 8192 2.000000000
3 9397 7 10323 8192 2.000000000
4 10428 7 10324 8192 2.000000000
5 11427 7 10325 8192 2.000000000
6 12458 7 10326 8192 2.000000000
7 13489 7 10327 8192 2.000000000
8 14520 7 10328 8192 2.000000000
9 15551 7 10329 8192 2.000000000
10 16550 7 10330 8192 2.000000000
11 17581 7 10331 8192 2.000000000
12 18612 7 10332 8192 2.000000000
13 19643 7 10333 8192 2.000000000
14 20642 7 10334 8192 2.000000000
15 21673 7 10335 8192 2.000000000
16 22704 7 10336 8192 2.000000000
17 23735 7 10337 8192 2.000000000
18 24766 7 10338 8192 2.000000000
19 25765 7 10339 8192 2.000000000
20 26796 7 10340 8192 2.000000000
21 27827 7 10341 8192 2.000000000
22 28858 7 10342 8192 2.000000000
23 29857 7 10343 8192 2.000000000
24 30888 7 10344 8192 2.000000000
25 31919 7 10345 8192 2.000000000
26 32950 7 10346 8192 2.000000000
27 33981 7 10347 8192 2.000000000
28 34980 7 10348 8192 2.000000000
29 36011 7 10349 8192 2.000000000
30 37042 7 10350 8192 2.000000000
31 38073 7 10351 8192 2.000000000
0 39072 7 10352 8192 2.000000000
1 40103 7 10353 8192 2.000000000
2 41134 7 10354 8192 2.000000000
3 42165 7 10355 8192 2.000000000
4 43196 7 10356 8192 2.000000000
5 44195 7 10357 8192 2.000000000
6 45226 7 10358 8192 2.000000000
7 46257 7 10359 8192 2.000000000
8 47288 7 10360 8192 2.000000000
9 48319 7 10361 8192 2.000000000
10 49318 7 10362 8192 2.000000000
11 50349 7 10363 8192 2.000000000
12 51380 7 10364 8192 2.000000000
13 52411 7 10365 8192 2.000000000
14 53410 7 10366 8192 2.000000000
15 54441 7 10367 8192 2.000000000
16 55472 7 10368 8192 2.000000000
17 56503 7 10369 8192 2.000000000
18 57534 7 10370 8192 2.000000000
19 58533 7 10371 8192 2.000000000
20 59564 7 10372 8192 2.000000000
21 60595 7 10373 8192 2.000000000
22 61626 7 10374 8192 2.000000000
23 62625 7 10375 8192 2.000000000
24 63656 7 10376 8192 2.000000000
25 64687 7 10377 8192 2.000000000
26 1238 7 10378 8192 2.000000000
27 2269 7 10379 8192 2.000000000
28 3268 7 10380 8192 2.000000000
29 4299 7 10381 8192 2.000000000
30 5330 7 10382 8192 2.000000000
31 6361 7 10383 8192 2.000000000
0 7360 7 10384 8192 2.000000000
1 8391 7 10385 8192 2.000000000
2 9422 7 10386 8192 2.000000000
3 10453 7 10387 8192 2.000000000
4 11484 7 10388 8192 2.000000000
5 12483 7 10389 8192 2.000000000
6 13514 7 10390 8192 2.000000000
7 14545 7 10391 8192 2.000000000
8 15576 7 10392 8192 2.000000000
9 16607 7 10393 8192 2.000000000
10 17606 7 10394 8192 2.000000000
11 18637 7 10395 8192 2.000000000
12 19668 7 10396 8192 2.000000000
13 20699 7 10397 8192 2.000000000
14 21698 7 10398 8192 2.000000000
15 22729 7 10399 8192 2.000000000
16 23760 7 10400 8192 2.000000000
17 24791 7 10401 8192 2.000000000
18 25822 7 10402 8192 2.000000000
19 26821 7 10403 8192 2.000000000
20 27852 7 10404 8192 2.000000000
21 28883 7 10405 8192 2.000000000
22 29914 7 10406 8192 2.000000000
23 30913 7 10407 8192 2.000000000
24 31944 7 10408 8192 2.000000000
25 32975 7 10409 8192 2.000000000
26 34006 7 10410 8192 2.000000000
27 35037 7 10411 8192 2.000000000
28 36036 7 10412 8192 2.000000000
29 37067 7 10413 8192 2.000000000
30 38098 7 10414 8192 2.000000000
31 39129 7 10415 8192 2.000000000
0 40128 7 10416 8192 2.000000000
1 41159 7 10417 8192 2.000000000
2 42190 7 10418 8192 2.000000000
3 43221 7 10419 8192 2.000000000
4 44252 7 10420 8192 2.000000000
5 45251 7 10421 8192 2.000000000
6 46282 7 10422 8192 2.000000000
7 47313 7 10423 8192 2.000000000
8 48344 7 10424 8192 2.000000000
9 49375 7 10425 8192 2.000000000
10 50374 7 10426 8192 2.000000000
11 51405 7 10427 8192 2.000000000
12 52436 7 10428 8192 2.000000000
13 53467 7 10429 8192 2.000000000
14 54466 7 10430 8192 2.000000000
15 55497 7 10431 8192 2.000000000
16 56528 7 10432 8192 2.000000000
17 57559 7 10433 8192 2.000000000
18 58590 7 10434 8192 2.000000000
19 59589 7 10435 8192 2.000000000
20 60620 7 10436 8192 2.000000000
21 61651 7 10437 8192 2.000000000
22 62682 7 10438 8192 2.000000000
23 63681 7 10439 8192 2.000000000
24 64712 7 10440 8192 2.000000000
25 1263 7 10441 8192 2.000000000
26 2294 7 10442 8192 2.000000000
27 3325 7 10443 8192 2.000000000
28 4324 7 10444 8192 2.000000000
29 5355 7 10445 8192 2.000000000
30 6386 7 10446 8192 2.000000000
31 7417 7 10447 8192 2.000000000
0 8416 7 10448 8192 2.000000000
1 9447 7 10449 8192 2.000000000
2 10478 7 10450 8192 2.000000000
3 11509 7 10451 8192 2.000000000
4 12540 7 10452 8192 2.000000000
5 13539 7 10453 8192 2.000000000
6 14570 7 10454 8192 2.000000000
7 15601 7 10455 8192 2.000000000
8 16632 7 10456 8192 2.000000000
9 17663 7 10457 8192 2.000000000
10 18662 7 10458 8192 2.000000000
11 19693 7 10459 8192 2.000000000
12 20724 7 10460 8192 2.000000000
13 21755 7 10461 8192 2.000000000
14 22754 7 10462 8192 2.000000000
15 23785 7 10463 8192 2.000000000
16 24816 7 10464 8192 2.000000000
17 25847 7 10465 8192 2.000000000
18 26878 7 10466 8192 2.000000000
19 27877 7 10467 8192 2.000000000
20 28908 7 10468 8192 2.000000000
21 29939 7 10469 8192 2.000000000
22 30970 7 10470 8192 2.000000000
23 31969 7 10471 8192 2.000000000
24 33000 7 10472 8192 2.000000000
25 34031 7 10473 8192 2.000000000
26 35062 7 10474 8192 2.000000000
27 36093 7 10475 8192 2.000000000
28 37092 7 10476 8192 2.000000000
29 38123 7 10477 8192 2.000000000
30 39154 7 10478 8192 2.000000000
31 40185 7 10479 8192 2.000000000
0 41184 7 10480 8192 2.000000000
1 42215 7 10481 8192 2.000000000
2 43246 7 10482 8192 2.000000000
3 44277 7 10483 8192 2.000000000
4 45308 7 10484 8192 2.000000000
5 46307 7 10485 8192 2.000000000
6 47338 7 10486 8192 2.000000000
7 48369 7 10487 8192 2.000000000
8 49400 7 10488 8192 2.000000000
9 50431 7 10489 8192 2.000000000
10 51430 7 10490 8192 2.000000000
11 52461 7 10491 8192 2.000000000
12 53492 7 10492 8192 2.000000000
13 54523 7 10493 8192 2.000000000
14 55522 7 10494 8192 2.000000000
15 56553 7 10495 8192 2.000000000
16 57584 7 10496 8192 2.000000000
17 58615 7 10497 8192 2.000000000
18 59646 7 10498 8192 2.000000000
19 60645 7 10499 8192 2.000000000
