500
0 1024 7 10000 2048 2.000000000
1 2055 7 10001 2048 2.000000000
2 3086 7 10002 2048 2.000000000
3 4117 7 10003 2048 2.000000000
4 5148 7 10004 2048 2.000000000
5 6147 7 10005 2048 2.000000000
6 7178 7 10006 2048 2.000000000
7 8209 7 10007 2048 2.000000000
8 9240 7 10008 2048 2.000000000
9 10271 7 10009 2048 2.000000000
10 11270 7 10010 2048 2.000000000
11 12301 7 10011 2048 2.000000000
12 13332 7 10012 2048 2.000000000
13 14363 7 10013 2048 2.000000000
14 15362 7 10014 2048 2.000000000
15 16393 7 10015 2048 2.000000000
16 17424 7 10016 2048 2.000000000
17 18455 7 10017 2048 2.000000000
18 19486 7 10018 2048 2.000000000
19 20485 7 10019 2048 2.000000000
20 21516 7 10020 2048 2.000000000
21 22547 7 10021 2048 2.000000000
22 23578 7 10022 2048 2.000000000
23 24577 7 10023 2048 2.000000000
24 25608 7 10024 2048 2.000000000
25 26639 7 10025 2048 2.000000000
26 27670 7 10026 2048 2.000000000
27 28701 7 10027 2048 2.000000000
28 29700 7 10028 2048 2.000000000
29 30731 7 10029 2048 2.000000000
30 31762 7 10030 2048 2.000000000
31 32793 7 10031 2048 2.000000000
0 33792 7 10032 2048 2.000000000
1 34823 7 10033 2048 2.000000000
2 35854 7 10034 2048 2.000000000
3 36885 7 10035 2048 2.000000000
4 37916 7 10036 2048 2.000000000
5 38915 7 10037 2048 2.000000000
6 39946 7 10038 2048 2.000000000
7 40977 7 10039 2048 2.000000000
8 42008 7 10040 2048 2.000000000
9 43039 7 10041 2048 2.000000000
10 44038 7 10042 2048 2.000000000
11 45069 7 10043 2048 2.000000000
12 46100 7 10044 2048 2.000000000
13 47131 7 10045 2048 2.000000000
14 48130 7 10046 2048 2.000000000
15 49161 7 10047 2048 2.000000000
16 50192 7 10048 2048 2.000000000
17 51223 7 10049 2048 2.000000000
18 52254 7 10050 2048 2.000000000
19 53253 7 10051 2048 2.000000000
20 54284 7 10052 2048 2.000000000
21 55315 7 10053 2048 2.000000000
22 56346 7 10054 2048 2.000000000
23 57345 7 10055 2048 2.000000000
24 58376 7 10056 2048 2.000000000
25 59407 7 10057 2048 2.000000000
26 60438 7 10058 2048 2.000000000
27 61469 7 10059 2048 2.000000000
28 62468 7 10060 2048 2.000000000
29 63499 7 10061 2048 2.000000000
30 64530 7 10062 2048 2.000000000
31 1081 7 10063 2048 2.000000000
0 2080 7 10064 2048 2.000000000
1 3111 7 10065 2048 2.000000000
2 4142 7 10066 2048 2.000000000
3 5173 7 10067 2048 2.000000000
4 6204 7 10068 2048 2.000000000
5 7203 7 10069 2048 2.000000000
6 8234 7 10070 2048 2.000000000
7 9265 7 10071 2048 2.000000000
8 10296 7 10072 2048 2.000000000
9 11327 7 10073 2048 2.000000000
10 12326 7 10074 2048 2.000000000
11 13357 7 10075 2048 2.000000000
12 14388 7 10076 2048 2.000000000
13 15419 7 10077 2048 2.000000000
14 16418 7 10078 2048 2.000000000
15 17449 7 10079 2048 2.000000000
16 18480 7 10080 2048 2.000000000
17 19511 7 10081 2048 2.000000000
18 20542 7 10082 2048 2.000000000
19 21541 7 10083 2048 2.000000000
20 22572 7 10084 2048 2.000000000
21 23603 7 10085 2048 2.000000000
22 24634 7 10086 2048 2.000000000
23 25633 7 10087 2048 2.000000000
24 26664 7 10088 2048 2.000000000
25 27695 7 10089 2048 2.000000000
26 28726 7 10090 2048 2.000000000
27 29757 7 10091 2048 2.000000000
28 30756 7 10092 2048 2.000000000
29 31787 7 10093 2048 2.000000000
30 32818 7 10094 2048 2.000000000
31 33849 7 10095 2048 2.000000000
0 34848 7 10096 2048 2.000000000
1 35879 7 10097 2048 2.000000000
2 36910 7 10098 2048 2.000000000
3 37941 7 10099 2048 2.000000000
4 38972 7 10100 2048 2.000000000
5 39971 7 10101 2048 2.000000000
6 41002 7 10102 2048 2.000000000
7 42033 7 10103 2048 2.000000000
8 43064 7 10104 2048 2.000000000
9 44095 7 10105 2048 2.000000000
10 45094 7 10106 2048 2.000000000
11 46125 7 10107 2048 2.000000000
12 47156 7 10108 2048 2.000000000
13 48187 7 10109 2048 2.000000000
14 49186 7 10110 2048 2.000000000
15 50217 7 10111 2048 2.000000000
16 51248 7 10112 2048 2.000000000
17 52279 7 10113 2048 2.000000000
18 53310 7 10114 2048 2.000000000
19 54309 7 10115 2048 2.000000000
20 55340 7 10116 2048 2.000000000
21 56371 7 10117 2048 2.000000000
22 57402 7 10118 2048 2.000000000
23 58401 7 10119 2048 2.000000000
24 59432 7 10120 2048 2.000000000
25 60463 7 10121 2048 2.000000000
26 61494 7 10122 2048 2.000000000
27 62525 7 10123 2048 2.000000000
28 63524 7 10124 2048 2.000000000
29 64555 7 10125 2048 2.000000000
30 1106 7 10126 2048 2.000000000
31 2137 7 10127 2048 2.000000000
0 3136 7 10128 2048 2.000000000
1 4167 7 10129 2048 2.000000000
2 5198 7 10130 2048 2.000000000
3 6229 7 10131 2048 2.000000000
4 7260 7 10132 2048 2.000000000
5 8259 7 10133 2048 2.000000000
6 9290 7 10134 2048 2.000000000
7 10321 7 10135 2048 2.000000000
8 11352 7 10136 2048 2.000000000
9 12383 7 10137 2048 2.000000000
10 13382 7 10138 2048 2.000000000
11 14413 7 10139 2048 2.000000000
12 15444 7 10140 2048 2.000000000
13 16475 7 10141 2048 2.000000000
14 17474 7 10142 2048 2.000000000
15 18505 7 10143 2048 2.000000000
16 19536 7 10144 2048 2.000000000
17 20567 7 10145 2048 2.000000000
18 21598 7 10146 2048 2.000000000
19 22597 7 10147 2048 2.000000000
20 23628 7 10148 2048 2.000000000
21 24659 7 10149 2048 2.000000000
22 25690 7 10150 2048 2.000000000
23 26689 7 10151 2048 2.000000000
24 27720 7 10152 2048 2.000000000
25 28751 7 10153 2048 2.000000000
26 29782 7 10154 2048 2.000000000
27 30813 7 10155 2048 2.000000000
28 31812 7 10156 2048 2.000000000
29 32843 7 10157 2048 2.000000000
30 33874 7 10158 2048 2.000000000
31 34905 7 10159 2048 2.000000000
0 35904 7 10160 2048 2.000000000
1 36935 7 10161 2048 2.000000000
2 37966 7 10162 2048 2.000000000
3 38997 7 10163 2048 2.000000000
4 40028 7 10164 2048 2.000000000
5 41027 7 10165 2048 2.000000000
6 42058 7 10166 2048 2.000000000
7 43089 7 10167 2048 2.000000000
8 44120 7 10168 2048 2.000000000
9 45151 7 10169 2048 2.000000000
10 46150 7 10170 2048 2.000000000
11 47181 7 10171 2048 2.000000000
12 48212 7 10172 2048 2.000000000
13 49243 7 10173 2048 2.000000000
14 50242 7 10174 2048 2.000000000
15 51273 7 10175 2048 2.000000000
16 52304 7 10176 2048 2.000000000
17 53335 7 10177 2048 2.000000000
18 54366 7 10178 2048 2.000000000
19 55365 7 10179 2048 2.000000000
20 56396 7 10180 2048 2.000000000
21 57427 7 10181 2048 2.000000000
22 58458 7 10182 2048 2.000000000
23 59457 7 10183 2048 2.000000000
24 60488 7 10184 2048 2.000000000
25 61519 7 10185 2048 2.000000000
26 62550 7 10186 2048 2.000000000
27 63581 7 10187 2048 2.000000000
28 64580 7 10188 2048 2.000000000
29 1131 7 10189 2048 2.000000000
30 2162 7 10190 2048 2.000000000
31 3193 7 10191 2048 2.000000000
0 4192 7 10192 2048 2.000000000
1 5223 7 10193 2048 2.000000000
2 6254 7 10194 2048 2.000000000
3 7285 7 10195 2048 2.000000000
4 8316 7 10196 2048 2.000000000
5 9315 7 10197 2048 2.000000000
6 10346 7 10198 2048 2.000000000
7 11377 7 10199 2048 2.000000000
8 12408 7 10200 2048 2.000000000
9 13439 7 10201 2048 2.000000000
10 14438 7 10202 2048 2.000000000
11 15469 7 10203 2048 2.000000000
12 16500 7 10204 2048 2.000000000
13 17531 7 10205 2048 2.000000000
14 18530 7 10206 2048 2.000000000
15 19561 7 10207 2048 2.000000000
16 20592 7 10208 2048 2.000000000
17 21623 7 10209 2048 2.000000000
18 22654 7 10210 2048 2.000000000
19 23653 7 10211 2048 2.000000000
20 24684 7 10212 2048 2.000000000
21 25715 7 10213 2048 2.000000000
22 26746 7 10214 2048 2.000000000
23 27745 7 10215 2048 2.000000000
24 28776 7 10216 2048 2.000000000
25 29807 7 10217 2048 2.000000000
26 30838 7 10218 2048 2.000000000
27 31869 7 10219 2048 2.000000000
28 32868 7 10220 2048 2.000000000
29 33899 7 10221 2048 2.000000000
30 34930 7 10222 2048 2.000000000
31 35961 7 10223 2048 2.000000000
0 36960 7 10224 2048 2.000000000
1 37991 7 10225 2048 2.000000000
2 39022 7 10226 2048 2.000000000
3 40053 7 10227 2048 2.000000000
4 41084 7 10228 2048 2.000000000
5 42083 7 10229 2048 2.000000000
6 43114 7 10230 2048 2.000000000
7 44145 7 10231 2048 2.000000000
8 45176 7 10232 2048 2.000000000
9 46207 7 10233 2048 2.000000000
10 47206 7 10234 2048 2.000000000
11 48237 7 10235 2048 2.000000000
12 49268 7 10236 2048 2.000000000
13 50299 7 10237 2048 2.000000000
14 51298 7 10238 2048 2.000000000
15 52329 7 10239 2048 2.000000000
16 53360 7 10240 2048 2.000000000
17 54391 7 10241 2048 2.000000000
18 55422 7 10242 2048 2.000000000
19 56421 7 10243 2048 2.000000000
20 57452 7 10244 2048 2.000000000
21 58483 7 10245 2048 2.000000000
22 59514 7 10246 2048 2.000000000
23 60513 7 10247 2048 2.000000000
24 61544 7 10248 2048 2.000000000
25 62575 7 10249 2048 2.000000000
26 63606 7 10250 2048 2.000000000
27 64637 7 10251 2048 2.000000000
28 1156 7 10252 2048 2.000000000
29 2187 7 10253 2048 2.000000000
30 3218 7 10254 2048 2.000000000
31 4249 7 10255 2048 2.000000000
0 5248 7 10256 2048 2.000000000
1 6279 7 10257 2048 2.000000000
2 7310 7 10258 2048 2.000000000
3 8341 7 10259 2048 2.000000000
4 9372 7 10260 2048 2.000000000
5 10371 7 10261 2048 2.000000000
6 11402 7 10262 2048 2.000000000
7 12433 7 10263 2048 2.000000000
8 13464 7 10264 2048 2.000000000
9 14495 7 10265 2048 2.000000000
10 15494 7 10266 2048 2.000000000
11 16525 7 10267 2048 2.000000000
12 17556 7 10268 2048 2.000000000
13 18587 7 10269 2048 2.000000000
14 19586 7 10270 2048 2.000000000
15 20617 7 10271 2048 2.000000000
16 21648 7 10272 2048 2.000000000
17 22679 7 10273 2048 2.000000000
18 23710 7 10274 2048 2.000000000
19 24709 7 10275 2048 2.000000000
20 25740 7 10276 2048 2.000000000
21 26771 7 10277 2048 2.000000000
22 27802 7 10278 2048 2.000000000
23 28801 7 10279 2048 2.000000000
24 29832 7 10280 2048 2.000000000
25 30863 7 10281 2048 2.000000000
26 31894 7 10282 2048 2.000000000
27 32925 7 10283 2048 2.000000000
28 33924 7 10284 2048 2.000000000
29 34955 7 10285 2048 2.000000000
30 35986 7 10286 2048 2.000000000
31 37017 7 10287 2048 2.000000000
0 38016 7 10288 2048 2.000000000
1 39047 7 10289 2048 2.000000000
2 40078 7 10290 2048 2.000000000
3 41109 7 10291 2048 2.000000000
4 42140 7 10292 2048 2.000000000
5 43139 7 10293 2048 2.000000000
6 44170 7 10294 2048 2.000000000
7 45201 7 10295 2048 2.000000000
8 46232 7 10296 2048 2.000000000
9 47263 7 10297 2048 2.000000000
10 48262 7 10298 2048 2.000000000
11 49293 7 10299 2048 2.000000000
12 50324 7 10300 2048 2.000000000
13 51355 7 10301 2048 2.000000000
14 52354 7 10302 2048 2.000000000
15 53385 7 10303 2048 2.000000000
16 54416 7 10304 2048 2.000000000
17 55447 7 10305 2048 2.000000000
18 56478 7 10306 2048 2.000000000
19 57477 7 10307 2048 2.000000000
20 58508 7 10308 2048 2.000000000
21 59539 7 10309 2048 2.000000000
22 60570 7 10310 2048 2.000000000
23 61569 7 10311 2048 2.000000000
24 62600 7 10312 2048 2.000000000
25 63631 7 10313 2048 2.000000000
26 64662 7 10314 2048 2.000000000
27 1213 7 10315 2048 2.000000000
28 2212 7 10316 2048 2.000000000
29 3243 7 10317 2048 2.000000000
30 4274 7 10318 2048 2.000000000
31 5305 7 10319 2048 2.000000000
0 6304 7 10320 2048 2.000000000
1 7335 7 10321 2048 2.000000000
2 8366 7 10322 2048 2.000000000
3 9397 7 10323 2048 2.000000000
4 10428 7 10324 2048 2.000000000
5 11427 7 10325 2048 2.000000000
6 12458 7 10326 2048 2.000000000
7 13489 7 10327 2048 2.000000000
8 14520 7 10328 2048 2.000000000
9 15551 7 10329 2048 2.000000000
10 16550 7 10330 2048 2.000000000
11 17581 7 10331 2048 2.000000000
12 18612 7 10332 2048 2.000000000
13 19643 7 10333 2048 2.000000000
14 20642 7 10334 2048 2.000000000
15 21673 7 10335 2048 2.000000000
16 22704 7 10336 2048 2.000000000
17 23735 7 10337 2048 2.000000000
18 24766 7 10338 2048 2.000000000
19 25765 7 10339 2048 2.000000000
20 26796 7 10340 2048 2.000000000
21 27827 7 10341 2048 2.000000000
22 28858 7 10342 2048 2.000000000
23 29857 7 10343 2048 2.000000000
24 30888 7 10344 2048 2.000000000
25 31919 7 10345 2048 2.000000000
26 32950 7 10346 2048 2.000000000
27 33981 7 10347 2048 2.000000000
28 34980 7 10348 2048 2.000000000
29 36011 7 10349 2048 2.000000000
30 37042 7 10350 2048 2.000000000
31 38073 7 10351 2048 2.000000000
0 39072 7 10352 2048 2.000000000
1 40103 7 10353 2048 2.000000000
2 41134 7 10354 2048 2.000000000
3 42165 7 10355 2048 2.000000000
4 43196 7 10356 2048 2.000000000
5 44195 7 10357 2048 2.000000000
6 45226 7 10358 2048 2.000000000
7 46257 7 10359 2048 2.000000000
8 47288 7 10360 2048 2.000000000
9 48319 7 10361 2048 2.000000000
10 49318 7 10362 2048 2.000000000
11 50349 7 10363 2048 2.000000000
12 51380 7 10364 2048 2.000000000
13 52411 7 10365 2048 2.000000000
14 53410 7 10366 2048 2.000000000
15 54441 7 10367 2048 2.000000000
16 55472 7 10368 2048 2.000000000
17 56503 7 10369 2048 2.000000000
18 57534 7 10370 2048 2.000000000
19 58533 7 10371 2048 2.000000000
20 59564 7 10372 2048 2.000000000
21 60595 7 10373 2048 2.000000000
22 61626 7 10374 2048 2.000000000
23 62625 7 10375 2048 2.000000000
24 63656 7 10376 2048 2.000000000
25 64687 7 10377 2048 2.000000000
26 1238 7 10378 2048 2.000000000
27 2269 7 10379 2048 2.000000000
28 3268 7 10380 2048 2.000000000
29 4299 7 10381 2048 2.000000000
30 5330 7 10382 2048 2.000000000
31 6361 7 10383 2048 2.000000000
0 7360 7 10384 2048 2.000000000
1 8391 7 10385 2048 2.000000000
2 9422 7 10386 2048 2.000000000
3 10453 7 10387 2048 2.000000000
4 11484 7 10388 2048 2.000000000
5 12483 7 10389 2048 2.000000000
6 13514 7 10390 2048 2.000000000
7 14545 7 10391 2048 2.000000000
8 15576 7 10392 2048 2.000000000
9 16607 7 10393 2048 2.000000000
10 17606 7 10394 2048 2.000000000
11 18637 7 10395 2048 2.000000000
12 19668 7 10396 2048 2.000000000
13 20699 7 10397 2048 2.000000000
14 21698 7 10398 2048 2.000000000
15 22729 7 10399 2048 2.000000000
16 23760 7 10400 2048 2.000000000
17 24791 7 10401 2048 2.000000000
18 25822 7 10402 2048 2.000000000
19 26821 7 10403 2048 2.000000000
20 27852 7 10404 2048 2.000000000
21 28883 7 10405 2048 2.000000000
22 29914 7 10406 2048 2.000000000
23 30913 7 10407 2048 2.000000000
24 31944 7 10408 2048 2.000000000
25 32975 7 10409 2048 2.000000000
26 34006 7 10410 2048 2.000000000
27 35037 7 10411 2048 2.000000000
28 36036 7 10412 2048 2.000000000
29 37067 7 10413 2048 2.000000000
30 38098 7 10414 2048 2.000000000
31 39129 7 10415 2048 2.000000000
0 40128 7 10416 2048 2.000000000
1 41159 7 10417 2048 2.000000000
2 42190 7 10418 2048 2.000000000
3 43221 7 10419 2048 2.000000000
4 44252 7 10420 2048 2.000000000
5 45251 7 10421 2048 2.000000000
6 46282 7 10422 2048 2.000000000
7 47313 7 10423 2048 2.000000000
8 48344 7 10424 2048 2.000000000
9 49375 7 10425 2048 2.000000000
10 50374 7 10426 2048 2.000000000
11 51405 7 10427 2048 2.000000000
12 52436 7 10428 2048 2.000000000
13 53467 7 10429 2048 2.000000000
14 54466 7 10430 2048 2.000000000
15 55497 7 10431 2048 2.000000000
16 56528 7 10432 2048 2.000000000
17 57559 7 10433 2048 2.000000000
18 58590 7 10434 2048 2.000000000
19 59589 7 10435 2048 2.000000000
20 60620 7 10436 2048 2.000000000
21 61651 7 10437 2048 2.000000000
22 62682 7 10438 2048 2.000000000
23 63681 7 10439 2048 2.000000000
24 64712 7 10440 2048 2.000000000
25 1263 7 10441 2048 2.000000000
26 2294 7 10442 2048 2.000000000
27 3325 7 10443 2048 2.000000000
28 4324 7 10444 2048 2.000000000
29 5355 7 10445 2048 2.000000000
30 6386 7 10446 2048 2.000000000
31 7417 7 10447 2048 2.000000000
0 8416 7 10448 2048 2.000000000
1 9447 7 10449 2048 2.000000000
2 10478 7 10450 2048 2.000000000
3 11509 7 10451 2048 2.000000000
4 12540 7 10452 2048 2.000000000
5 13539 7 10453 2048 2.000000000
6 14570 7 10454 2048 2.000000000
7 15601 7 10455 2048 2.000000000
8 16632 7 10456 2048 2.000000000
9 17663 7 10457 2048 2.000000000
10 18662 7 10458 2048 2.000000000
11 19693 7 10459 2048 2.000000000
12 20724 7 10460 2048 2.000000000
13 21755 7 10461 2048 2.000000000
14 22754 7 10462 2048 2.000000000
15 23785 7 10463 2048 2.000000000
16 24816 7 10464 2048 2.000000000
17 25847 7 10465 2048 2.000000000
18 26878 7 10466 2048 2.000000000
19 27877 7 10467 2048 2.000000000
20 28908 7 10468 2048 2.000000000
21 29939 7 10469 2048 2.000000000
22 30970 7 10470 2048 2.000000000
23 31969 7 10471 2048 2.000000000
24 33000 7 10472 2048 2.000000000
25 34031 7 10473 2048 2.000000000
26 35062 7 10474 2048 2.000000000
27 36093 7 10475 2048 2.000000000
28 37092 7 10476 2048 2.000000000
29 38123 7 10477 2048 2.000000000
30 39154 7 10478 2048 2.000000000
31 40185 7 10479 2048 2.000000000
0 41184 7 10480 2048 2.000000000
1 42215 7 10481 2048 2.000000000
2 43246 7 10482 2048 2.000000000
3 44277 7 10483 2048 2.000000000
4 45308 7 10484 2048 2.000000000
5 46307 7 10485 2048 2.000000000
6 47338 7 10486 2048 2.000000000
7 48369 7 10487 2048 2.000000000
8 49400 7 10488 2048 2.000000000
9 50431 7 10489 2048 2.000000000
10 51430 7 10490 2048 2.000000000
11 52461 7 10491 2048 2.000000000
12 53492 7 10492 2048 2.000000000
13 54523 7 10493 2048 2.000000000
14 55522 7 10494 2048 2.000000000
15 56553 7 10495 2048 2.000000000
16 57584 7 10496 2048 2.000000000
17 58615 7 10497 2048 2.000000000
18 59646 7 10498 2048 2.000000000
19 60645 7 10499 2048 2.000000000
