500
0 1024 7 10000 65536 2.000000000
1 2055 7 10001 65536 2.000000000
2 3086 7 10002 65536 2.000000000
3 4117 7 10003 65536 2.000000000
4 5148 7 10004 65536 2.000000000
5 6147 7 10005 65536 2.000000000
6 7178 7 10006 65536 2.000000000
7 8209 7 10007 65536 2.000000000
8 9240 7 10008 65536 2.000000000
9 10271 7 10009 65536 2.000000000
10 11270 7 10010 65536 2.000000000
11 12301 7 10011 65536 2.000000000
12 13332 7 10012 65536 2.000000000
13 14363 7 10013 65536 2.000000000
14 15362 7 10014 65536 2.000000000
15 16393 7 10015 65536 2.000000000
16 17424 7 10016 65536 2.000000000
17 18455 7 10017 65536 2.000000000
18 19486 7 10018 65536 2.000000000
19 20485 7 10019 65536 2.000000000
20 21516 7 10020 65536 2.000000000
21 22547 7 10021 65536 2.000000000
22 23578 7 10022 65536 2.000000000
23 24577 7 10023 65536 2.000000000
24 25608 7 10024 65536 2.000000000
25 26639 7 10025 65536 2.000000000
26 27670 7 10026 65536 2.000000000
27 28701 7 10027 65536 2.000000000
28 29700 7 10028 65536 2.000000000
29 30731 7 10029 65536 2.000000000
30 31762 7 10030 65536 2.000000000
31 32793 7 10031 65536 2.000000000
0 33792 7 10032 65536 2.000000000
1 34823 7 10033 65536 2.000000000
2 35854 7 10034 65536 2.000000000
3 36885 7 10035 65536 2.000000000
4 37916 7 10036 65536 2.000000000
5 38915 7 10037 65536 2.000000000
6 39946 7 10038 65536 2.000000000
7 40977 7 10039 65536 2.000000000
8 42008 7 10040 65536 2.000000000
9 43039 7 10041 65536 2.000000000
10 44038 7 10042 65536 2.000000000
11 45069 7 10043 65536 2.000000000
12 46100 7 10044 65536 2.000000000
13 47131 7 10045 65536 2.000000000
14 48130 7 10046 65536 2.000000000
15 49161 7 10047 65536 2.000000000
16 50192 7 10048 65536 2.000000000
17 51223 7 10049 65536 2.000000000
18 52254 7 10050 65536 2.000000000
19 53253 7 10051 65536 2.000000000
20 54284 7 10052 65536 2.000000000
21 55315 7 10053 65536 2.000000000
22 56346 7 10054 65536 2.000000000
23 57345 7 10055 65536 2.000000000
24 58376 7 10056 65536 2.000000000
25 59407 7 10057 65536 2.000000000
26 60438 7 10058 65536 2.000000000
27 61469 7 10059 65536 2.000000000
28 62468 7 10060 65536 2.000000000
29 63499 7 10061 65536 2.000000000
30 64530 7 10062 65536 2.000000000
31 1081 7 10063 65536 2.000000000
0 2080 7 10064 65536 2.000000000
1 3111 7 10065 65536 2.000000000
2 4142 7 10066 65536 2.000000000
3 5173 7 10067 65536 2.000000000
4 6204 7 10068 65536 2.000000000
5 7203 7 10069 65536 2.000000000
6 8234 7 10070 65536 2.000000000
7 9265 7 10071 65536 2.000000000
8 10296 7 10072 65536 2.000000000
9 11327 7 10073 65536 2.000000000
10 12326 7 10074 65536 2.000000000
11 13357 7 10075 65536 2.000000000
12 14388 7 10076 65536 2.000000000
13 15419 7 10077 65536 2.000000000
14 16418 7 10078 65536 2.000000000
15 17449 7 10079 65536 2.000000000
16 18480 7 10080 65536 2.000000000
17 19511 7 10081 65536 2.000000000
18 20542 7 10082 65536 2.000000000
19 21541 7 10083 65536 2.000000000
20 22572 7 10084 65536 2.000000000
21 23603 7 10085 65536 2.000000000
22 24634 7 10086 65536 2.000000000
23 25633 7 10087 65536 2.000000000
24 26664 7 10088 65536 2.000000000
25 27695 7 10089 65536 2.000000000
26 28726 7 10090 65536 2.000000000
27 29757 7 10091 65536 2.000000000
28 30756 7 10092 65536 2.000000000
29 31787 7 10093 65536 2.000000000
30 32818 7 10094 65536 2.000000000
31 33849 7 10095 65536 2.000000000
0 34848 7 10096 65536 2.000000000
1 35879 7 10097 65536 2.000000000
2 36910 7 10098 65536 2.000000000
3 37941 7 10099 65536 2.000000000
4 38972 7 10100 65536 2.000000000
5 39971 7 10101 65536 2.000000000
6 41002 7 10102 65536 2.000000000
7 42033 7 10103 65536 2.000000000
8 43064 7 10104 65536 2.000000000
9 44095 7 10105 65536 2.000000000
10 45094 7 10106 65536 2.000000000
11 46125 7 10107 65536 2.000000000
12 47156 7 10108 65536 2.000000000
13 48187 7 10109 65536 2.000000000
14 49186 7 10110 65536 2.000000000
15 50217 7 10111 65536 2.000000000
16 51248 7 10112 65536 2.000000000
17 52279 7 10113 65536 2.000000000
18 53310 7 10114 65536 2.000000000
19 54309 7 10115 65536 2.000000000
20 55340 7 10116 65536 2.000000000
21 56371 7 10117 65536 2.000000000
22 57402 7 10118 65536 2.000000000
23 58401 7 10119 65536 2.000000000
24 59432 7 10120 65536 2.000000000
25 60463 7 10121 65536 2.000000000
26 61494 7 10122 65536 2.000000000
27 62525 7 10123 65536 2.000000000
28 63524 7 10124 65536 2.000000000
29 64555 7 10125 65536 2.000000000
30 1106 7 10126 65536 2.000000000
31 2137 7 10127 65536 2.000000000
0 3136 7 10128 65536 2.000000000
1 4167 7 10129 65536 2.000000000
2 5198 7 10130 65536 2.000000000
3 6229 7 10131 65536 2.000000000
4 7260 7 10132 65536 2.000000000
5 8259 7 10133 65536 2.000000000
6 9290 7 10134 65536 2.000000000
7 10321 7 10135 65536 2.000000000
8 11352 7 10136 65536 2.000000000
9 12383 7 10137 65536 2.000000000
10 13382 7 10138 65536 2.000000000
11 14413 7 10139 65536 2.000000000
12 15444 7 10140 65536 2.000000000
13 16475 7 10141 65536 2.000000000
14 17474 7 10142 65536 2.000000000
15 18505 7 10143 65536 2.000000000
16 19536 7 10144 65536 2.000000000
17 20567 7 10145 65536 2.000000000
18 21598 7 10146 65536 2.000000000
19 22597 7 10147 65536 2.000000000
20 23628 7 10148 65536 2.000000000
21 24659 7 10149 65536 2.000000000
22 25690 7 10150 65536 2.000000000
23 26689 7 10151 65536 2.000000000
24 27720 7 10152 65536 2.000000000
25 28751 7 10153 65536 2.000000000
26 29782 7 10154 65536 2.000000000
27 30813 7 10155 65536 2.000000000
28 31812 7 10156 65536 2.000000000
29 32843 7 10157 65536 2.000000000
30 33874 7 10158 65536 2.000000000
31 34905 7 10159 65536 2.000000000
0 35904 7 10160 65536 2.000000000
1 36935 7 10161 65536 2.000000000
2 37966 7 10162 65536 2.000000000
3 38997 7 10163 65536 2.000000000
4 40028 7 10164 65536 2.000000000
5 41027 7 10165 65536 2.000000000
6 42058 7 10166 65536 2.000000000
7 43089 7 10167 65536 2.000000000
8 44120 7 10168 65536 2.000000000
9 45151 7 10169 65536 2.000000000
10 46150 7 10170 65536 2.000000000
11 47181 7 10171 65536 2.000000000
12 48212 7 10172 65536 2.000000000
13 49243 7 10173 65536 2.000000000
14 50242 7 10174 65536 2.000000000
15 51273 7 10175 65536 2.000000000
16 52304 7 10176 65536 2.000000000
17 53335 7 10177 65536 2.000000000
18 54366 7 10178 65536 2.000000000
19 55365 7 10179 65536 2.000000000
20 56396 7 10180 65536 2.000000000
21 57427 7 10181 65536 2.000000000
22 58458 7 10182 65536 2.000000000
23 59457 7 10183 65536 2.000000000
24 60488 7 10184 65536 2.000000000
25 61519 7 10185 65536 2.000000000
26 62550 7 10186 65536 2.000000000
27 63581 7 10187 65536 2.000000000
28 64580 7 10188 65536 2.000000000
29 1131 7 10189 65536 2.000000000
30 2162 7 10190 65536 2.000000000
31 3193 7 10191 65536 2.000000000
0 4192 7 10192 65536 2.000000000
1 5223 7 10193 65536 2.000000000
2 6254 7 10194 65536 2.000000000
3 7285 7 10195 65536 2.000000000
4 8316 7 10196 65536 2.000000000
5 9315 7 10197 65536 2.000000000
6 10346 7 10198 65536 2.000000000
7 11377 7 10199 65536 2.000000000
8 12408 7 10200 65536 2.000000000
9 13439 7 10201 65536 2.000000000
10 14438 7 10202 65536 2.000000000
11 15469 7 10203 65536 2.000000000
12 16500 7 10204 65536 2.000000000
13 17531 7 10205 65536 2.000000000
14 18530 7 10206 65536 2.000000000
15 19561 7 10207 65536 2.000000000
16 20592 7 10208 65536 2.000000000
17 21623 7 10209 65536 2.000000000
18 22654 7 10210 65536 2.000000000
19 23653 7 10211 65536 2.000000000
20 24684 7 10212 65536 2.000000000
21 25715 7 10213 65536 2.000000000
22 26746 7 10214 65536 2.000000000
23 27745 7 10215 65536 2.000000000
24 28776 7 10216 65536 2.000000000
25 29807 7 10217 65536 2.000000000
26 30838 7 10218 65536 2.000000000
27 31869 7 10219 65536 2.000000000
28 32868 7 10220 65536 2.000000000
29 33899 7 10221 65536 2.000000000
30 34930 7 10222 65536 2.000000000
31 35961 7 10223 65536 2.000000000
0 36960 7 10224 65536 2.000000000
1 37991 7 10225 65536 2.000000000
2 39022 7 10226 65536 2.000000000
3 40053 7 10227 65536 2.000000000
4 41084 7 10228 65536 2.000000000
5 42083 7 10229 65536 2.000000000
6 43114 7 10230 65536 2.000000000
7 44145 7 10231 65536 2.000000000
8 45176 7 10232 65536 2.000000000
9 46207 7 10233 65536 2.000000000
10 47206 7 10234 65536 2.000000000
11 48237 7 10235 65536 2.000000000
12 49268 7 10236 65536 2.000000000
13 50299 7 10237 65536 2.000000000
14 51298 7 10238 65536 2.000000000
15 52329 7 10239 65536 2.000000000
16 53360 7 10240 65536 2.000000000
17 54391 7 10241 65536 2.000000000
18 55422 7 10242 65536 2.000000000
19 56421 7 10243 65536 2.000000000
20 57452 7 10244 65536 2.000000000
21 58483 7 10245 65536 2.000000000
22 59514 7 10246 65536 2.000000000
23 60513 7 10247 65536 2.000000000
24 61544 7 10248 65536 2.000000000
25 62575 7 10249 65536 2.000000000
26 63606 7 10250 65536 2.000000000
27 64637 7 10251 65536 2.000000000
28 1156 7 10252 65536 2.000000000
29 2187 7 10253 65536 2.000000000
30 3218 7 10254 65536 2.000000000
31 4249 7 10255 65536 2.000000000
0 5248 7 10256 65536 2.000000000
1 6279 7 10257 65536 2.000000000
2 7310 7 10258 65536 2.000000000
3 8341 7 10259 65536 2.000000000
4 9372 7 10260 65536 2.000000000
5 10371 7 10261 65536 2.000000000
6 11402 7 10262 65536 2.000000000
7 12433 7 10263 65536 2.000000000
8 13464 7 10264 65536 2.000000000
9 14495 7 10265 65536 2.000000000
10 15494 7 10266 65536 2.000000000
11 16525 7 10267 65536 2.000000000
12 17556 7 10268 65536 2.000000000
13 18587 7 10269 65536 2.000000000
14 19586 7 10270 65536 2.000000000
15 20617 7 10271 65536 2.000000000
16 21648 7 10272 65536 2.000000000
17 22679 7 10273 65536 2.000000000
18 23710 7 10274 65536 2.000000000
19 24709 7 10275 65536 2.000000000
20 25740 7 10276 65536 2.000000000
21 26771 7 10277 65536 2.000000000
22 27802 7 10278 65536 2.000000000
23 28801 7 10279 65536 2.000000000
24 29832 7 10280 65536 2.000000000
25 30863 7 10281 65536 2.000000000
26 31894 7 10282 65536 2.000000000
27 32925 7 10283 65536 2.000000000
28 33924 7 10284 65536 2.000000000
29 34955 7 10285 65536 2.000000000
30 35986 7 10286 65536 2.000000000
31 37017 7 10287 65536 2.000000000
0 38016 7 10288 65536 2.000000000
1 39047 7 10289 65536 2.000000000
2 40078 7 10290 65536 2.000000000
3 41109 7 10291 65536 2.000000000
4 42140 7 10292 65536 2.000000000
5 43139 7 10293 65536 2.000000000
6 44170 7 10294 65536 2.000000000
7 45201 7 10295 65536 2.000000000
8 46232 7 10296 65536 2.000000000
9 47263 7 10297 65536 2.000000000
10 48262 7 10298 65536 2.000000000
11 49293 7 10299 65536 2.000000000
12 50324 7 10300 65536 2.000000000
13 51355 7 10301 65536 2.000000000
14 52354 7 10302 65536 2.000000000
15 53385 7 10303 65536 2.000000000
16 54416 7 10304 65536 2.000000000
17 55447 7 10305 65536 2.000000000
18 56478 7 10306 65536 2.000000000
19 57477 7 10307 65536 2.000000000
20 58508 7 10308 65536 2.000000000
21 59539 7 10309 65536 2.000000000
22 60570 7 10310 65536 2.000000000
23 61569 7 10311 65536 2.000000000
24 62600 7 10312 65536 2.000000000
25 63631 7 10313 65536 2.000000000
26 64662 7 10314 65536 2.000000000
27 1213 7 10315 65536 2.000000000
28 2212 7 10316 65536 2.000000000
29 3243 7 10317 65536 2.000000000
30 4274 7 10318 65536 2.000000000
31 5305 7 10319 65536 2.000000000
0 6304 7 10320 65536 2.000000000
1 7335 7 10321 65536 2.000000000
2 8366 7 10322 65536 2.000000000
3 9397 7 10323 65536 2.000000000
4 10428 7 10324 65536 2.000000000
5 11427 7 10325 65536 2.000000000
6 12458 7 10326 65536 2.000000000
7 13489 7 10327 65536 2.000000000
8 14520 7 10328 65536 2.000000000
9 15551 7 10329 65536 2.000000000
10 16550 7 10330 65536 2.000000000
11 17581 7 10331 65536 2.000000000
12 18612 7 10332 65536 2.000000000
13 19643 7 10333 65536 2.000000000
14 20642 7 10334 65536 2.000000000
15 21673 7 10335 65536 2.000000000
16 22704 7 10336 65536 2.000000000
17 23735 7 10337 65536 2.000000000
18 24766 7 10338 65536 2.000000000
19 25765 7 10339 65536 2.000000000
20 26796 7 10340 65536 2.000000000
21 27827 7 10341 65536 2.000000000
22 28858 7 10342 65536 2.000000000
23 29857 7 10343 65536 2.000000000
24 30888 7 10344 65536 2.000000000
25 31919 7 10345 65536 2.000000000
26 32950 7 10346 65536 2.000000000
27 33981 7 10347 65536 2.000000000
28 34980 7 10348 65536 2.000000000
29 36011 7 10349 65536 2.000000000
30 37042 7 10350 65536 2.000000000
31 38073 7 10351 65536 2.000000000
0 39072 7 10352 65536 2.000000000
1 40103 7 10353 65536 2.000000000
2 41134 7 10354 65536 2.000000000
3 42165 7 10355 65536 2.000000000
4 43196 7 10356 65536 2.000000000
5 44195 7 10357 65536 2.000000000
6 45226 7 10358 65536 2.000000000
7 46257 7 10359 65536 2.000000000
8 47288 7 10360 65536 2.000000000
9 48319 7 10361 65536 2.000000000
10 49318 7 10362 65536 2.000000000
11 50349 7 10363 65536 2.000000000
12 51380 7 10364 65536 2.000000000
13 52411 7 10365 65536 2.000000000
14 53410 7 10366 65536 2.000000000
15 54441 7 10367 65536 2.000000000
16 55472 7 10368 65536 2.000000000
17 56503 7 10369 65536 2.000000000
18 57534 7 10370 65536 2.000000000
19 58533 7 10371 65536 2.000000000
20 59564 7 10372 65536 2.000000000
21 60595 7 10373 65536 2.000000000
22 61626 7 10374 65536 2.000000000
23 62625 7 10375 65536 2.000000000
24 63656 7 10376 65536 2.000000000
25 64687 7 10377 65536 2.000000000
26 1238 7 10378 65536 2.000000000
27 2269 7 10379 65536 2.000000000
28 3268 7 10380 65536 2.000000000
29 4299 7 10381 65536 2.000000000
30 5330 7 10382 65536 2.000000000
31 6361 7 10383 65536 2.000000000
0 7360 7 10384 65536 2.000000000
1 8391 7 10385 65536 2.000000000
2 9422 7 10386 65536 2.000000000
3 10453 7 10387 65536 2.000000000
4 11484 7 10388 65536 2.000000000
5 12483 7 10389 65536 2.000000000
6 13514 7 10390 65536 2.000000000
7 14545 7 10391 65536 2.000000000
8 15576 7 10392 65536 2.000000000
9 16607 7 10393 65536 2.000000000
10 17606 7 10394 65536 2.000000000
11 18637 7 10395 65536 2.000000000
12 19668 7 10396 65536 2.000000000
13 20699 7 10397 65536 2.000000000
14 21698 7 10398 65536 2.000000000
15 22729 7 10399 65536 2.000000000
16 23760 7 10400 65536 2.000000000
17 24791 7 10401 65536 2.000000000
18 25822 7 10402 65536 2.000000000
19 26821 7 10403 65536 2.000000000
20 27852 7 10404 65536 2.000000000
21 28883 7 10405 65536 2.000000000
22 29914 7 10406 65536 2.000000000
23 30913 7 10407 65536 2.000000000
24 31944 7 10408 65536 2.000000000
25 32975 7 10409 65536 2.000000000
26 34006 7 10410 65536 2.000000000
27 35037 7 10411 65536 2.000000000
28 36036 7 10412 65536 2.000000000
29 37067 7 10413 65536 2.000000000
30 38098 7 10414 65536 2.000000000
31 39129 7 10415 65536 2.000000000
0 40128 7 10416 65536 2.000000000
1 41159 7 10417 65536 2.000000000
2 42190 7 10418 65536 2.000000000
3 43221 7 10419 65536 2.000000000
4 44252 7 10420 65536 2.000000000
5 45251 7 10421 65536 2.000000000
6 46282 7 10422 65536 2.000000000
7 47313 7 10423 65536 2.000000000
8 48344 7 10424 65536 2.000000000
9 49375 7 10425 65536 2.000000000
10 50374 7 10426 65536 2.000000000
11 51405 7 10427 65536 2.000000000
12 52436 7 10428 65536 2.000000000
13 53467 7 10429 65536 2.000000000
14 54466 7 10430 65536 2.000000000
15 55497 7 10431 65536 2.000000000
16 56528 7 10432 65536 2.000000000
17 57559 7 10433 65536 2.000000000
18 58590 7 10434 65536 2.000000000
19 59589 7 10435 65536 2.000000000
20 60620 7 10436 65536 2.000000000
21 61651 7 10437 65536 2.000000000
22 62682 7 10438 65536 2.000000000
23 63681 7 10439 65536 2.000000000
24 64712 7 10440 65536 2.000000000
25 1263 7 10441 65536 2.000000000
26 2294 7 10442 65536 2.000000000
27 3325 7 10443 65536 2.000000000
28 4324 7 10444 65536 2.000000000
29 5355 7 10445 65536 2.000000000
30 6386 7 10446 65536 2.000000000
31 7417 7 10447 65536 2.000000000
0 8416 7 10448 65536 2.000000000
1 9447 7 10449 65536 2.000000000
2 10478 7 10450 65536 2.000000000
3 11509 7 10451 65536 2.000000000
4 12540 7 10452 65536 2.000000000
5 13539 7 10453 65536 2.000000000
6 14570 7 10454 65536 2.000000000
7 15601 7 10455 65536 2.000000000
8 16632 7 10456 65536 2.000000000
9 17663 7 10457 65536 2.000000000
10 18662 7 10458 65536 2.000000000
11 19693 7 10459 65536 2.000000000
12 20724 7 10460 65536 2.000000000
13 21755 7 10461 65536 2.000000000
14 22754 7 10462 65536 2.000000000
15 23785 7 10463 65536 2.000000000
16 24816 7 10464 65536 2.000000000
17 25847 7 10465 65536 2.000000000
18 26878 7 10466 65536 2.000000000
19 27877 7 10467 65536 2.000000000
20 28908 7 10468 65536 2.000000000
21 29939 7 10469 65536 2.000000000
22 30970 7 10470 65536 2.000000000
23 31969 7 10471 65536 2.000000000
24 33000 7 10472 65536 2.000000000
25 34031 7 10473 65536 2.000000000
26 35062 7 10474 65536 2.000000000
27 36093 7 10475 65536 2.000000000
28 37092 7 10476 65536 2.000000000
29 38123 7 10477 65536 2.000000000
30 39154 7 10478 65536 2.000000000
31 40185 7 10479 65536 2.000000000
0 41184 7 10480 65536 2.000000000
1 42215 7 10481 65536 2.000000000
2 43246 7 10482 65536 2.000000000
3 44277 7 10483 65536 2.000000000
4 45308 7 10484 65536 2.000000000
5 46307 7 10485 65536 2.000000000
6 47338 7 10486 65536 2.000000000
7 48369 7 10487 65536 2.000000000
8 49400 7 10488 65536 2.000000000
9 50431 7 10489 65536 2.000000000
10 51430 7 10490 65536 2.000000000
11 52461 7 10491 65536 2.000000000
12 53492 7 10492 65536 2.000000000
13 54523 7 10493 65536 2.000000000
14 55522 7 10494 65536 2.000000000
15 56553 7 10495 65536 2.000000000
16 57584 7 10496 65536 2.000000000
17 58615 7 10497 65536 2.000000000
18 59646 7 10498 65536 2.000000000
19 60645 7 10499 65536 2.000000000
