1290
0 1 7 10000 256 2.000000000
0 2 7 10001 256 2.000000000
0 3 7 10002 256 2.000000000
0 4 7 10003 256 2.000000000
0 5 7 10004 256 2.000000000
0 6 7 10005 256 2.000000000
0 7 7 10006 256 2.000000000
0 8 7 10007 256 2.000000000
0 9 7 10008 256 2.000000000
0 10 7 10009 256 2.000000000
0 11 7 10010 256 2.000000000
0 12 7 10011 256 2.000000000
0 13 7 10012 256 2.000000000
0 14 7 10013 256 2.000000000
0 15 7 10014 256 2.000000000
0 16 7 10015 256 2.000000000
0 17 7 10016 256 2.000000000
0 18 7 10017 256 2.000000000
0 19 7 10018 256 2.000000000
0 20 7 10019 256 2.000000000
0 21 7 10020 256 2.000000000
0 22 7 10021 256 2.000000000
0 23 7 10022 256 2.000000000
0 24 7 10023 256 2.000000000
0 25 7 10024 256 2.000000000
0 26 7 10025 256 2.000000000
0 27 7 10026 256 2.000000000
0 28 7 10027 256 2.000000000
0 29 7 10028 256 2.000000000
0 30 7 10029 256 2.000000000
0 31 7 10030 256 2.000000000
0 32 7 10031 256 2.000000000
0 33 7 10032 256 2.000000000
0 34 7 10033 256 2.000000000
0 35 7 10034 256 2.000000000
0 36 7 10035 256 2.000000000
0 37 7 10036 256 2.000000000
0 38 7 10037 256 2.000000000
0 39 7 10038 256 2.000000000
0 40 7 10039 256 2.000000000
0 41 7 10040 256 2.000000000
0 42 7 10041 256 2.000000000
0 43 7 10042 256 2.000000000
0 44 7 10043 256 2.000000000
0 45 7 10044 256 2.000000000
0 46 7 10045 256 2.000000000
0 47 7 10046 256 2.000000000
0 48 7 10047 256 2.000000000
0 49 7 10048 256 2.000000000
0 50 7 10049 256 2.000000000
0 51 7 10050 256 2.000000000
0 52 7 10051 256 2.000000000
0 53 7 10052 256 2.000000000
0 54 7 10053 256 2.000000000
0 55 7 10054 256 2.000000000
0 56 7 10055 256 2.000000000
0 57 7 10056 256 2.000000000
0 58 7 10057 256 2.000000000
0 59 7 10058 256 2.000000000
0 60 7 10059 256 2.000000000
0 61 7 10060 256 2.000000000
0 62 7 10061 256 2.000000000
0 63 7 10062 256 2.000000000
0 64 7 10063 256 2.000000000
0 65 7 10064 256 2.000000000
0 66 7 10065 256 2.000000000
0 67 7 10066 256 2.000000000
0 68 7 10067 256 2.000000000
0 69 7 10068 256 2.000000000
0 70 7 10069 256 2.000000000
0 71 7 10070 256 2.000000000
0 72 7 10071 256 2.000000000
0 73 7 10072 256 2.000000000
0 74 7 10073 256 2.000000000
0 75 7 10074 256 2.000000000
0 76 7 10075 256 2.000000000
0 77 7 10076 256 2.000000000
0 78 7 10077 256 2.000000000
0 79 7 10078 256 2.000000000
0 80 7 10079 256 2.000000000
0 81 7 10080 256 2.000000000
0 82 7 10081 256 2.000000000
0 83 7 10082 256 2.000000000
0 84 7 10083 256 2.000000000
0 85 7 10084 256 2.000000000
0 86 7 10085 256 2.000000000
0 87 7 10086 256 2.000000000
0 88 7 10087 256 2.000000000
0 89 7 10088 256 2.000000000
0 90 7 10089 256 2.000000000
0 91 7 10090 256 2.000000000
0 92 7 10091 256 2.000000000
0 93 7 10092 256 2.000000000
0 94 7 10093 256 2.000000000
0 95 7 10094 256 2.000000000
0 96 7 10095 256 2.000000000
0 97 7 10096 256 2.000000000
0 98 7 10097 256 2.000000000
0 99 7 10098 256 2.000000000
0 100 7 10099 256 2.000000000
0 101 7 10100 256 2.000000000
0 102 7 10101 256 2.000000000
0 103 7 10102 256 2.000000000
0 104 7 10103 256 2.000000000
0 105 7 10104 256 2.000000000
0 106 7 10105 256 2.000000000
0 107 7 10106 256 2.000000000
0 108 7 10107 256 2.000000000
0 109 7 10108 256 2.000000000
0 110 7 10109 256 2.000000000
0 111 7 10110 256 2.000000000
0 112 7 10111 256 2.000000000
0 113 7 10112 256 2.000000000
0 114 7 10113 256 2.000000000
0 115 7 10114 256 2.000000000
0 116 7 10115 256 2.000000000
0 117 7 10116 256 2.000000000
0 118 7 10117 256 2.000000000
0 119 7 10118 256 2.000000000
0 120 7 10119 256 2.000000000
0 121 7 10120 256 2.000000000
0 122 7 10121 256 2.000000000
0 123 7 10122 256 2.000000000
0 124 7 10123 256 2.000000000
0 125 7 10124 256 2.000000000
0 126 7 10125 256 2.000000000
0 127 7 10126 256 2.000000000
0 128 7 10127 256 2.000000000
0 129 7 10128 256 2.000000000
0 130 7 10129 256 2.000000000
0 131 7 10130 256 2.000000000
0 132 7 10131 256 2.000000000
0 133 7 10132 256 2.000000000
0 134 7 10133 256 2.000000000
0 135 7 10134 256 2.000000000
0 136 7 10135 256 2.000000000
0 137 7 10136 256 2.000000000
0 138 7 10137 256 2.000000000
0 139 7 10138 256 2.000000000
0 140 7 10139 256 2.000000000
0 141 7 10140 256 2.000000000
0 142 7 10141 256 2.000000000
0 143 7 10142 256 2.000000000
0 144 7 10143 256 2.000000000
0 145 7 10144 256 2.000000000
0 146 7 10145 256 2.000000000
0 147 7 10146 256 2.000000000
0 148 7 10147 256 2.000000000
0 149 7 10148 256 2.000000000
0 150 7 10149 256 2.000000000
0 151 7 10150 256 2.000000000
0 152 7 10151 256 2.000000000
0 153 7 10152 256 2.000000000
0 154 7 10153 256 2.000000000
0 155 7 10154 256 2.000000000
0 156 7 10155 256 2.000000000
0 157 7 10156 256 2.000000000
0 158 7 10157 256 2.000000000
0 159 7 10158 256 2.000000000
0 160 7 10159 256 2.000000000
0 161 7 10160 256 2.000000000
0 162 7 10161 256 2.000000000
0 163 7 10162 256 2.000000000
0 164 7 10163 256 2.000000000
0 165 7 10164 256 2.000000000
0 166 7 10165 256 2.000000000
0 167 7 10166 256 2.000000000
0 168 7 10167 256 2.000000000
0 169 7 10168 256 2.000000000
0 170 7 10169 256 2.000000000
0 171 7 10170 256 2.000000000
0 172 7 10171 256 2.000000000
0 173 7 10172 256 2.000000000
0 174 7 10173 256 2.000000000
0 175 7 10174 256 2.000000000
0 176 7 10175 256 2.000000000
0 177 7 10176 256 2.000000000
0 178 7 10177 256 2.000000000
0 179 7 10178 256 2.000000000
0 180 7 10179 256 2.000000000
0 181 7 10180 256 2.000000000
0 182 7 10181 256 2.000000000
0 183 7 10182 256 2.000000000
0 184 7 10183 256 2.000000000
0 185 7 10184 256 2.000000000
0 186 7 10185 256 2.000000000
0 187 7 10186 256 2.000000000
0 188 7 10187 256 2.000000000
0 189 7 10188 256 2.000000000
0 190 7 10189 256 2.000000000
0 191 7 10190 256 2.000000000
0 192 7 10191 256 2.000000000
0 193 7 10192 256 2.000000000
0 194 7 10193 256 2.000000000
0 195 7 10194 256 2.000000000
0 196 7 10195 256 2.000000000
0 197 7 10196 256 2.000000000
0 198 7 10197 256 2.000000000
0 199 7 10198 256 2.000000000
0 200 7 10199 256 2.000000000
0 201 7 10200 256 2.000000000
0 202 7 10201 256 2.000000000
0 203 7 10202 256 2.000000000
0 204 7 10203 256 2.000000000
0 205 7 10204 256 2.000000000
0 206 7 10205 256 2.000000000
0 207 7 10206 256 2.000000000
0 208 7 10207 256 2.000000000
0 209 7 10208 256 2.000000000
0 210 7 10209 256 2.000000000
0 211 7 10210 256 2.000000000
0 212 7 10211 256 2.000000000
0 213 7 10212 256 2.000000000
0 214 7 10213 256 2.000000000
0 215 7 10214 256 2.000000000
1 0 7 10215 256 2.000000000
1 2 7 10216 256 2.000000000
1 3 7 10217 256 2.000000000
1 4 7 10218 256 2.000000000
1 5 7 10219 256 2.000000000
1 6 7 10220 256 2.000000000
1 7 7 10221 256 2.000000000
1 8 7 10222 256 2.000000000
1 9 7 10223 256 2.000000000
1 10 7 10224 256 2.000000000
1 11 7 10225 256 2.000000000
1 12 7 10226 256 2.000000000
1 13 7 10227 256 2.000000000
1 14 7 10228 256 2.000000000
1 15 7 10229 256 2.000000000
1 16 7 10230 256 2.000000000
1 17 7 10231 256 2.000000000
1 18 7 10232 256 2.000000000
1 19 7 10233 256 2.000000000
1 20 7 10234 256 2.000000000
1 21 7 10235 256 2.000000000
1 22 7 10236 256 2.000000000
1 23 7 10237 256 2.000000000
1 24 7 10238 256 2.000000000
1 25 7 10239 256 2.000000000
1 26 7 10240 256 2.000000000
1 27 7 10241 256 2.000000000
1 28 7 10242 256 2.000000000
1 29 7 10243 256 2.000000000
1 30 7 10244 256 2.000000000
1 31 7 10245 256 2.000000000
1 32 7 10246 256 2.000000000
1 33 7 10247 256 2.000000000
1 34 7 10248 256 2.000000000
1 35 7 10249 256 2.000000000
1 36 7 10250 256 2.000000000
1 37 7 10251 256 2.000000000
1 38 7 10252 256 2.000000000
1 39 7 10253 256 2.000000000
1 40 7 10254 256 2.000000000
1 41 7 10255 256 2.000000000
1 42 7 10256 256 2.000000000
1 43 7 10257 256 2.000000000
1 44 7 10258 256 2.000000000
1 45 7 10259 256 2.000000000
1 46 7 10260 256 2.000000000
1 47 7 10261 256 2.000000000
1 48 7 10262 256 2.000000000
1 49 7 10263 256 2.000000000
1 50 7 10264 256 2.000000000
1 51 7 10265 256 2.000000000
1 52 7 10266 256 2.000000000
1 53 7 10267 256 2.000000000
1 54 7 10268 256 2.000000000
1 55 7 10269 256 2.000000000
1 56 7 10270 256 2.000000000
1 57 7 10271 256 2.000000000
1 58 7 10272 256 2.000000000
1 59 7 10273 256 2.000000000
1 60 7 10274 256 2.000000000
1 61 7 10275 256 2.000000000
1 62 7 10276 256 2.000000000
1 63 7 10277 256 2.000000000
1 64 7 10278 256 2.000000000
1 65 7 10279 256 2.000000000
1 66 7 10280 256 2.000000000
1 67 7 10281 256 2.000000000
1 68 7 10282 256 2.000000000
1 69 7 10283 256 2.000000000
1 70 7 10284 256 2.000000000
1 71 7 10285 256 2.000000000
1 72 7 10286 256 2.000000000
1 73 7 10287 256 2.000000000
1 74 7 10288 256 2.000000000
1 75 7 10289 256 2.000000000
1 76 7 10290 256 2.000000000
1 77 7 10291 256 2.000000000
1 78 7 10292 256 2.000000000
1 79 7 10293 256 2.000000000
1 80 7 10294 256 2.000000000
1 81 7 10295 256 2.000000000
1 82 7 10296 256 2.000000000
1 83 7 10297 256 2.000000000
1 84 7 10298 256 2.000000000
1 85 7 10299 256 2.000000000
1 86 7 10300 256 2.000000000
1 87 7 10301 256 2.000000000
1 88 7 10302 256 2.000000000
1 89 7 10303 256 2.000000000
1 90 7 10304 256 2.000000000
1 91 7 10305 256 2.000000000
1 92 7 10306 256 2.000000000
1 93 7 10307 256 2.000000000
1 94 7 10308 256 2.000000000
1 95 7 10309 256 2.000000000
1 96 7 10310 256 2.000000000
1 97 7 10311 256 2.000000000
1 98 7 10312 256 2.000000000
1 99 7 10313 256 2.000000000
1 100 7 10314 256 2.000000000
1 101 7 10315 256 2.000000000
1 102 7 10316 256 2.000000000
1 103 7 10317 256 2.000000000
1 104 7 10318 256 2.000000000
1 105 7 10319 256 2.000000000
1 106 7 10320 256 2.000000000
1 107 7 10321 256 2.000000000
1 108 7 10322 256 2.000000000
1 109 7 10323 256 2.000000000
1 110 7 10324 256 2.000000000
1 111 7 10325 256 2.000000000
1 112 7 10326 256 2.000000000
1 113 7 10327 256 2.000000000
1 114 7 10328 256 2.000000000
1 115 7 10329 256 2.000000000
1 116 7 10330 256 2.000000000
1 117 7 10331 256 2.000000000
1 118 7 10332 256 2.000000000
1 119 7 10333 256 2.000000000
1 120 7 10334 256 2.000000000
1 121 7 10335 256 2.000000000
1 122 7 10336 256 2.000000000
1 123 7 10337 256 2.000000000
1 124 7 10338 256 2.000000000
1 125 7 10339 256 2.000000000
1 126 7 10340 256 2.000000000
1 127 7 10341 256 2.000000000
1 128 7 10342 256 2.000000000
1 129 7 10343 256 2.000000000
1 130 7 10344 256 2.000000000
1 131 7 10345 256 2.000000000
1 132 7 10346 256 2.000000000
1 133 7 10347 256 2.000000000
1 134 7 10348 256 2.000000000
1 135 7 10349 256 2.000000000
1 136 7 10350 256 2.000000000
1 137 7 10351 256 2.000000000
1 138 7 10352 256 2.000000000
1 139 7 10353 256 2.000000000
1 140 7 10354 256 2.000000000
1 141 7 10355 256 2.000000000
1 142 7 10356 256 2.000000000
1 143 7 10357 256 2.000000000
1 144 7 10358 256 2.000000000
1 145 7 10359 256 2.000000000
1 146 7 10360 256 2.000000000
1 147 7 10361 256 2.000000000
1 148 7 10362 256 2.000000000
1 149 7 10363 256 2.000000000
1 150 7 10364 256 2.000000000
1 151 7 10365 256 2.000000000
1 152 7 10366 256 2.000000000
1 153 7 10367 256 2.000000000
1 154 7 10368 256 2.000000000
1 155 7 10369 256 2.000000000
1 156 7 10370 256 2.000000000
1 157 7 10371 256 2.000000000
1 158 7 10372 256 2.000000000
1 159 7 10373 256 2.000000000
1 160 7 10374 256 2.000000000
1 161 7 10375 256 2.000000000
1 162 7 10376 256 2.000000000
1 163 7 10377 256 2.000000000
1 164 7 10378 256 2.000000000
1 165 7 10379 256 2.000000000
1 166 7 10380 256 2.000000000
1 167 7 10381 256 2.000000000
1 168 7 10382 256 2.000000000
1 169 7 10383 256 2.000000000
1 170 7 10384 256 2.000000000
1 171 7 10385 256 2.000000000
1 172 7 10386 256 2.000000000
1 173 7 10387 256 2.000000000
1 174 7 10388 256 2.000000000
1 175 7 10389 256 2.000000000
1 176 7 10390 256 2.000000000
1 177 7 10391 256 2.000000000
1 178 7 10392 256 2.000000000
1 179 7 10393 256 2.000000000
1 180 7 10394 256 2.000000000
1 181 7 10395 256 2.000000000
1 182 7 10396 256 2.000000000
1 183 7 10397 256 2.000000000
1 184 7 10398 256 2.000000000
1 185 7 10399 256 2.000000000
1 186 7 10400 256 2.000000000
1 187 7 10401 256 2.000000000
1 188 7 10402 256 2.000000000
1 189 7 10403 256 2.000000000
1 190 7 10404 256 2.000000000
1 191 7 10405 256 2.000000000
1 192 7 10406 256 2.000000000
1 193 7 10407 256 2.000000000
1 194 7 10408 256 2.000000000
1 195 7 10409 256 2.000000000
1 196 7 10410 256 2.000000000
1 197 7 10411 256 2.000000000
1 198 7 10412 256 2.000000000
1 199 7 10413 256 2.000000000
1 200 7 10414 256 2.000000000
1 201 7 10415 256 2.000000000
1 202 7 10416 256 2.000000000
1 203 7 10417 256 2.000000000
1 204 7 10418 256 2.000000000
1 205 7 10419 256 2.000000000
1 206 7 10420 256 2.000000000
1 207 7 10421 256 2.000000000
1 208 7 10422 256 2.000000000
1 209 7 10423 256 2.000000000
1 210 7 10424 256 2.000000000
1 211 7 10425 256 2.000000000
1 212 7 10426 256 2.000000000
1 213 7 10427 256 2.000000000
1 214 7 10428 256 2.000000000
1 215 7 10429 256 2.000000000
2 0 7 10430 256 2.000000000
2 1 7 10431 256 2.000000000
2 3 7 10432 256 2.000000000
2 4 7 10433 256 2.000000000
2 5 7 10434 256 2.000000000
2 6 7 10435 256 2.000000000
2 7 7 10436 256 2.000000000
2 8 7 10437 256 2.000000000
2 9 7 10438 256 2.000000000
2 10 7 10439 256 2.000000000
2 11 7 10440 256 2.000000000
2 12 7 10441 256 2.000000000
2 13 7 10442 256 2.000000000
2 14 7 10443 256 2.000000000
2 15 7 10444 256 2.000000000
2 16 7 10445 256 2.000000000
2 17 7 10446 256 2.000000000
2 18 7 10447 256 2.000000000
2 19 7 10448 256 2.000000000
2 20 7 10449 256 2.000000000
2 21 7 10450 256 2.000000000
2 22 7 10451 256 2.000000000
2 23 7 10452 256 2.000000000
2 24 7 10453 256 2.000000000
2 25 7 10454 256 2.000000000
2 26 7 10455 256 2.000000000
2 27 7 10456 256 2.000000000
2 28 7 10457 256 2.000000000
2 29 7 10458 256 2.000000000
2 30 7 10459 256 2.000000000
2 31 7 10460 256 2.000000000
2 32 7 10461 256 2.000000000
2 33 7 10462 256 2.000000000
2 34 7 10463 256 2.000000000
2 35 7 10464 256 2.000000000
2 36 7 10465 256 2.000000000
2 37 7 10466 256 2.000000000
2 38 7 10467 256 2.000000000
2 39 7 10468 256 2.000000000
2 40 7 10469 256 2.000000000
2 41 7 10470 256 2.000000000
2 42 7 10471 256 2.000000000
2 43 7 10472 256 2.000000000
2 44 7 10473 256 2.000000000
2 45 7 10474 256 2.000000000
2 46 7 10475 256 2.000000000
2 47 7 10476 256 2.000000000
2 48 7 10477 256 2.000000000
2 49 7 10478 256 2.000000000
2 50 7 10479 256 2.000000000
2 51 7 10480 256 2.000000000
2 52 7 10481 256 2.000000000
2 53 7 10482 256 2.000000000
2 54 7 10483 256 2.000000000
2 55 7 10484 256 2.000000000
2 56 7 10485 256 2.000000000
2 57 7 10486 256 2.000000000
2 58 7 10487 256 2.000000000
2 59 7 10488 256 2.000000000
2 60 7 10489 256 2.000000000
2 61 7 10490 256 2.000000000
2 62 7 10491 256 2.000000000
2 63 7 10492 256 2.000000000
2 64 7 10493 256 2.000000000
2 65 7 10494 256 2.000000000
2 66 7 10495 256 2.000000000
2 67 7 10496 256 2.000000000
2 68 7 10497 256 2.000000000
2 69 7 10498 256 2.000000000
2 70 7 10499 256 2.000000000
2 71 7 10500 256 2.000000000
2 72 7 10501 256 2.000000000
2 73 7 10502 256 2.000000000
2 74 7 10503 256 2.000000000
2 75 7 10504 256 2.000000000
2 76 7 10505 256 2.000000000
2 77 7 10506 256 2.000000000
2 78 7 10507 256 2.000000000
2 79 7 10508 256 2.000000000
2 80 7 10509 256 2.000000000
2 81 7 10510 256 2.000000000
2 82 7 10511 256 2.000000000
2 83 7 10512 256 2.000000000
2 84 7 10513 256 2.000000000
2 85 7 10514 256 2.000000000
2 86 7 10515 256 2.000000000
2 87 7 10516 256 2.000000000
2 88 7 10517 256 2.000000000
2 89 7 10518 256 2.000000000
2 90 7 10519 256 2.000000000
2 91 7 10520 256 2.000000000
2 92 7 10521 256 2.000000000
2 93 7 10522 256 2.000000000
2 94 7 10523 256 2.000000000
2 95 7 10524 256 2.000000000
2 96 7 10525 256 2.000000000
2 97 7 10526 256 2.000000000
2 98 7 10527 256 2.000000000
2 99 7 10528 256 2.000000000
2 100 7 10529 256 2.000000000
2 101 7 10530 256 2.000000000
2 102 7 10531 256 2.000000000
2 103 7 10532 256 2.000000000
2 104 7 10533 256 2.000000000
2 105 7 10534 256 2.000000000
2 106 7 10535 256 2.000000000
2 107 7 10536 256 2.000000000
2 108 7 10537 256 2.000000000
2 109 7 10538 256 2.000000000
2 110 7 10539 256 2.000000000
2 111 7 10540 256 2.000000000
2 112 7 10541 256 2.000000000
2 113 7 10542 256 2.000000000
2 114 7 10543 256 2.000000000
2 115 7 10544 256 2.000000000
2 116 7 10545 256 2.000000000
2 117 7 10546 256 2.000000000
2 118 7 10547 256 2.000000000
2 119 7 10548 256 2.000000000
2 120 7 10549 256 2.000000000
2 121 7 10550 256 2.000000000
2 122 7 10551 256 2.000000000
2 123 7 10552 256 2.000000000
2 124 7 10553 256 2.000000000
2 125 7 10554 256 2.000000000
2 126 7 10555 256 2.000000000
2 127 7 10556 256 2.000000000
2 128 7 10557 256 2.000000000
2 129 7 10558 256 2.000000000
2 130 7 10559 256 2.000000000
2 131 7 10560 256 2.000000000
2 132 7 10561 256 2.000000000
2 133 7 10562 256 2.000000000
2 134 7 10563 256 2.000000000
2 135 7 10564 256 2.000000000
2 136 7 10565 256 2.000000000
2 137 7 10566 256 2.000000000
2 138 7 10567 256 2.000000000
2 139 7 10568 256 2.000000000
2 140 7 10569 256 2.000000000
2 141 7 10570 256 2.000000000
2 142 7 10571 256 2.000000000
2 143 7 10572 256 2.000000000
2 144 7 10573 256 2.000000000
2 145 7 10574 256 2.000000000
2 146 7 10575 256 2.000000000
2 147 7 10576 256 2.000000000
2 148 7 10577 256 2.000000000
2 149 7 10578 256 2.000000000
2 150 7 10579 256 2.000000000
2 151 7 10580 256 2.000000000
2 152 7 10581 256 2.000000000
2 153 7 10582 256 2.000000000
2 154 7 10583 256 2.000000000
2 155 7 10584 256 2.000000000
2 156 7 10585 256 2.000000000
2 157 7 10586 256 2.000000000
2 158 7 10587 256 2.000000000
2 159 7 10588 256 2.000000000
2 160 7 10589 256 2.000000000
2 161 7 10590 256 2.000000000
2 162 7 10591 256 2.000000000
2 163 7 10592 256 2.000000000
2 164 7 10593 256 2.000000000
2 165 7 10594 256 2.000000000
2 166 7 10595 256 2.000000000
2 167 7 10596 256 2.000000000
2 168 7 10597 256 2.000000000
2 169 7 10598 256 2.000000000
2 170 7 10599 256 2.000000000
2 171 7 10600 256 2.000000000
2 172 7 10601 256 2.000000000
2 173 7 10602 256 2.000000000
2 174 7 10603 256 2.000000000
2 175 7 10604 256 2.000000000
2 176 7 10605 256 2.000000000
2 177 7 10606 256 2.000000000
2 178 7 10607 256 2.000000000
2 179 7 10608 256 2.000000000
2 180 7 10609 256 2.000000000
2 181 7 10610 256 2.000000000
2 182 7 10611 256 2.000000000
2 183 7 10612 256 2.000000000
2 184 7 10613 256 2.000000000
2 185 7 10614 256 2.000000000
2 186 7 10615 256 2.000000000
2 187 7 10616 256 2.000000000
2 188 7 10617 256 2.000000000
2 189 7 10618 256 2.000000000
2 190 7 10619 256 2.000000000
2 191 7 10620 256 2.000000000
2 192 7 10621 256 2.000000000
2 193 7 10622 256 2.000000000
2 194 7 10623 256 2.000000000
2 195 7 10624 256 2.000000000
2 196 7 10625 256 2.000000000
2 197 7 10626 256 2.000000000
2 198 7 10627 256 2.000000000
2 199 7 10628 256 2.000000000
2 200 7 10629 256 2.000000000
2 201 7 10630 256 2.000000000
2 202 7 10631 256 2.000000000
2 203 7 10632 256 2.000000000
2 204 7 10633 256 2.000000000
2 205 7 10634 256 2.000000000
2 206 7 10635 256 2.000000000
2 207 7 10636 256 2.000000000
2 208 7 10637 256 2.000000000
2 209 7 10638 256 2.000000000
2 210 7 10639 256 2.000000000
2 211 7 10640 256 2.000000000
2 212 7 10641 256 2.000000000
2 213 7 10642 256 2.000000000
2 214 7 10643 256 2.000000000
2 215 7 10644 256 2.000000000
3 0 7 10645 256 2.000000000
3 1 7 10646 256 2.000000000
3 2 7 10647 256 2.000000000
3 4 7 10648 256 2.000000000
3 5 7 10649 256 2.000000000
3 6 7 10650 256 2.000000000
3 7 7 10651 256 2.000000000
3 8 7 10652 256 2.000000000
3 9 7 10653 256 2.000000000
3 10 7 10654 256 2.000000000
3 11 7 10655 256 2.000000000
3 12 7 10656 256 2.000000000
3 13 7 10657 256 2.000000000
3 14 7 10658 256 2.000000000
3 15 7 10659 256 2.000000000
3 16 7 10660 256 2.000000000
3 17 7 10661 256 2.000000000
3 18 7 10662 256 2.000000000
3 19 7 10663 256 2.000000000
3 20 7 10664 256 2.000000000
3 21 7 10665 256 2.000000000
3 22 7 10666 256 2.000000000
3 23 7 10667 256 2.000000000
3 24 7 10668 256 2.000000000
3 25 7 10669 256 2.000000000
3 26 7 10670 256 2.000000000
3 27 7 10671 256 2.000000000
3 28 7 10672 256 2.000000000
3 29 7 10673 256 2.000000000
3 30 7 10674 256 2.000000000
3 31 7 10675 256 2.000000000
3 32 7 10676 256 2.000000000
3 33 7 10677 256 2.000000000
3 34 7 10678 256 2.000000000
3 35 7 10679 256 2.000000000
3 36 7 10680 256 2.000000000
3 37 7 10681 256 2.000000000
3 38 7 10682 256 2.000000000
3 39 7 10683 256 2.000000000
3 40 7 10684 256 2.000000000
3 41 7 10685 256 2.000000000
3 42 7 10686 256 2.000000000
3 43 7 10687 256 2.000000000
3 44 7 10688 256 2.000000000
3 45 7 10689 256 2.000000000
3 46 7 10690 256 2.000000000
3 47 7 10691 256 2.000000000
3 48 7 10692 256 2.000000000
3 49 7 10693 256 2.000000000
3 50 7 10694 256 2.000000000
3 51 7 10695 256 2.000000000
3 52 7 10696 256 2.000000000
3 53 7 10697 256 2.000000000
3 54 7 10698 256 2.000000000
3 55 7 10699 256 2.000000000
3 56 7 10700 256 2.000000000
3 57 7 10701 256 2.000000000
3 58 7 10702 256 2.000000000
3 59 7 10703 256 2.000000000
3 60 7 10704 256 2.000000000
3 61 7 10705 256 2.000000000
3 62 7 10706 256 2.000000000
3 63 7 10707 256 2.000000000
3 64 7 10708 256 2.000000000
3 65 7 10709 256 2.000000000
3 66 7 10710 256 2.000000000
3 67 7 10711 256 2.000000000
3 68 7 10712 256 2.000000000
3 69 7 10713 256 2.000000000
3 70 7 10714 256 2.000000000
3 71 7 10715 256 2.000000000
3 72 7 10716 256 2.000000000
3 73 7 10717 256 2.000000000
3 74 7 10718 256 2.000000000
3 75 7 10719 256 2.000000000
3 76 7 10720 256 2.000000000
3 77 7 10721 256 2.000000000
3 78 7 10722 256 2.000000000
3 79 7 10723 256 2.000000000
3 80 7 10724 256 2.000000000
3 81 7 10725 256 2.000000000
3 82 7 10726 256 2.000000000
3 83 7 10727 256 2.000000000
3 84 7 10728 256 2.000000000
3 85 7 10729 256 2.000000000
3 86 7 10730 256 2.000000000
3 87 7 10731 256 2.000000000
3 88 7 10732 256 2.000000000
3 89 7 10733 256 2.000000000
3 90 7 10734 256 2.000000000
3 91 7 10735 256 2.000000000
3 92 7 10736 256 2.000000000
3 93 7 10737 256 2.000000000
3 94 7 10738 256 2.000000000
3 95 7 10739 256 2.000000000
3 96 7 10740 256 2.000000000
3 97 7 10741 256 2.000000000
3 98 7 10742 256 2.000000000
3 99 7 10743 256 2.000000000
3 100 7 10744 256 2.000000000
3 101 7 10745 256 2.000000000
3 102 7 10746 256 2.000000000
3 103 7 10747 256 2.000000000
3 104 7 10748 256 2.000000000
3 105 7 10749 256 2.000000000
3 106 7 10750 256 2.000000000
3 107 7 10751 256 2.000000000
3 108 7 10752 256 2.000000000
3 109 7 10753 256 2.000000000
3 110 7 10754 256 2.000000000
3 111 7 10755 256 2.000000000
3 112 7 10756 256 2.000000000
3 113 7 10757 256 2.000000000
3 114 7 10758 256 2.000000000
3 115 7 10759 256 2.000000000
3 116 7 10760 256 2.000000000
3 117 7 10761 256 2.000000000
3 118 7 10762 256 2.000000000
3 119 7 10763 256 2.000000000
3 120 7 10764 256 2.000000000
3 121 7 10765 256 2.000000000
3 122 7 10766 256 2.000000000
3 123 7 10767 256 2.000000000
3 124 7 10768 256 2.000000000
3 125 7 10769 256 2.000000000
3 126 7 10770 256 2.000000000
3 127 7 10771 256 2.000000000
3 128 7 10772 256 2.000000000
3 129 7 10773 256 2.000000000
3 130 7 10774 256 2.000000000
3 131 7 10775 256 2.000000000
3 132 7 10776 256 2.000000000
3 133 7 10777 256 2.000000000
3 134 7 10778 256 2.000000000
3 135 7 10779 256 2.000000000
3 136 7 10780 256 2.000000000
3 137 7 10781 256 2.000000000
3 138 7 10782 256 2.000000000
3 139 7 10783 256 2.000000000
3 140 7 10784 256 2.000000000
3 141 7 10785 256 2.000000000
3 142 7 10786 256 2.000000000
3 143 7 10787 256 2.000000000
3 144 7 10788 256 2.000000000
3 145 7 10789 256 2.000000000
3 146 7 10790 256 2.000000000
3 147 7 10791 256 2.000000000
3 148 7 10792 256 2.000000000
3 149 7 10793 256 2.000000000
3 150 7 10794 256 2.000000000
3 151 7 10795 256 2.000000000
3 152 7 10796 256 2.000000000
3 153 7 10797 256 2.000000000
3 154 7 10798 256 2.000000000
3 155 7 10799 256 2.000000000
3 156 7 10800 256 2.000000000
3 157 7 10801 256 2.000000000
3 158 7 10802 256 2.000000000
3 159 7 10803 256 2.000000000
3 160 7 10804 256 2.000000000
3 161 7 10805 256 2.000000000
3 162 7 10806 256 2.000000000
3 163 7 10807 256 2.000000000
3 164 7 10808 256 2.000000000
3 165 7 10809 256 2.000000000
3 166 7 10810 256 2.000000000
3 167 7 10811 256 2.000000000
3 168 7 10812 256 2.000000000
3 169 7 10813 256 2.000000000
3 170 7 10814 256 2.000000000
3 171 7 10815 256 2.000000000
3 172 7 10816 256 2.000000000
3 173 7 10817 256 2.000000000
3 174 7 10818 256 2.000000000
3 175 7 10819 256 2.000000000
3 176 7 10820 256 2.000000000
3 177 7 10821 256 2.000000000
3 178 7 10822 256 2.000000000
3 179 7 10823 256 2.000000000
3 180 7 10824 256 2.000000000
3 181 7 10825 256 2.000000000
3 182 7 10826 256 2.000000000
3 183 7 10827 256 2.000000000
3 184 7 10828 256 2.000000000
3 185 7 10829 256 2.000000000
3 186 7 10830 256 2.000000000
3 187 7 10831 256 2.000000000
3 188 7 10832 256 2.000000000
3 189 7 10833 256 2.000000000
3 190 7 10834 256 2.000000000
3 191 7 10835 256 2.000000000
3 192 7 10836 256 2.000000000
3 193 7 10837 256 2.000000000
3 194 7 10838 256 2.000000000
3 195 7 10839 256 2.000000000
3 196 7 10840 256 2.000000000
3 197 7 10841 256 2.000000000
3 198 7 10842 256 2.000000000
3 199 7 10843 256 2.000000000
3 200 7 10844 256 2.000000000
3 201 7 10845 256 2.000000000
3 202 7 10846 256 2.000000000
3 203 7 10847 256 2.000000000
3 204 7 10848 256 2.000000000
3 205 7 10849 256 2.000000000
3 206 7 10850 256 2.000000000
3 207 7 10851 256 2.000000000
3 208 7 10852 256 2.000000000
3 209 7 10853 256 2.000000000
3 210 7 10854 256 2.000000000
3 211 7 10855 256 2.000000000
3 212 7 10856 256 2.000000000
3 213 7 10857 256 2.000000000
3 214 7 10858 256 2.000000000
3 215 7 10859 256 2.000000000
4 0 7 10860 256 2.000000000
4 1 7 10861 256 2.000000000
4 2 7 10862 256 2.000000000
4 3 7 10863 256 2.000000000
4 5 7 10864 256 2.000000000
4 6 7 10865 256 2.000000000
4 7 7 10866 256 2.000000000
4 8 7 10867 256 2.000000000
4 9 7 10868 256 2.000000000
4 10 7 10869 256 2.000000000
4 11 7 10870 256 2.000000000
4 12 7 10871 256 2.000000000
4 13 7 10872 256 2.000000000
4 14 7 10873 256 2.000000000
4 15 7 10874 256 2.000000000
4 16 7 10875 256 2.000000000
4 17 7 10876 256 2.000000000
4 18 7 10877 256 2.000000000
4 19 7 10878 256 2.000000000
4 20 7 10879 256 2.000000000
4 21 7 10880 256 2.000000000
4 22 7 10881 256 2.000000000
4 23 7 10882 256 2.000000000
4 24 7 10883 256 2.000000000
4 25 7 10884 256 2.000000000
4 26 7 10885 256 2.000000000
4 27 7 10886 256 2.000000000
4 28 7 10887 256 2.000000000
4 29 7 10888 256 2.000000000
4 30 7 10889 256 2.000000000
4 31 7 10890 256 2.000000000
4 32 7 10891 256 2.000000000
4 33 7 10892 256 2.000000000
4 34 7 10893 256 2.000000000
4 35 7 10894 256 2.000000000
4 36 7 10895 256 2.000000000
4 37 7 10896 256 2.000000000
4 38 7 10897 256 2.000000000
4 39 7 10898 256 2.000000000
4 40 7 10899 256 2.000000000
4 41 7 10900 256 2.000000000
4 42 7 10901 256 2.000000000
4 43 7 10902 256 2.000000000
4 44 7 10903 256 2.000000000
4 45 7 10904 256 2.000000000
4 46 7 10905 256 2.000000000
4 47 7 10906 256 2.000000000
4 48 7 10907 256 2.000000000
4 49 7 10908 256 2.000000000
4 50 7 10909 256 2.000000000
4 51 7 10910 256 2.000000000
4 52 7 10911 256 2.000000000
4 53 7 10912 256 2.000000000
4 54 7 10913 256 2.000000000
4 55 7 10914 256 2.000000000
4 56 7 10915 256 2.000000000
4 57 7 10916 256 2.000000000
4 58 7 10917 256 2.000000000
4 59 7 10918 256 2.000000000
4 60 7 10919 256 2.000000000
4 61 7 10920 256 2.000000000
4 62 7 10921 256 2.000000000
4 63 7 10922 256 2.000000000
4 64 7 10923 256 2.000000000
4 65 7 10924 256 2.000000000
4 66 7 10925 256 2.000000000
4 67 7 10926 256 2.000000000
4 68 7 10927 256 2.000000000
4 69 7 10928 256 2.000000000
4 70 7 10929 256 2.000000000
4 71 7 10930 256 2.000000000
4 72 7 10931 256 2.000000000
4 73 7 10932 256 2.000000000
4 74 7 10933 256 2.000000000
4 75 7 10934 256 2.000000000
4 76 7 10935 256 2.000000000
4 77 7 10936 256 2.000000000
4 78 7 10937 256 2.000000000
4 79 7 10938 256 2.000000000
4 80 7 10939 256 2.000000000
4 81 7 10940 256 2.000000000
4 82 7 10941 256 2.000000000
4 83 7 10942 256 2.000000000
4 84 7 10943 256 2.000000000
4 85 7 10944 256 2.000000000
4 86 7 10945 256 2.000000000
4 87 7 10946 256 2.000000000
4 88 7 10947 256 2.000000000
4 89 7 10948 256 2.000000000
4 90 7 10949 256 2.000000000
4 91 7 10950 256 2.000000000
4 92 7 10951 256 2.000000000
4 93 7 10952 256 2.000000000
4 94 7 10953 256 2.000000000
4 95 7 10954 256 2.000000000
4 96 7 10955 256 2.000000000
4 97 7 10956 256 2.000000000
4 98 7 10957 256 2.000000000
4 99 7 10958 256 2.000000000
4 100 7 10959 256 2.000000000
4 101 7 10960 256 2.000000000
4 102 7 10961 256 2.000000000
4 103 7 10962 256 2.000000000
4 104 7 10963 256 2.000000000
4 105 7 10964 256 2.000000000
4 106 7 10965 256 2.000000000
4 107 7 10966 256 2.000000000
4 108 7 10967 256 2.000000000
4 109 7 10968 256 2.000000000
4 110 7 10969 256 2.000000000
4 111 7 10970 256 2.000000000
4 112 7 10971 256 2.000000000
4 113 7 10972 256 2.000000000
4 114 7 10973 256 2.000000000
4 115 7 10974 256 2.000000000
4 116 7 10975 256 2.000000000
4 117 7 10976 256 2.000000000
4 118 7 10977 256 2.000000000
4 119 7 10978 256 2.000000000
4 120 7 10979 256 2.000000000
4 121 7 10980 256 2.000000000
4 122 7 10981 256 2.000000000
4 123 7 10982 256 2.000000000
4 124 7 10983 256 2.000000000
4 125 7 10984 256 2.000000000
4 126 7 10985 256 2.000000000
4 127 7 10986 256 2.000000000
4 128 7 10987 256 2.000000000
4 129 7 10988 256 2.000000000
4 130 7 10989 256 2.000000000
4 131 7 10990 256 2.000000000
4 132 7 10991 256 2.000000000
4 133 7 10992 256 2.000000000
4 134 7 10993 256 2.000000000
4 135 7 10994 256 2.000000000
4 136 7 10995 256 2.000000000
4 137 7 10996 256 2.000000000
4 138 7 10997 256 2.000000000
4 139 7 10998 256 2.000000000
4 140 7 10999 256 2.000000000
4 141 7 11000 256 2.000000000
4 142 7 11001 256 2.000000000
4 143 7 11002 256 2.000000000
4 144 7 11003 256 2.000000000
4 145 7 11004 256 2.000000000
4 146 7 11005 256 2.000000000
4 147 7 11006 256 2.000000000
4 148 7 11007 256 2.000000000
4 149 7 11008 256 2.000000000
4 150 7 11009 256 2.000000000
4 151 7 11010 256 2.000000000
4 152 7 11011 256 2.000000000
4 153 7 11012 256 2.000000000
4 154 7 11013 256 2.000000000
4 155 7 11014 256 2.000000000
4 156 7 11015 256 2.000000000
4 157 7 11016 256 2.000000000
4 158 7 11017 256 2.000000000
4 159 7 11018 256 2.000000000
4 160 7 11019 256 2.000000000
4 161 7 11020 256 2.000000000
4 162 7 11021 256 2.000000000
4 163 7 11022 256 2.000000000
4 164 7 11023 256 2.000000000
4 165 7 11024 256 2.000000000
4 166 7 11025 256 2.000000000
4 167 7 11026 256 2.000000000
4 168 7 11027 256 2.000000000
4 169 7 11028 256 2.000000000
4 170 7 11029 256 2.000000000
4 171 7 11030 256 2.000000000
4 172 7 11031 256 2.000000000
4 173 7 11032 256 2.000000000
4 174 7 11033 256 2.000000000
4 175 7 11034 256 2.000000000
4 176 7 11035 256 2.000000000
4 177 7 11036 256 2.000000000
4 178 7 11037 256 2.000000000
4 179 7 11038 256 2.000000000
4 180 7 11039 256 2.000000000
4 181 7 11040 256 2.000000000
4 182 7 11041 256 2.000000000
4 183 7 11042 256 2.000000000
4 184 7 11043 256 2.000000000
4 185 7 11044 256 2.000000000
4 186 7 11045 256 2.000000000
4 187 7 11046 256 2.000000000
4 188 7 11047 256 2.000000000
4 189 7 11048 256 2.000000000
4 190 7 11049 256 2.000000000
4 191 7 11050 256 2.000000000
4 192 7 11051 256 2.000000000
4 193 7 11052 256 2.000000000
4 194 7 11053 256 2.000000000
4 195 7 11054 256 2.000000000
4 196 7 11055 256 2.000000000
4 197 7 11056 256 2.000000000
4 198 7 11057 256 2.000000000
4 199 7 11058 256 2.000000000
4 200 7 11059 256 2.000000000
4 201 7 11060 256 2.000000000
4 202 7 11061 256 2.000000000
4 203 7 11062 256 2.000000000
4 204 7 11063 256 2.000000000
4 205 7 11064 256 2.000000000
4 206 7 11065 256 2.000000000
4 207 7 11066 256 2.000000000
4 208 7 11067 256 2.000000000
4 209 7 11068 256 2.000000000
4 210 7 11069 256 2.000000000
4 211 7 11070 256 2.000000000
4 212 7 11071 256 2.000000000
4 213 7 11072 256 2.000000000
4 214 7 11073 256 2.000000000
4 215 7 11074 256 2.000000000
5 0 7 11075 256 2.000000000
5 1 7 11076 256 2.000000000
5 2 7 11077 256 2.000000000
5 3 7 11078 256 2.000000000
5 4 7 11079 256 2.000000000
5 6 7 11080 256 2.000000000
5 7 7 11081 256 2.000000000
5 8 7 11082 256 2.000000000
5 9 7 11083 256 2.000000000
5 10 7 11084 256 2.000000000
5 11 7 11085 256 2.000000000
5 12 7 11086 256 2.000000000
5 13 7 11087 256 2.000000000
5 14 7 11088 256 2.000000000
5 15 7 11089 256 2.000000000
5 16 7 11090 256 2.000000000
5 17 7 11091 256 2.000000000
5 18 7 11092 256 2.000000000
5 19 7 11093 256 2.000000000
5 20 7 11094 256 2.000000000
5 21 7 11095 256 2.000000000
5 22 7 11096 256 2.000000000
5 23 7 11097 256 2.000000000
5 24 7 11098 256 2.000000000
5 25 7 11099 256 2.000000000
5 26 7 11100 256 2.000000000
5 27 7 11101 256 2.000000000
5 28 7 11102 256 2.000000000
5 29 7 11103 256 2.000000000
5 30 7 11104 256 2.000000000
5 31 7 11105 256 2.000000000
5 32 7 11106 256 2.000000000
5 33 7 11107 256 2.000000000
5 34 7 11108 256 2.000000000
5 35 7 11109 256 2.000000000
5 36 7 11110 256 2.000000000
5 37 7 11111 256 2.000000000
5 38 7 11112 256 2.000000000
5 39 7 11113 256 2.000000000
5 40 7 11114 256 2.000000000
5 41 7 11115 256 2.000000000
5 42 7 11116 256 2.000000000
5 43 7 11117 256 2.000000000
5 44 7 11118 256 2.000000000
5 45 7 11119 256 2.000000000
5 46 7 11120 256 2.000000000
5 47 7 11121 256 2.000000000
5 48 7 11122 256 2.000000000
5 49 7 11123 256 2.000000000
5 50 7 11124 256 2.000000000
5 51 7 11125 256 2.000000000
5 52 7 11126 256 2.000000000
5 53 7 11127 256 2.000000000
5 54 7 11128 256 2.000000000
5 55 7 11129 256 2.000000000
5 56 7 11130 256 2.000000000
5 57 7 11131 256 2.000000000
5 58 7 11132 256 2.000000000
5 59 7 11133 256 2.000000000
5 60 7 11134 256 2.000000000
5 61 7 11135 256 2.000000000
5 62 7 11136 256 2.000000000
5 63 7 11137 256 2.000000000
5 64 7 11138 256 2.000000000
5 65 7 11139 256 2.000000000
5 66 7 11140 256 2.000000000
5 67 7 11141 256 2.000000000
5 68 7 11142 256 2.000000000
5 69 7 11143 256 2.000000000
5 70 7 11144 256 2.000000000
5 71 7 11145 256 2.000000000
5 72 7 11146 256 2.000000000
5 73 7 11147 256 2.000000000
5 74 7 11148 256 2.000000000
5 75 7 11149 256 2.000000000
5 76 7 11150 256 2.000000000
5 77 7 11151 256 2.000000000
5 78 7 11152 256 2.000000000
5 79 7 11153 256 2.000000000
5 80 7 11154 256 2.000000000
5 81 7 11155 256 2.000000000
5 82 7 11156 256 2.000000000
5 83 7 11157 256 2.000000000
5 84 7 11158 256 2.000000000
5 85 7 11159 256 2.000000000
5 86 7 11160 256 2.000000000
5 87 7 11161 256 2.000000000
5 88 7 11162 256 2.000000000
5 89 7 11163 256 2.000000000
5 90 7 11164 256 2.000000000
5 91 7 11165 256 2.000000000
5 92 7 11166 256 2.000000000
5 93 7 11167 256 2.000000000
5 94 7 11168 256 2.000000000
5 95 7 11169 256 2.000000000
5 96 7 11170 256 2.000000000
5 97 7 11171 256 2.000000000
5 98 7 11172 256 2.000000000
5 99 7 11173 256 2.000000000
5 100 7 11174 256 2.000000000
5 101 7 11175 256 2.000000000
5 102 7 11176 256 2.000000000
5 103 7 11177 256 2.000000000
5 104 7 11178 256 2.000000000
5 105 7 11179 256 2.000000000
5 106 7 11180 256 2.000000000
5 107 7 11181 256 2.000000000
5 108 7 11182 256 2.000000000
5 109 7 11183 256 2.000000000
5 110 7 11184 256 2.000000000
5 111 7 11185 256 2.000000000
5 112 7 11186 256 2.000000000
5 113 7 11187 256 2.000000000
5 114 7 11188 256 2.000000000
5 115 7 11189 256 2.000000000
5 116 7 11190 256 2.000000000
5 117 7 11191 256 2.000000000
5 118 7 11192 256 2.000000000
5 119 7 11193 256 2.000000000
5 120 7 11194 256 2.000000000
5 121 7 11195 256 2.000000000
5 122 7 11196 256 2.000000000
5 123 7 11197 256 2.000000000
5 124 7 11198 256 2.000000000
5 125 7 11199 256 2.000000000
5 126 7 11200 256 2.000000000
5 127 7 11201 256 2.000000000
5 128 7 11202 256 2.000000000
5 129 7 11203 256 2.000000000
5 130 7 11204 256 2.000000000
5 131 7 11205 256 2.000000000
5 132 7 11206 256 2.000000000
5 133 7 11207 256 2.000000000
5 134 7 11208 256 2.000000000
5 135 7 11209 256 2.000000000
5 136 7 11210 256 2.000000000
5 137 7 11211 256 2.000000000
5 138 7 11212 256 2.000000000
5 139 7 11213 256 2.000000000
5 140 7 11214 256 2.000000000
5 141 7 11215 256 2.000000000
5 142 7 11216 256 2.000000000
5 143 7 11217 256 2.000000000
5 144 7 11218 256 2.000000000
5 145 7 11219 256 2.000000000
5 146 7 11220 256 2.000000000
5 147 7 11221 256 2.000000000
5 148 7 11222 256 2.000000000
5 149 7 11223 256 2.000000000
5 150 7 11224 256 2.000000000
5 151 7 11225 256 2.000000000
5 152 7 11226 256 2.000000000
5 153 7 11227 256 2.000000000
5 154 7 11228 256 2.000000000
5 155 7 11229 256 2.000000000
5 156 7 11230 256 2.000000000
5 157 7 11231 256 2.000000000
5 158 7 11232 256 2.000000000
5 159 7 11233 256 2.000000000
5 160 7 11234 256 2.000000000
5 161 7 11235 256 2.000000000
5 162 7 11236 256 2.000000000
5 163 7 11237 256 2.000000000
5 164 7 11238 256 2.000000000
5 165 7 11239 256 2.000000000
5 166 7 11240 256 2.000000000
5 167 7 11241 256 2.000000000
5 168 7 11242 256 2.000000000
5 169 7 11243 256 2.000000000
5 170 7 11244 256 2.000000000
5 171 7 11245 256 2.000000000
5 172 7 11246 256 2.000000000
5 173 7 11247 256 2.000000000
5 174 7 11248 256 2.000000000
5 175 7 11249 256 2.000000000
5 176 7 11250 256 2.000000000
5 177 7 11251 256 2.000000000
5 178 7 11252 256 2.000000000
5 179 7 11253 256 2.000000000
5 180 7 11254 256 2.000000000
5 181 7 11255 256 2.000000000
5 182 7 11256 256 2.000000000
5 183 7 11257 256 2.000000000
5 184 7 11258 256 2.000000000
5 185 7 11259 256 2.000000000
5 186 7 11260 256 2.000000000
5 187 7 11261 256 2.000000000
5 188 7 11262 256 2.000000000
5 189 7 11263 256 2.000000000
5 190 7 11264 256 2.000000000
5 191 7 11265 256 2.000000000
5 192 7 11266 256 2.000000000
5 193 7 11267 256 2.000000000
5 194 7 11268 256 2.000000000
5 195 7 11269 256 2.000000000
5 196 7 11270 256 2.000000000
5 197 7 11271 256 2.000000000
5 198 7 11272 256 2.000000000
5 199 7 11273 256 2.000000000
5 200 7 11274 256 2.000000000
5 201 7 11275 256 2.000000000
5 202 7 11276 256 2.000000000
5 203 7 11277 256 2.000000000
5 204 7 11278 256 2.000000000
5 205 7 11279 256 2.000000000
5 206 7 11280 256 2.000000000
5 207 7 11281 256 2.000000000
5 208 7 11282 256 2.000000000
5 209 7 11283 256 2.000000000
5 210 7 11284 256 2.000000000
5 211 7 11285 256 2.000000000
5 212 7 11286 256 2.000000000
5 213 7 11287 256 2.000000000
5 214 7 11288 256 2.000000000
5 215 7 11289 256 2.000000000
