1290
0 1 7 10000 2 2.000000000
0 2 7 10001 2 2.000000000
0 3 7 10002 2 2.000000000
0 4 7 10003 2 2.000000000
0 5 7 10004 2 2.000000000
0 6 7 10005 2 2.000000000
0 7 7 10006 2 2.000000000
0 8 7 10007 2 2.000000000
0 9 7 10008 2 2.000000000
0 10 7 10009 2 2.000000000
0 11 7 10010 2 2.000000000
0 12 7 10011 2 2.000000000
0 13 7 10012 2 2.000000000
0 14 7 10013 2 2.000000000
0 15 7 10014 2 2.000000000
0 16 7 10015 2 2.000000000
0 17 7 10016 2 2.000000000
0 18 7 10017 2 2.000000000
0 19 7 10018 2 2.000000000
0 20 7 10019 2 2.000000000
0 21 7 10020 2 2.000000000
0 22 7 10021 2 2.000000000
0 23 7 10022 2 2.000000000
0 24 7 10023 2 2.000000000
0 25 7 10024 2 2.000000000
0 26 7 10025 2 2.000000000
0 27 7 10026 2 2.000000000
0 28 7 10027 2 2.000000000
0 29 7 10028 2 2.000000000
0 30 7 10029 2 2.000000000
0 31 7 10030 2 2.000000000
0 32 7 10031 2 2.000000000
0 33 7 10032 2 2.000000000
0 34 7 10033 2 2.000000000
0 35 7 10034 2 2.000000000
0 36 7 10035 2 2.000000000
0 37 7 10036 2 2.000000000
0 38 7 10037 2 2.000000000
0 39 7 10038 2 2.000000000
0 40 7 10039 2 2.000000000
0 41 7 10040 2 2.000000000
0 42 7 10041 2 2.000000000
0 43 7 10042 2 2.000000000
0 44 7 10043 2 2.000000000
0 45 7 10044 2 2.000000000
0 46 7 10045 2 2.000000000
0 47 7 10046 2 2.000000000
0 48 7 10047 2 2.000000000
0 49 7 10048 2 2.000000000
0 50 7 10049 2 2.000000000
0 51 7 10050 2 2.000000000
0 52 7 10051 2 2.000000000
0 53 7 10052 2 2.000000000
0 54 7 10053 2 2.000000000
0 55 7 10054 2 2.000000000
0 56 7 10055 2 2.000000000
0 57 7 10056 2 2.000000000
0 58 7 10057 2 2.000000000
0 59 7 10058 2 2.000000000
0 60 7 10059 2 2.000000000
0 61 7 10060 2 2.000000000
0 62 7 10061 2 2.000000000
0 63 7 10062 2 2.000000000
0 64 7 10063 2 2.000000000
0 65 7 10064 2 2.000000000
0 66 7 10065 2 2.000000000
0 67 7 10066 2 2.000000000
0 68 7 10067 2 2.000000000
0 69 7 10068 2 2.000000000
0 70 7 10069 2 2.000000000
0 71 7 10070 2 2.000000000
0 72 7 10071 2 2.000000000
0 73 7 10072 2 2.000000000
0 74 7 10073 2 2.000000000
0 75 7 10074 2 2.000000000
0 76 7 10075 2 2.000000000
0 77 7 10076 2 2.000000000
0 78 7 10077 2 2.000000000
0 79 7 10078 2 2.000000000
0 80 7 10079 2 2.000000000
0 81 7 10080 2 2.000000000
0 82 7 10081 2 2.000000000
0 83 7 10082 2 2.000000000
0 84 7 10083 2 2.000000000
0 85 7 10084 2 2.000000000
0 86 7 10085 2 2.000000000
0 87 7 10086 2 2.000000000
0 88 7 10087 2 2.000000000
0 89 7 10088 2 2.000000000
0 90 7 10089 2 2.000000000
0 91 7 10090 2 2.000000000
0 92 7 10091 2 2.000000000
0 93 7 10092 2 2.000000000
0 94 7 10093 2 2.000000000
0 95 7 10094 2 2.000000000
0 96 7 10095 2 2.000000000
0 97 7 10096 2 2.000000000
0 98 7 10097 2 2.000000000
0 99 7 10098 2 2.000000000
0 100 7 10099 2 2.000000000
0 101 7 10100 2 2.000000000
0 102 7 10101 2 2.000000000
0 103 7 10102 2 2.000000000
0 104 7 10103 2 2.000000000
0 105 7 10104 2 2.000000000
0 106 7 10105 2 2.000000000
0 107 7 10106 2 2.000000000
0 108 7 10107 2 2.000000000
0 109 7 10108 2 2.000000000
0 110 7 10109 2 2.000000000
0 111 7 10110 2 2.000000000
0 112 7 10111 2 2.000000000
0 113 7 10112 2 2.000000000
0 114 7 10113 2 2.000000000
0 115 7 10114 2 2.000000000
0 116 7 10115 2 2.000000000
0 117 7 10116 2 2.000000000
0 118 7 10117 2 2.000000000
0 119 7 10118 2 2.000000000
0 120 7 10119 2 2.000000000
0 121 7 10120 2 2.000000000
0 122 7 10121 2 2.000000000
0 123 7 10122 2 2.000000000
0 124 7 10123 2 2.000000000
0 125 7 10124 2 2.000000000
0 126 7 10125 2 2.000000000
0 127 7 10126 2 2.000000000
0 128 7 10127 2 2.000000000
0 129 7 10128 2 2.000000000
0 130 7 10129 2 2.000000000
0 131 7 10130 2 2.000000000
0 132 7 10131 2 2.000000000
0 133 7 10132 2 2.000000000
0 134 7 10133 2 2.000000000
0 135 7 10134 2 2.000000000
0 136 7 10135 2 2.000000000
0 137 7 10136 2 2.000000000
0 138 7 10137 2 2.000000000
0 139 7 10138 2 2.000000000
0 140 7 10139 2 2.000000000
0 141 7 10140 2 2.000000000
0 142 7 10141 2 2.000000000
0 143 7 10142 2 2.000000000
0 144 7 10143 2 2.000000000
0 145 7 10144 2 2.000000000
0 146 7 10145 2 2.000000000
0 147 7 10146 2 2.000000000
0 148 7 10147 2 2.000000000
0 149 7 10148 2 2.000000000
0 150 7 10149 2 2.000000000
0 151 7 10150 2 2.000000000
0 152 7 10151 2 2.000000000
0 153 7 10152 2 2.000000000
0 154 7 10153 2 2.000000000
0 155 7 10154 2 2.000000000
0 156 7 10155 2 2.000000000
0 157 7 10156 2 2.000000000
0 158 7 10157 2 2.000000000
0 159 7 10158 2 2.000000000
0 160 7 10159 2 2.000000000
0 161 7 10160 2 2.000000000
0 162 7 10161 2 2.000000000
0 163 7 10162 2 2.000000000
0 164 7 10163 2 2.000000000
0 165 7 10164 2 2.000000000
0 166 7 10165 2 2.000000000
0 167 7 10166 2 2.000000000
0 168 7 10167 2 2.000000000
0 169 7 10168 2 2.000000000
0 170 7 10169 2 2.000000000
0 171 7 10170 2 2.000000000
0 172 7 10171 2 2.000000000
0 173 7 10172 2 2.000000000
0 174 7 10173 2 2.000000000
0 175 7 10174 2 2.000000000
0 176 7 10175 2 2.000000000
0 177 7 10176 2 2.000000000
0 178 7 10177 2 2.000000000
0 179 7 10178 2 2.000000000
0 180 7 10179 2 2.000000000
0 181 7 10180 2 2.000000000
0 182 7 10181 2 2.000000000
0 183 7 10182 2 2.000000000
0 184 7 10183 2 2.000000000
0 185 7 10184 2 2.000000000
0 186 7 10185 2 2.000000000
0 187 7 10186 2 2.000000000
0 188 7 10187 2 2.000000000
0 189 7 10188 2 2.000000000
0 190 7 10189 2 2.000000000
0 191 7 10190 2 2.000000000
0 192 7 10191 2 2.000000000
0 193 7 10192 2 2.000000000
0 194 7 10193 2 2.000000000
0 195 7 10194 2 2.000000000
0 196 7 10195 2 2.000000000
0 197 7 10196 2 2.000000000
0 198 7 10197 2 2.000000000
0 199 7 10198 2 2.000000000
0 200 7 10199 2 2.000000000
0 201 7 10200 2 2.000000000
0 202 7 10201 2 2.000000000
0 203 7 10202 2 2.000000000
0 204 7 10203 2 2.000000000
0 205 7 10204 2 2.000000000
0 206 7 10205 2 2.000000000
0 207 7 10206 2 2.000000000
0 208 7 10207 2 2.000000000
0 209 7 10208 2 2.000000000
0 210 7 10209 2 2.000000000
0 211 7 10210 2 2.000000000
0 212 7 10211 2 2.000000000
0 213 7 10212 2 2.000000000
0 214 7 10213 2 2.000000000
0 215 7 10214 2 2.000000000
1 0 7 10215 2 2.000000000
1 2 7 10216 2 2.000000000
1 3 7 10217 2 2.000000000
1 4 7 10218 2 2.000000000
1 5 7 10219 2 2.000000000
1 6 7 10220 2 2.000000000
1 7 7 10221 2 2.000000000
1 8 7 10222 2 2.000000000
1 9 7 10223 2 2.000000000
1 10 7 10224 2 2.000000000
1 11 7 10225 2 2.000000000
1 12 7 10226 2 2.000000000
1 13 7 10227 2 2.000000000
1 14 7 10228 2 2.000000000
1 15 7 10229 2 2.000000000
1 16 7 10230 2 2.000000000
1 17 7 10231 2 2.000000000
1 18 7 10232 2 2.000000000
1 19 7 10233 2 2.000000000
1 20 7 10234 2 2.000000000
1 21 7 10235 2 2.000000000
1 22 7 10236 2 2.000000000
1 23 7 10237 2 2.000000000
1 24 7 10238 2 2.000000000
1 25 7 10239 2 2.000000000
1 26 7 10240 2 2.000000000
1 27 7 10241 2 2.000000000
1 28 7 10242 2 2.000000000
1 29 7 10243 2 2.000000000
1 30 7 10244 2 2.000000000
1 31 7 10245 2 2.000000000
1 32 7 10246 2 2.000000000
1 33 7 10247 2 2.000000000
1 34 7 10248 2 2.000000000
1 35 7 10249 2 2.000000000
1 36 7 10250 2 2.000000000
1 37 7 10251 2 2.000000000
1 38 7 10252 2 2.000000000
1 39 7 10253 2 2.000000000
1 40 7 10254 2 2.000000000
1 41 7 10255 2 2.000000000
1 42 7 10256 2 2.000000000
1 43 7 10257 2 2.000000000
1 44 7 10258 2 2.000000000
1 45 7 10259 2 2.000000000
1 46 7 10260 2 2.000000000
1 47 7 10261 2 2.000000000
1 48 7 10262 2 2.000000000
1 49 7 10263 2 2.000000000
1 50 7 10264 2 2.000000000
1 51 7 10265 2 2.000000000
1 52 7 10266 2 2.000000000
1 53 7 10267 2 2.000000000
1 54 7 10268 2 2.000000000
1 55 7 10269 2 2.000000000
1 56 7 10270 2 2.000000000
1 57 7 10271 2 2.000000000
1 58 7 10272 2 2.000000000
1 59 7 10273 2 2.000000000
1 60 7 10274 2 2.000000000
1 61 7 10275 2 2.000000000
1 62 7 10276 2 2.000000000
1 63 7 10277 2 2.000000000
1 64 7 10278 2 2.000000000
1 65 7 10279 2 2.000000000
1 66 7 10280 2 2.000000000
1 67 7 10281 2 2.000000000
1 68 7 10282 2 2.000000000
1 69 7 10283 2 2.000000000
1 70 7 10284 2 2.000000000
1 71 7 10285 2 2.000000000
1 72 7 10286 2 2.000000000
1 73 7 10287 2 2.000000000
1 74 7 10288 2 2.000000000
1 75 7 10289 2 2.000000000
1 76 7 10290 2 2.000000000
1 77 7 10291 2 2.000000000
1 78 7 10292 2 2.000000000
1 79 7 10293 2 2.000000000
1 80 7 10294 2 2.000000000
1 81 7 10295 2 2.000000000
1 82 7 10296 2 2.000000000
1 83 7 10297 2 2.000000000
1 84 7 10298 2 2.000000000
1 85 7 10299 2 2.000000000
1 86 7 10300 2 2.000000000
1 87 7 10301 2 2.000000000
1 88 7 10302 2 2.000000000
1 89 7 10303 2 2.000000000
1 90 7 10304 2 2.000000000
1 91 7 10305 2 2.000000000
1 92 7 10306 2 2.000000000
1 93 7 10307 2 2.000000000
1 94 7 10308 2 2.000000000
1 95 7 10309 2 2.000000000
1 96 7 10310 2 2.000000000
1 97 7 10311 2 2.000000000
1 98 7 10312 2 2.000000000
1 99 7 10313 2 2.000000000
1 100 7 10314 2 2.000000000
1 101 7 10315 2 2.000000000
1 102 7 10316 2 2.000000000
1 103 7 10317 2 2.000000000
1 104 7 10318 2 2.000000000
1 105 7 10319 2 2.000000000
1 106 7 10320 2 2.000000000
1 107 7 10321 2 2.000000000
1 108 7 10322 2 2.000000000
1 109 7 10323 2 2.000000000
1 110 7 10324 2 2.000000000
1 111 7 10325 2 2.000000000
1 112 7 10326 2 2.000000000
1 113 7 10327 2 2.000000000
1 114 7 10328 2 2.000000000
1 115 7 10329 2 2.000000000
1 116 7 10330 2 2.000000000
1 117 7 10331 2 2.000000000
1 118 7 10332 2 2.000000000
1 119 7 10333 2 2.000000000
1 120 7 10334 2 2.000000000
1 121 7 10335 2 2.000000000
1 122 7 10336 2 2.000000000
1 123 7 10337 2 2.000000000
1 124 7 10338 2 2.000000000
1 125 7 10339 2 2.000000000
1 126 7 10340 2 2.000000000
1 127 7 10341 2 2.000000000
1 128 7 10342 2 2.000000000
1 129 7 10343 2 2.000000000
1 130 7 10344 2 2.000000000
1 131 7 10345 2 2.000000000
1 132 7 10346 2 2.000000000
1 133 7 10347 2 2.000000000
1 134 7 10348 2 2.000000000
1 135 7 10349 2 2.000000000
1 136 7 10350 2 2.000000000
1 137 7 10351 2 2.000000000
1 138 7 10352 2 2.000000000
1 139 7 10353 2 2.000000000
1 140 7 10354 2 2.000000000
1 141 7 10355 2 2.000000000
1 142 7 10356 2 2.000000000
1 143 7 10357 2 2.000000000
1 144 7 10358 2 2.000000000
1 145 7 10359 2 2.000000000
1 146 7 10360 2 2.000000000
1 147 7 10361 2 2.000000000
1 148 7 10362 2 2.000000000
1 149 7 10363 2 2.000000000
1 150 7 10364 2 2.000000000
1 151 7 10365 2 2.000000000
1 152 7 10366 2 2.000000000
1 153 7 10367 2 2.000000000
1 154 7 10368 2 2.000000000
1 155 7 10369 2 2.000000000
1 156 7 10370 2 2.000000000
1 157 7 10371 2 2.000000000
1 158 7 10372 2 2.000000000
1 159 7 10373 2 2.000000000
1 160 7 10374 2 2.000000000
1 161 7 10375 2 2.000000000
1 162 7 10376 2 2.000000000
1 163 7 10377 2 2.000000000
1 164 7 10378 2 2.000000000
1 165 7 10379 2 2.000000000
1 166 7 10380 2 2.000000000
1 167 7 10381 2 2.000000000
1 168 7 10382 2 2.000000000
1 169 7 10383 2 2.000000000
1 170 7 10384 2 2.000000000
1 171 7 10385 2 2.000000000
1 172 7 10386 2 2.000000000
1 173 7 10387 2 2.000000000
1 174 7 10388 2 2.000000000
1 175 7 10389 2 2.000000000
1 176 7 10390 2 2.000000000
1 177 7 10391 2 2.000000000
1 178 7 10392 2 2.000000000
1 179 7 10393 2 2.000000000
1 180 7 10394 2 2.000000000
1 181 7 10395 2 2.000000000
1 182 7 10396 2 2.000000000
1 183 7 10397 2 2.000000000
1 184 7 10398 2 2.000000000
1 185 7 10399 2 2.000000000
1 186 7 10400 2 2.000000000
1 187 7 10401 2 2.000000000
1 188 7 10402 2 2.000000000
1 189 7 10403 2 2.000000000
1 190 7 10404 2 2.000000000
1 191 7 10405 2 2.000000000
1 192 7 10406 2 2.000000000
1 193 7 10407 2 2.000000000
1 194 7 10408 2 2.000000000
1 195 7 10409 2 2.000000000
1 196 7 10410 2 2.000000000
1 197 7 10411 2 2.000000000
1 198 7 10412 2 2.000000000
1 199 7 10413 2 2.000000000
1 200 7 10414 2 2.000000000
1 201 7 10415 2 2.000000000
1 202 7 10416 2 2.000000000
1 203 7 10417 2 2.000000000
1 204 7 10418 2 2.000000000
1 205 7 10419 2 2.000000000
1 206 7 10420 2 2.000000000
1 207 7 10421 2 2.000000000
1 208 7 10422 2 2.000000000
1 209 7 10423 2 2.000000000
1 210 7 10424 2 2.000000000
1 211 7 10425 2 2.000000000
1 212 7 10426 2 2.000000000
1 213 7 10427 2 2.000000000
1 214 7 10428 2 2.000000000
1 215 7 10429 2 2.000000000
2 0 7 10430 2 2.000000000
2 1 7 10431 2 2.000000000
2 3 7 10432 2 2.000000000
2 4 7 10433 2 2.000000000
2 5 7 10434 2 2.000000000
2 6 7 10435 2 2.000000000
2 7 7 10436 2 2.000000000
2 8 7 10437 2 2.000000000
2 9 7 10438 2 2.000000000
2 10 7 10439 2 2.000000000
2 11 7 10440 2 2.000000000
2 12 7 10441 2 2.000000000
2 13 7 10442 2 2.000000000
2 14 7 10443 2 2.000000000
2 15 7 10444 2 2.000000000
2 16 7 10445 2 2.000000000
2 17 7 10446 2 2.000000000
2 18 7 10447 2 2.000000000
2 19 7 10448 2 2.000000000
2 20 7 10449 2 2.000000000
2 21 7 10450 2 2.000000000
2 22 7 10451 2 2.000000000
2 23 7 10452 2 2.000000000
2 24 7 10453 2 2.000000000
2 25 7 10454 2 2.000000000
2 26 7 10455 2 2.000000000
2 27 7 10456 2 2.000000000
2 28 7 10457 2 2.000000000
2 29 7 10458 2 2.000000000
2 30 7 10459 2 2.000000000
2 31 7 10460 2 2.000000000
2 32 7 10461 2 2.000000000
2 33 7 10462 2 2.000000000
2 34 7 10463 2 2.000000000
2 35 7 10464 2 2.000000000
2 36 7 10465 2 2.000000000
2 37 7 10466 2 2.000000000
2 38 7 10467 2 2.000000000
2 39 7 10468 2 2.000000000
2 40 7 10469 2 2.000000000
2 41 7 10470 2 2.000000000
2 42 7 10471 2 2.000000000
2 43 7 10472 2 2.000000000
2 44 7 10473 2 2.000000000
2 45 7 10474 2 2.000000000
2 46 7 10475 2 2.000000000
2 47 7 10476 2 2.000000000
2 48 7 10477 2 2.000000000
2 49 7 10478 2 2.000000000
2 50 7 10479 2 2.000000000
2 51 7 10480 2 2.000000000
2 52 7 10481 2 2.000000000
2 53 7 10482 2 2.000000000
2 54 7 10483 2 2.000000000
2 55 7 10484 2 2.000000000
2 56 7 10485 2 2.000000000
2 57 7 10486 2 2.000000000
2 58 7 10487 2 2.000000000
2 59 7 10488 2 2.000000000
2 60 7 10489 2 2.000000000
2 61 7 10490 2 2.000000000
2 62 7 10491 2 2.000000000
2 63 7 10492 2 2.000000000
2 64 7 10493 2 2.000000000
2 65 7 10494 2 2.000000000
2 66 7 10495 2 2.000000000
2 67 7 10496 2 2.000000000
2 68 7 10497 2 2.000000000
2 69 7 10498 2 2.000000000
2 70 7 10499 2 2.000000000
2 71 7 10500 2 2.000000000
2 72 7 10501 2 2.000000000
2 73 7 10502 2 2.000000000
2 74 7 10503 2 2.000000000
2 75 7 10504 2 2.000000000
2 76 7 10505 2 2.000000000
2 77 7 10506 2 2.000000000
2 78 7 10507 2 2.000000000
2 79 7 10508 2 2.000000000
2 80 7 10509 2 2.000000000
2 81 7 10510 2 2.000000000
2 82 7 10511 2 2.000000000
2 83 7 10512 2 2.000000000
2 84 7 10513 2 2.000000000
2 85 7 10514 2 2.000000000
2 86 7 10515 2 2.000000000
2 87 7 10516 2 2.000000000
2 88 7 10517 2 2.000000000
2 89 7 10518 2 2.000000000
2 90 7 10519 2 2.000000000
2 91 7 10520 2 2.000000000
2 92 7 10521 2 2.000000000
2 93 7 10522 2 2.000000000
2 94 7 10523 2 2.000000000
2 95 7 10524 2 2.000000000
2 96 7 10525 2 2.000000000
2 97 7 10526 2 2.000000000
2 98 7 10527 2 2.000000000
2 99 7 10528 2 2.000000000
2 100 7 10529 2 2.000000000
2 101 7 10530 2 2.000000000
2 102 7 10531 2 2.000000000
2 103 7 10532 2 2.000000000
2 104 7 10533 2 2.000000000
2 105 7 10534 2 2.000000000
2 106 7 10535 2 2.000000000
2 107 7 10536 2 2.000000000
2 108 7 10537 2 2.000000000
2 109 7 10538 2 2.000000000
2 110 7 10539 2 2.000000000
2 111 7 10540 2 2.000000000
2 112 7 10541 2 2.000000000
2 113 7 10542 2 2.000000000
2 114 7 10543 2 2.000000000
2 115 7 10544 2 2.000000000
2 116 7 10545 2 2.000000000
2 117 7 10546 2 2.000000000
2 118 7 10547 2 2.000000000
2 119 7 10548 2 2.000000000
2 120 7 10549 2 2.000000000
2 121 7 10550 2 2.000000000
2 122 7 10551 2 2.000000000
2 123 7 10552 2 2.000000000
2 124 7 10553 2 2.000000000
2 125 7 10554 2 2.000000000
2 126 7 10555 2 2.000000000
2 127 7 10556 2 2.000000000
2 128 7 10557 2 2.000000000
2 129 7 10558 2 2.000000000
2 130 7 10559 2 2.000000000
2 131 7 10560 2 2.000000000
2 132 7 10561 2 2.000000000
2 133 7 10562 2 2.000000000
2 134 7 10563 2 2.000000000
2 135 7 10564 2 2.000000000
2 136 7 10565 2 2.000000000
2 137 7 10566 2 2.000000000
2 138 7 10567 2 2.000000000
2 139 7 10568 2 2.000000000
2 140 7 10569 2 2.000000000
2 141 7 10570 2 2.000000000
2 142 7 10571 2 2.000000000
2 143 7 10572 2 2.000000000
2 144 7 10573 2 2.000000000
2 145 7 10574 2 2.000000000
2 146 7 10575 2 2.000000000
2 147 7 10576 2 2.000000000
2 148 7 10577 2 2.000000000
2 149 7 10578 2 2.000000000
2 150 7 10579 2 2.000000000
2 151 7 10580 2 2.000000000
2 152 7 10581 2 2.000000000
2 153 7 10582 2 2.000000000
2 154 7 10583 2 2.000000000
2 155 7 10584 2 2.000000000
2 156 7 10585 2 2.000000000
2 157 7 10586 2 2.000000000
2 158 7 10587 2 2.000000000
2 159 7 10588 2 2.000000000
2 160 7 10589 2 2.000000000
2 161 7 10590 2 2.000000000
2 162 7 10591 2 2.000000000
2 163 7 10592 2 2.000000000
2 164 7 10593 2 2.000000000
2 165 7 10594 2 2.000000000
2 166 7 10595 2 2.000000000
2 167 7 10596 2 2.000000000
2 168 7 10597 2 2.000000000
2 169 7 10598 2 2.000000000
2 170 7 10599 2 2.000000000
2 171 7 10600 2 2.000000000
2 172 7 10601 2 2.000000000
2 173 7 10602 2 2.000000000
2 174 7 10603 2 2.000000000
2 175 7 10604 2 2.000000000
2 176 7 10605 2 2.000000000
2 177 7 10606 2 2.000000000
2 178 7 10607 2 2.000000000
2 179 7 10608 2 2.000000000
2 180 7 10609 2 2.000000000
2 181 7 10610 2 2.000000000
2 182 7 10611 2 2.000000000
2 183 7 10612 2 2.000000000
2 184 7 10613 2 2.000000000
2 185 7 10614 2 2.000000000
2 186 7 10615 2 2.000000000
2 187 7 10616 2 2.000000000
2 188 7 10617 2 2.000000000
2 189 7 10618 2 2.000000000
2 190 7 10619 2 2.000000000
2 191 7 10620 2 2.000000000
2 192 7 10621 2 2.000000000
2 193 7 10622 2 2.000000000
2 194 7 10623 2 2.000000000
2 195 7 10624 2 2.000000000
2 196 7 10625 2 2.000000000
2 197 7 10626 2 2.000000000
2 198 7 10627 2 2.000000000
2 199 7 10628 2 2.000000000
2 200 7 10629 2 2.000000000
2 201 7 10630 2 2.000000000
2 202 7 10631 2 2.000000000
2 203 7 10632 2 2.000000000
2 204 7 10633 2 2.000000000
2 205 7 10634 2 2.000000000
2 206 7 10635 2 2.000000000
2 207 7 10636 2 2.000000000
2 208 7 10637 2 2.000000000
2 209 7 10638 2 2.000000000
2 210 7 10639 2 2.000000000
2 211 7 10640 2 2.000000000
2 212 7 10641 2 2.000000000
2 213 7 10642 2 2.000000000
2 214 7 10643 2 2.000000000
2 215 7 10644 2 2.000000000
3 0 7 10645 2 2.000000000
3 1 7 10646 2 2.000000000
3 2 7 10647 2 2.000000000
3 4 7 10648 2 2.000000000
3 5 7 10649 2 2.000000000
3 6 7 10650 2 2.000000000
3 7 7 10651 2 2.000000000
3 8 7 10652 2 2.000000000
3 9 7 10653 2 2.000000000
3 10 7 10654 2 2.000000000
3 11 7 10655 2 2.000000000
3 12 7 10656 2 2.000000000
3 13 7 10657 2 2.000000000
3 14 7 10658 2 2.000000000
3 15 7 10659 2 2.000000000
3 16 7 10660 2 2.000000000
3 17 7 10661 2 2.000000000
3 18 7 10662 2 2.000000000
3 19 7 10663 2 2.000000000
3 20 7 10664 2 2.000000000
3 21 7 10665 2 2.000000000
3 22 7 10666 2 2.000000000
3 23 7 10667 2 2.000000000
3 24 7 10668 2 2.000000000
3 25 7 10669 2 2.000000000
3 26 7 10670 2 2.000000000
3 27 7 10671 2 2.000000000
3 28 7 10672 2 2.000000000
3 29 7 10673 2 2.000000000
3 30 7 10674 2 2.000000000
3 31 7 10675 2 2.000000000
3 32 7 10676 2 2.000000000
3 33 7 10677 2 2.000000000
3 34 7 10678 2 2.000000000
3 35 7 10679 2 2.000000000
3 36 7 10680 2 2.000000000
3 37 7 10681 2 2.000000000
3 38 7 10682 2 2.000000000
3 39 7 10683 2 2.000000000
3 40 7 10684 2 2.000000000
3 41 7 10685 2 2.000000000
3 42 7 10686 2 2.000000000
3 43 7 10687 2 2.000000000
3 44 7 10688 2 2.000000000
3 45 7 10689 2 2.000000000
3 46 7 10690 2 2.000000000
3 47 7 10691 2 2.000000000
3 48 7 10692 2 2.000000000
3 49 7 10693 2 2.000000000
3 50 7 10694 2 2.000000000
3 51 7 10695 2 2.000000000
3 52 7 10696 2 2.000000000
3 53 7 10697 2 2.000000000
3 54 7 10698 2 2.000000000
3 55 7 10699 2 2.000000000
3 56 7 10700 2 2.000000000
3 57 7 10701 2 2.000000000
3 58 7 10702 2 2.000000000
3 59 7 10703 2 2.000000000
3 60 7 10704 2 2.000000000
3 61 7 10705 2 2.000000000
3 62 7 10706 2 2.000000000
3 63 7 10707 2 2.000000000
3 64 7 10708 2 2.000000000
3 65 7 10709 2 2.000000000
3 66 7 10710 2 2.000000000
3 67 7 10711 2 2.000000000
3 68 7 10712 2 2.000000000
3 69 7 10713 2 2.000000000
3 70 7 10714 2 2.000000000
3 71 7 10715 2 2.000000000
3 72 7 10716 2 2.000000000
3 73 7 10717 2 2.000000000
3 74 7 10718 2 2.000000000
3 75 7 10719 2 2.000000000
3 76 7 10720 2 2.000000000
3 77 7 10721 2 2.000000000
3 78 7 10722 2 2.000000000
3 79 7 10723 2 2.000000000
3 80 7 10724 2 2.000000000
3 81 7 10725 2 2.000000000
3 82 7 10726 2 2.000000000
3 83 7 10727 2 2.000000000
3 84 7 10728 2 2.000000000
3 85 7 10729 2 2.000000000
3 86 7 10730 2 2.000000000
3 87 7 10731 2 2.000000000
3 88 7 10732 2 2.000000000
3 89 7 10733 2 2.000000000
3 90 7 10734 2 2.000000000
3 91 7 10735 2 2.000000000
3 92 7 10736 2 2.000000000
3 93 7 10737 2 2.000000000
3 94 7 10738 2 2.000000000
3 95 7 10739 2 2.000000000
3 96 7 10740 2 2.000000000
3 97 7 10741 2 2.000000000
3 98 7 10742 2 2.000000000
3 99 7 10743 2 2.000000000
3 100 7 10744 2 2.000000000
3 101 7 10745 2 2.000000000
3 102 7 10746 2 2.000000000
3 103 7 10747 2 2.000000000
3 104 7 10748 2 2.000000000
3 105 7 10749 2 2.000000000
3 106 7 10750 2 2.000000000
3 107 7 10751 2 2.000000000
3 108 7 10752 2 2.000000000
3 109 7 10753 2 2.000000000
3 110 7 10754 2 2.000000000
3 111 7 10755 2 2.000000000
3 112 7 10756 2 2.000000000
3 113 7 10757 2 2.000000000
3 114 7 10758 2 2.000000000
3 115 7 10759 2 2.000000000
3 116 7 10760 2 2.000000000
3 117 7 10761 2 2.000000000
3 118 7 10762 2 2.000000000
3 119 7 10763 2 2.000000000
3 120 7 10764 2 2.000000000
3 121 7 10765 2 2.000000000
3 122 7 10766 2 2.000000000
3 123 7 10767 2 2.000000000
3 124 7 10768 2 2.000000000
3 125 7 10769 2 2.000000000
3 126 7 10770 2 2.000000000
3 127 7 10771 2 2.000000000
3 128 7 10772 2 2.000000000
3 129 7 10773 2 2.000000000
3 130 7 10774 2 2.000000000
3 131 7 10775 2 2.000000000
3 132 7 10776 2 2.000000000
3 133 7 10777 2 2.000000000
3 134 7 10778 2 2.000000000
3 135 7 10779 2 2.000000000
3 136 7 10780 2 2.000000000
3 137 7 10781 2 2.000000000
3 138 7 10782 2 2.000000000
3 139 7 10783 2 2.000000000
3 140 7 10784 2 2.000000000
3 141 7 10785 2 2.000000000
3 142 7 10786 2 2.000000000
3 143 7 10787 2 2.000000000
3 144 7 10788 2 2.000000000
3 145 7 10789 2 2.000000000
3 146 7 10790 2 2.000000000
3 147 7 10791 2 2.000000000
3 148 7 10792 2 2.000000000
3 149 7 10793 2 2.000000000
3 150 7 10794 2 2.000000000
3 151 7 10795 2 2.000000000
3 152 7 10796 2 2.000000000
3 153 7 10797 2 2.000000000
3 154 7 10798 2 2.000000000
3 155 7 10799 2 2.000000000
3 156 7 10800 2 2.000000000
3 157 7 10801 2 2.000000000
3 158 7 10802 2 2.000000000
3 159 7 10803 2 2.000000000
3 160 7 10804 2 2.000000000
3 161 7 10805 2 2.000000000
3 162 7 10806 2 2.000000000
3 163 7 10807 2 2.000000000
3 164 7 10808 2 2.000000000
3 165 7 10809 2 2.000000000
3 166 7 10810 2 2.000000000
3 167 7 10811 2 2.000000000
3 168 7 10812 2 2.000000000
3 169 7 10813 2 2.000000000
3 170 7 10814 2 2.000000000
3 171 7 10815 2 2.000000000
3 172 7 10816 2 2.000000000
3 173 7 10817 2 2.000000000
3 174 7 10818 2 2.000000000
3 175 7 10819 2 2.000000000
3 176 7 10820 2 2.000000000
3 177 7 10821 2 2.000000000
3 178 7 10822 2 2.000000000
3 179 7 10823 2 2.000000000
3 180 7 10824 2 2.000000000
3 181 7 10825 2 2.000000000
3 182 7 10826 2 2.000000000
3 183 7 10827 2 2.000000000
3 184 7 10828 2 2.000000000
3 185 7 10829 2 2.000000000
3 186 7 10830 2 2.000000000
3 187 7 10831 2 2.000000000
3 188 7 10832 2 2.000000000
3 189 7 10833 2 2.000000000
3 190 7 10834 2 2.000000000
3 191 7 10835 2 2.000000000
3 192 7 10836 2 2.000000000
3 193 7 10837 2 2.000000000
3 194 7 10838 2 2.000000000
3 195 7 10839 2 2.000000000
3 196 7 10840 2 2.000000000
3 197 7 10841 2 2.000000000
3 198 7 10842 2 2.000000000
3 199 7 10843 2 2.000000000
3 200 7 10844 2 2.000000000
3 201 7 10845 2 2.000000000
3 202 7 10846 2 2.000000000
3 203 7 10847 2 2.000000000
3 204 7 10848 2 2.000000000
3 205 7 10849 2 2.000000000
3 206 7 10850 2 2.000000000
3 207 7 10851 2 2.000000000
3 208 7 10852 2 2.000000000
3 209 7 10853 2 2.000000000
3 210 7 10854 2 2.000000000
3 211 7 10855 2 2.000000000
3 212 7 10856 2 2.000000000
3 213 7 10857 2 2.000000000
3 214 7 10858 2 2.000000000
3 215 7 10859 2 2.000000000
4 0 7 10860 2 2.000000000
4 1 7 10861 2 2.000000000
4 2 7 10862 2 2.000000000
4 3 7 10863 2 2.000000000
4 5 7 10864 2 2.000000000
4 6 7 10865 2 2.000000000
4 7 7 10866 2 2.000000000
4 8 7 10867 2 2.000000000
4 9 7 10868 2 2.000000000
4 10 7 10869 2 2.000000000
4 11 7 10870 2 2.000000000
4 12 7 10871 2 2.000000000
4 13 7 10872 2 2.000000000
4 14 7 10873 2 2.000000000
4 15 7 10874 2 2.000000000
4 16 7 10875 2 2.000000000
4 17 7 10876 2 2.000000000
4 18 7 10877 2 2.000000000
4 19 7 10878 2 2.000000000
4 20 7 10879 2 2.000000000
4 21 7 10880 2 2.000000000
4 22 7 10881 2 2.000000000
4 23 7 10882 2 2.000000000
4 24 7 10883 2 2.000000000
4 25 7 10884 2 2.000000000
4 26 7 10885 2 2.000000000
4 27 7 10886 2 2.000000000
4 28 7 10887 2 2.000000000
4 29 7 10888 2 2.000000000
4 30 7 10889 2 2.000000000
4 31 7 10890 2 2.000000000
4 32 7 10891 2 2.000000000
4 33 7 10892 2 2.000000000
4 34 7 10893 2 2.000000000
4 35 7 10894 2 2.000000000
4 36 7 10895 2 2.000000000
4 37 7 10896 2 2.000000000
4 38 7 10897 2 2.000000000
4 39 7 10898 2 2.000000000
4 40 7 10899 2 2.000000000
4 41 7 10900 2 2.000000000
4 42 7 10901 2 2.000000000
4 43 7 10902 2 2.000000000
4 44 7 10903 2 2.000000000
4 45 7 10904 2 2.000000000
4 46 7 10905 2 2.000000000
4 47 7 10906 2 2.000000000
4 48 7 10907 2 2.000000000
4 49 7 10908 2 2.000000000
4 50 7 10909 2 2.000000000
4 51 7 10910 2 2.000000000
4 52 7 10911 2 2.000000000
4 53 7 10912 2 2.000000000
4 54 7 10913 2 2.000000000
4 55 7 10914 2 2.000000000
4 56 7 10915 2 2.000000000
4 57 7 10916 2 2.000000000
4 58 7 10917 2 2.000000000
4 59 7 10918 2 2.000000000
4 60 7 10919 2 2.000000000
4 61 7 10920 2 2.000000000
4 62 7 10921 2 2.000000000
4 63 7 10922 2 2.000000000
4 64 7 10923 2 2.000000000
4 65 7 10924 2 2.000000000
4 66 7 10925 2 2.000000000
4 67 7 10926 2 2.000000000
4 68 7 10927 2 2.000000000
4 69 7 10928 2 2.000000000
4 70 7 10929 2 2.000000000
4 71 7 10930 2 2.000000000
4 72 7 10931 2 2.000000000
4 73 7 10932 2 2.000000000
4 74 7 10933 2 2.000000000
4 75 7 10934 2 2.000000000
4 76 7 10935 2 2.000000000
4 77 7 10936 2 2.000000000
4 78 7 10937 2 2.000000000
4 79 7 10938 2 2.000000000
4 80 7 10939 2 2.000000000
4 81 7 10940 2 2.000000000
4 82 7 10941 2 2.000000000
4 83 7 10942 2 2.000000000
4 84 7 10943 2 2.000000000
4 85 7 10944 2 2.000000000
4 86 7 10945 2 2.000000000
4 87 7 10946 2 2.000000000
4 88 7 10947 2 2.000000000
4 89 7 10948 2 2.000000000
4 90 7 10949 2 2.000000000
4 91 7 10950 2 2.000000000
4 92 7 10951 2 2.000000000
4 93 7 10952 2 2.000000000
4 94 7 10953 2 2.000000000
4 95 7 10954 2 2.000000000
4 96 7 10955 2 2.000000000
4 97 7 10956 2 2.000000000
4 98 7 10957 2 2.000000000
4 99 7 10958 2 2.000000000
4 100 7 10959 2 2.000000000
4 101 7 10960 2 2.000000000
4 102 7 10961 2 2.000000000
4 103 7 10962 2 2.000000000
4 104 7 10963 2 2.000000000
4 105 7 10964 2 2.000000000
4 106 7 10965 2 2.000000000
4 107 7 10966 2 2.000000000
4 108 7 10967 2 2.000000000
4 109 7 10968 2 2.000000000
4 110 7 10969 2 2.000000000
4 111 7 10970 2 2.000000000
4 112 7 10971 2 2.000000000
4 113 7 10972 2 2.000000000
4 114 7 10973 2 2.000000000
4 115 7 10974 2 2.000000000
4 116 7 10975 2 2.000000000
4 117 7 10976 2 2.000000000
4 118 7 10977 2 2.000000000
4 119 7 10978 2 2.000000000
4 120 7 10979 2 2.000000000
4 121 7 10980 2 2.000000000
4 122 7 10981 2 2.000000000
4 123 7 10982 2 2.000000000
4 124 7 10983 2 2.000000000
4 125 7 10984 2 2.000000000
4 126 7 10985 2 2.000000000
4 127 7 10986 2 2.000000000
4 128 7 10987 2 2.000000000
4 129 7 10988 2 2.000000000
4 130 7 10989 2 2.000000000
4 131 7 10990 2 2.000000000
4 132 7 10991 2 2.000000000
4 133 7 10992 2 2.000000000
4 134 7 10993 2 2.000000000
4 135 7 10994 2 2.000000000
4 136 7 10995 2 2.000000000
4 137 7 10996 2 2.000000000
4 138 7 10997 2 2.000000000
4 139 7 10998 2 2.000000000
4 140 7 10999 2 2.000000000
4 141 7 11000 2 2.000000000
4 142 7 11001 2 2.000000000
4 143 7 11002 2 2.000000000
4 144 7 11003 2 2.000000000
4 145 7 11004 2 2.000000000
4 146 7 11005 2 2.000000000
4 147 7 11006 2 2.000000000
4 148 7 11007 2 2.000000000
4 149 7 11008 2 2.000000000
4 150 7 11009 2 2.000000000
4 151 7 11010 2 2.000000000
4 152 7 11011 2 2.000000000
4 153 7 11012 2 2.000000000
4 154 7 11013 2 2.000000000
4 155 7 11014 2 2.000000000
4 156 7 11015 2 2.000000000
4 157 7 11016 2 2.000000000
4 158 7 11017 2 2.000000000
4 159 7 11018 2 2.000000000
4 160 7 11019 2 2.000000000
4 161 7 11020 2 2.000000000
4 162 7 11021 2 2.000000000
4 163 7 11022 2 2.000000000
4 164 7 11023 2 2.000000000
4 165 7 11024 2 2.000000000
4 166 7 11025 2 2.000000000
4 167 7 11026 2 2.000000000
4 168 7 11027 2 2.000000000
4 169 7 11028 2 2.000000000
4 170 7 11029 2 2.000000000
4 171 7 11030 2 2.000000000
4 172 7 11031 2 2.000000000
4 173 7 11032 2 2.000000000
4 174 7 11033 2 2.000000000
4 175 7 11034 2 2.000000000
4 176 7 11035 2 2.000000000
4 177 7 11036 2 2.000000000
4 178 7 11037 2 2.000000000
4 179 7 11038 2 2.000000000
4 180 7 11039 2 2.000000000
4 181 7 11040 2 2.000000000
4 182 7 11041 2 2.000000000
4 183 7 11042 2 2.000000000
4 184 7 11043 2 2.000000000
4 185 7 11044 2 2.000000000
4 186 7 11045 2 2.000000000
4 187 7 11046 2 2.000000000
4 188 7 11047 2 2.000000000
4 189 7 11048 2 2.000000000
4 190 7 11049 2 2.000000000
4 191 7 11050 2 2.000000000
4 192 7 11051 2 2.000000000
4 193 7 11052 2 2.000000000
4 194 7 11053 2 2.000000000
4 195 7 11054 2 2.000000000
4 196 7 11055 2 2.000000000
4 197 7 11056 2 2.000000000
4 198 7 11057 2 2.000000000
4 199 7 11058 2 2.000000000
4 200 7 11059 2 2.000000000
4 201 7 11060 2 2.000000000
4 202 7 11061 2 2.000000000
4 203 7 11062 2 2.000000000
4 204 7 11063 2 2.000000000
4 205 7 11064 2 2.000000000
4 206 7 11065 2 2.000000000
4 207 7 11066 2 2.000000000
4 208 7 11067 2 2.000000000
4 209 7 11068 2 2.000000000
4 210 7 11069 2 2.000000000
4 211 7 11070 2 2.000000000
4 212 7 11071 2 2.000000000
4 213 7 11072 2 2.000000000
4 214 7 11073 2 2.000000000
4 215 7 11074 2 2.000000000
5 0 7 11075 2 2.000000000
5 1 7 11076 2 2.000000000
5 2 7 11077 2 2.000000000
5 3 7 11078 2 2.000000000
5 4 7 11079 2 2.000000000
5 6 7 11080 2 2.000000000
5 7 7 11081 2 2.000000000
5 8 7 11082 2 2.000000000
5 9 7 11083 2 2.000000000
5 10 7 11084 2 2.000000000
5 11 7 11085 2 2.000000000
5 12 7 11086 2 2.000000000
5 13 7 11087 2 2.000000000
5 14 7 11088 2 2.000000000
5 15 7 11089 2 2.000000000
5 16 7 11090 2 2.000000000
5 17 7 11091 2 2.000000000
5 18 7 11092 2 2.000000000
5 19 7 11093 2 2.000000000
5 20 7 11094 2 2.000000000
5 21 7 11095 2 2.000000000
5 22 7 11096 2 2.000000000
5 23 7 11097 2 2.000000000
5 24 7 11098 2 2.000000000
5 25 7 11099 2 2.000000000
5 26 7 11100 2 2.000000000
5 27 7 11101 2 2.000000000
5 28 7 11102 2 2.000000000
5 29 7 11103 2 2.000000000
5 30 7 11104 2 2.000000000
5 31 7 11105 2 2.000000000
5 32 7 11106 2 2.000000000
5 33 7 11107 2 2.000000000
5 34 7 11108 2 2.000000000
5 35 7 11109 2 2.000000000
5 36 7 11110 2 2.000000000
5 37 7 11111 2 2.000000000
5 38 7 11112 2 2.000000000
5 39 7 11113 2 2.000000000
5 40 7 11114 2 2.000000000
5 41 7 11115 2 2.000000000
5 42 7 11116 2 2.000000000
5 43 7 11117 2 2.000000000
5 44 7 11118 2 2.000000000
5 45 7 11119 2 2.000000000
5 46 7 11120 2 2.000000000
5 47 7 11121 2 2.000000000
5 48 7 11122 2 2.000000000
5 49 7 11123 2 2.000000000
5 50 7 11124 2 2.000000000
5 51 7 11125 2 2.000000000
5 52 7 11126 2 2.000000000
5 53 7 11127 2 2.000000000
5 54 7 11128 2 2.000000000
5 55 7 11129 2 2.000000000
5 56 7 11130 2 2.000000000
5 57 7 11131 2 2.000000000
5 58 7 11132 2 2.000000000
5 59 7 11133 2 2.000000000
5 60 7 11134 2 2.000000000
5 61 7 11135 2 2.000000000
5 62 7 11136 2 2.000000000
5 63 7 11137 2 2.000000000
5 64 7 11138 2 2.000000000
5 65 7 11139 2 2.000000000
5 66 7 11140 2 2.000000000
5 67 7 11141 2 2.000000000
5 68 7 11142 2 2.000000000
5 69 7 11143 2 2.000000000
5 70 7 11144 2 2.000000000
5 71 7 11145 2 2.000000000
5 72 7 11146 2 2.000000000
5 73 7 11147 2 2.000000000
5 74 7 11148 2 2.000000000
5 75 7 11149 2 2.000000000
5 76 7 11150 2 2.000000000
5 77 7 11151 2 2.000000000
5 78 7 11152 2 2.000000000
5 79 7 11153 2 2.000000000
5 80 7 11154 2 2.000000000
5 81 7 11155 2 2.000000000
5 82 7 11156 2 2.000000000
5 83 7 11157 2 2.000000000
5 84 7 11158 2 2.000000000
5 85 7 11159 2 2.000000000
5 86 7 11160 2 2.000000000
5 87 7 11161 2 2.000000000
5 88 7 11162 2 2.000000000
5 89 7 11163 2 2.000000000
5 90 7 11164 2 2.000000000
5 91 7 11165 2 2.000000000
5 92 7 11166 2 2.000000000
5 93 7 11167 2 2.000000000
5 94 7 11168 2 2.000000000
5 95 7 11169 2 2.000000000
5 96 7 11170 2 2.000000000
5 97 7 11171 2 2.000000000
5 98 7 11172 2 2.000000000
5 99 7 11173 2 2.000000000
5 100 7 11174 2 2.000000000
5 101 7 11175 2 2.000000000
5 102 7 11176 2 2.000000000
5 103 7 11177 2 2.000000000
5 104 7 11178 2 2.000000000
5 105 7 11179 2 2.000000000
5 106 7 11180 2 2.000000000
5 107 7 11181 2 2.000000000
5 108 7 11182 2 2.000000000
5 109 7 11183 2 2.000000000
5 110 7 11184 2 2.000000000
5 111 7 11185 2 2.000000000
5 112 7 11186 2 2.000000000
5 113 7 11187 2 2.000000000
5 114 7 11188 2 2.000000000
5 115 7 11189 2 2.000000000
5 116 7 11190 2 2.000000000
5 117 7 11191 2 2.000000000
5 118 7 11192 2 2.000000000
5 119 7 11193 2 2.000000000
5 120 7 11194 2 2.000000000
5 121 7 11195 2 2.000000000
5 122 7 11196 2 2.000000000
5 123 7 11197 2 2.000000000
5 124 7 11198 2 2.000000000
5 125 7 11199 2 2.000000000
5 126 7 11200 2 2.000000000
5 127 7 11201 2 2.000000000
5 128 7 11202 2 2.000000000
5 129 7 11203 2 2.000000000
5 130 7 11204 2 2.000000000
5 131 7 11205 2 2.000000000
5 132 7 11206 2 2.000000000
5 133 7 11207 2 2.000000000
5 134 7 11208 2 2.000000000
5 135 7 11209 2 2.000000000
5 136 7 11210 2 2.000000000
5 137 7 11211 2 2.000000000
5 138 7 11212 2 2.000000000
5 139 7 11213 2 2.000000000
5 140 7 11214 2 2.000000000
5 141 7 11215 2 2.000000000
5 142 7 11216 2 2.000000000
5 143 7 11217 2 2.000000000
5 144 7 11218 2 2.000000000
5 145 7 11219 2 2.000000000
5 146 7 11220 2 2.000000000
5 147 7 11221 2 2.000000000
5 148 7 11222 2 2.000000000
5 149 7 11223 2 2.000000000
5 150 7 11224 2 2.000000000
5 151 7 11225 2 2.000000000
5 152 7 11226 2 2.000000000
5 153 7 11227 2 2.000000000
5 154 7 11228 2 2.000000000
5 155 7 11229 2 2.000000000
5 156 7 11230 2 2.000000000
5 157 7 11231 2 2.000000000
5 158 7 11232 2 2.000000000
5 159 7 11233 2 2.000000000
5 160 7 11234 2 2.000000000
5 161 7 11235 2 2.000000000
5 162 7 11236 2 2.000000000
5 163 7 11237 2 2.000000000
5 164 7 11238 2 2.000000000
5 165 7 11239 2 2.000000000
5 166 7 11240 2 2.000000000
5 167 7 11241 2 2.000000000
5 168 7 11242 2 2.000000000
5 169 7 11243 2 2.000000000
5 170 7 11244 2 2.000000000
5 171 7 11245 2 2.000000000
5 172 7 11246 2 2.000000000
5 173 7 11247 2 2.000000000
5 174 7 11248 2 2.000000000
5 175 7 11249 2 2.000000000
5 176 7 11250 2 2.000000000
5 177 7 11251 2 2.000000000
5 178 7 11252 2 2.000000000
5 179 7 11253 2 2.000000000
5 180 7 11254 2 2.000000000
5 181 7 11255 2 2.000000000
5 182 7 11256 2 2.000000000
5 183 7 11257 2 2.000000000
5 184 7 11258 2 2.000000000
5 185 7 11259 2 2.000000000
5 186 7 11260 2 2.000000000
5 187 7 11261 2 2.000000000
5 188 7 11262 2 2.000000000
5 189 7 11263 2 2.000000000
5 190 7 11264 2 2.000000000
5 191 7 11265 2 2.000000000
5 192 7 11266 2 2.000000000
5 193 7 11267 2 2.000000000
5 194 7 11268 2 2.000000000
5 195 7 11269 2 2.000000000
5 196 7 11270 2 2.000000000
5 197 7 11271 2 2.000000000
5 198 7 11272 2 2.000000000
5 199 7 11273 2 2.000000000
5 200 7 11274 2 2.000000000
5 201 7 11275 2 2.000000000
5 202 7 11276 2 2.000000000
5 203 7 11277 2 2.000000000
5 204 7 11278 2 2.000000000
5 205 7 11279 2 2.000000000
5 206 7 11280 2 2.000000000
5 207 7 11281 2 2.000000000
5 208 7 11282 2 2.000000000
5 209 7 11283 2 2.000000000
5 210 7 11284 2 2.000000000
5 211 7 11285 2 2.000000000
5 212 7 11286 2 2.000000000
5 213 7 11287 2 2.000000000
5 214 7 11288 2 2.000000000
5 215 7 11289 2 2.000000000
