1290
0 1 7 10000 4 2.000000000
0 2 7 10001 4 2.000000000
0 3 7 10002 4 2.000000000
0 4 7 10003 4 2.000000000
0 5 7 10004 4 2.000000000
0 6 7 10005 4 2.000000000
0 7 7 10006 4 2.000000000
0 8 7 10007 4 2.000000000
0 9 7 10008 4 2.000000000
0 10 7 10009 4 2.000000000
0 11 7 10010 4 2.000000000
0 12 7 10011 4 2.000000000
0 13 7 10012 4 2.000000000
0 14 7 10013 4 2.000000000
0 15 7 10014 4 2.000000000
0 16 7 10015 4 2.000000000
0 17 7 10016 4 2.000000000
0 18 7 10017 4 2.000000000
0 19 7 10018 4 2.000000000
0 20 7 10019 4 2.000000000
0 21 7 10020 4 2.000000000
0 22 7 10021 4 2.000000000
0 23 7 10022 4 2.000000000
0 24 7 10023 4 2.000000000
0 25 7 10024 4 2.000000000
0 26 7 10025 4 2.000000000
0 27 7 10026 4 2.000000000
0 28 7 10027 4 2.000000000
0 29 7 10028 4 2.000000000
0 30 7 10029 4 2.000000000
0 31 7 10030 4 2.000000000
0 32 7 10031 4 2.000000000
0 33 7 10032 4 2.000000000
0 34 7 10033 4 2.000000000
0 35 7 10034 4 2.000000000
0 36 7 10035 4 2.000000000
0 37 7 10036 4 2.000000000
0 38 7 10037 4 2.000000000
0 39 7 10038 4 2.000000000
0 40 7 10039 4 2.000000000
0 41 7 10040 4 2.000000000
0 42 7 10041 4 2.000000000
0 43 7 10042 4 2.000000000
0 44 7 10043 4 2.000000000
0 45 7 10044 4 2.000000000
0 46 7 10045 4 2.000000000
0 47 7 10046 4 2.000000000
0 48 7 10047 4 2.000000000
0 49 7 10048 4 2.000000000
0 50 7 10049 4 2.000000000
0 51 7 10050 4 2.000000000
0 52 7 10051 4 2.000000000
0 53 7 10052 4 2.000000000
0 54 7 10053 4 2.000000000
0 55 7 10054 4 2.000000000
0 56 7 10055 4 2.000000000
0 57 7 10056 4 2.000000000
0 58 7 10057 4 2.000000000
0 59 7 10058 4 2.000000000
0 60 7 10059 4 2.000000000
0 61 7 10060 4 2.000000000
0 62 7 10061 4 2.000000000
0 63 7 10062 4 2.000000000
0 64 7 10063 4 2.000000000
0 65 7 10064 4 2.000000000
0 66 7 10065 4 2.000000000
0 67 7 10066 4 2.000000000
0 68 7 10067 4 2.000000000
0 69 7 10068 4 2.000000000
0 70 7 10069 4 2.000000000
0 71 7 10070 4 2.000000000
0 72 7 10071 4 2.000000000
0 73 7 10072 4 2.000000000
0 74 7 10073 4 2.000000000
0 75 7 10074 4 2.000000000
0 76 7 10075 4 2.000000000
0 77 7 10076 4 2.000000000
0 78 7 10077 4 2.000000000
0 79 7 10078 4 2.000000000
0 80 7 10079 4 2.000000000
0 81 7 10080 4 2.000000000
0 82 7 10081 4 2.000000000
0 83 7 10082 4 2.000000000
0 84 7 10083 4 2.000000000
0 85 7 10084 4 2.000000000
0 86 7 10085 4 2.000000000
0 87 7 10086 4 2.000000000
0 88 7 10087 4 2.000000000
0 89 7 10088 4 2.000000000
0 90 7 10089 4 2.000000000
0 91 7 10090 4 2.000000000
0 92 7 10091 4 2.000000000
0 93 7 10092 4 2.000000000
0 94 7 10093 4 2.000000000
0 95 7 10094 4 2.000000000
0 96 7 10095 4 2.000000000
0 97 7 10096 4 2.000000000
0 98 7 10097 4 2.000000000
0 99 7 10098 4 2.000000000
0 100 7 10099 4 2.000000000
0 101 7 10100 4 2.000000000
0 102 7 10101 4 2.000000000
0 103 7 10102 4 2.000000000
0 104 7 10103 4 2.000000000
0 105 7 10104 4 2.000000000
0 106 7 10105 4 2.000000000
0 107 7 10106 4 2.000000000
0 108 7 10107 4 2.000000000
0 109 7 10108 4 2.000000000
0 110 7 10109 4 2.000000000
0 111 7 10110 4 2.000000000
0 112 7 10111 4 2.000000000
0 113 7 10112 4 2.000000000
0 114 7 10113 4 2.000000000
0 115 7 10114 4 2.000000000
0 116 7 10115 4 2.000000000
0 117 7 10116 4 2.000000000
0 118 7 10117 4 2.000000000
0 119 7 10118 4 2.000000000
0 120 7 10119 4 2.000000000
0 121 7 10120 4 2.000000000
0 122 7 10121 4 2.000000000
0 123 7 10122 4 2.000000000
0 124 7 10123 4 2.000000000
0 125 7 10124 4 2.000000000
0 126 7 10125 4 2.000000000
0 127 7 10126 4 2.000000000
0 128 7 10127 4 2.000000000
0 129 7 10128 4 2.000000000
0 130 7 10129 4 2.000000000
0 131 7 10130 4 2.000000000
0 132 7 10131 4 2.000000000
0 133 7 10132 4 2.000000000
0 134 7 10133 4 2.000000000
0 135 7 10134 4 2.000000000
0 136 7 10135 4 2.000000000
0 137 7 10136 4 2.000000000
0 138 7 10137 4 2.000000000
0 139 7 10138 4 2.000000000
0 140 7 10139 4 2.000000000
0 141 7 10140 4 2.000000000
0 142 7 10141 4 2.000000000
0 143 7 10142 4 2.000000000
0 144 7 10143 4 2.000000000
0 145 7 10144 4 2.000000000
0 146 7 10145 4 2.000000000
0 147 7 10146 4 2.000000000
0 148 7 10147 4 2.000000000
0 149 7 10148 4 2.000000000
0 150 7 10149 4 2.000000000
0 151 7 10150 4 2.000000000
0 152 7 10151 4 2.000000000
0 153 7 10152 4 2.000000000
0 154 7 10153 4 2.000000000
0 155 7 10154 4 2.000000000
0 156 7 10155 4 2.000000000
0 157 7 10156 4 2.000000000
0 158 7 10157 4 2.000000000
0 159 7 10158 4 2.000000000
0 160 7 10159 4 2.000000000
0 161 7 10160 4 2.000000000
0 162 7 10161 4 2.000000000
0 163 7 10162 4 2.000000000
0 164 7 10163 4 2.000000000
0 165 7 10164 4 2.000000000
0 166 7 10165 4 2.000000000
0 167 7 10166 4 2.000000000
0 168 7 10167 4 2.000000000
0 169 7 10168 4 2.000000000
0 170 7 10169 4 2.000000000
0 171 7 10170 4 2.000000000
0 172 7 10171 4 2.000000000
0 173 7 10172 4 2.000000000
0 174 7 10173 4 2.000000000
0 175 7 10174 4 2.000000000
0 176 7 10175 4 2.000000000
0 177 7 10176 4 2.000000000
0 178 7 10177 4 2.000000000
0 179 7 10178 4 2.000000000
0 180 7 10179 4 2.000000000
0 181 7 10180 4 2.000000000
0 182 7 10181 4 2.000000000
0 183 7 10182 4 2.000000000
0 184 7 10183 4 2.000000000
0 185 7 10184 4 2.000000000
0 186 7 10185 4 2.000000000
0 187 7 10186 4 2.000000000
0 188 7 10187 4 2.000000000
0 189 7 10188 4 2.000000000
0 190 7 10189 4 2.000000000
0 191 7 10190 4 2.000000000
0 192 7 10191 4 2.000000000
0 193 7 10192 4 2.000000000
0 194 7 10193 4 2.000000000
0 195 7 10194 4 2.000000000
0 196 7 10195 4 2.000000000
0 197 7 10196 4 2.000000000
0 198 7 10197 4 2.000000000
0 199 7 10198 4 2.000000000
0 200 7 10199 4 2.000000000
0 201 7 10200 4 2.000000000
0 202 7 10201 4 2.000000000
0 203 7 10202 4 2.000000000
0 204 7 10203 4 2.000000000
0 205 7 10204 4 2.000000000
0 206 7 10205 4 2.000000000
0 207 7 10206 4 2.000000000
0 208 7 10207 4 2.000000000
0 209 7 10208 4 2.000000000
0 210 7 10209 4 2.000000000
0 211 7 10210 4 2.000000000
0 212 7 10211 4 2.000000000
0 213 7 10212 4 2.000000000
0 214 7 10213 4 2.000000000
0 215 7 10214 4 2.000000000
1 0 7 10215 4 2.000000000
1 2 7 10216 4 2.000000000
1 3 7 10217 4 2.000000000
1 4 7 10218 4 2.000000000
1 5 7 10219 4 2.000000000
1 6 7 10220 4 2.000000000
1 7 7 10221 4 2.000000000
1 8 7 10222 4 2.000000000
1 9 7 10223 4 2.000000000
1 10 7 10224 4 2.000000000
1 11 7 10225 4 2.000000000
1 12 7 10226 4 2.000000000
1 13 7 10227 4 2.000000000
1 14 7 10228 4 2.000000000
1 15 7 10229 4 2.000000000
1 16 7 10230 4 2.000000000
1 17 7 10231 4 2.000000000
1 18 7 10232 4 2.000000000
1 19 7 10233 4 2.000000000
1 20 7 10234 4 2.000000000
1 21 7 10235 4 2.000000000
1 22 7 10236 4 2.000000000
1 23 7 10237 4 2.000000000
1 24 7 10238 4 2.000000000
1 25 7 10239 4 2.000000000
1 26 7 10240 4 2.000000000
1 27 7 10241 4 2.000000000
1 28 7 10242 4 2.000000000
1 29 7 10243 4 2.000000000
1 30 7 10244 4 2.000000000
1 31 7 10245 4 2.000000000
1 32 7 10246 4 2.000000000
1 33 7 10247 4 2.000000000
1 34 7 10248 4 2.000000000
1 35 7 10249 4 2.000000000
1 36 7 10250 4 2.000000000
1 37 7 10251 4 2.000000000
1 38 7 10252 4 2.000000000
1 39 7 10253 4 2.000000000
1 40 7 10254 4 2.000000000
1 41 7 10255 4 2.000000000
1 42 7 10256 4 2.000000000
1 43 7 10257 4 2.000000000
1 44 7 10258 4 2.000000000
1 45 7 10259 4 2.000000000
1 46 7 10260 4 2.000000000
1 47 7 10261 4 2.000000000
1 48 7 10262 4 2.000000000
1 49 7 10263 4 2.000000000
1 50 7 10264 4 2.000000000
1 51 7 10265 4 2.000000000
1 52 7 10266 4 2.000000000
1 53 7 10267 4 2.000000000
1 54 7 10268 4 2.000000000
1 55 7 10269 4 2.000000000
1 56 7 10270 4 2.000000000
1 57 7 10271 4 2.000000000
1 58 7 10272 4 2.000000000
1 59 7 10273 4 2.000000000
1 60 7 10274 4 2.000000000
1 61 7 10275 4 2.000000000
1 62 7 10276 4 2.000000000
1 63 7 10277 4 2.000000000
1 64 7 10278 4 2.000000000
1 65 7 10279 4 2.000000000
1 66 7 10280 4 2.000000000
1 67 7 10281 4 2.000000000
1 68 7 10282 4 2.000000000
1 69 7 10283 4 2.000000000
1 70 7 10284 4 2.000000000
1 71 7 10285 4 2.000000000
1 72 7 10286 4 2.000000000
1 73 7 10287 4 2.000000000
1 74 7 10288 4 2.000000000
1 75 7 10289 4 2.000000000
1 76 7 10290 4 2.000000000
1 77 7 10291 4 2.000000000
1 78 7 10292 4 2.000000000
1 79 7 10293 4 2.000000000
1 80 7 10294 4 2.000000000
1 81 7 10295 4 2.000000000
1 82 7 10296 4 2.000000000
1 83 7 10297 4 2.000000000
1 84 7 10298 4 2.000000000
1 85 7 10299 4 2.000000000
1 86 7 10300 4 2.000000000
1 87 7 10301 4 2.000000000
1 88 7 10302 4 2.000000000
1 89 7 10303 4 2.000000000
1 90 7 10304 4 2.000000000
1 91 7 10305 4 2.000000000
1 92 7 10306 4 2.000000000
1 93 7 10307 4 2.000000000
1 94 7 10308 4 2.000000000
1 95 7 10309 4 2.000000000
1 96 7 10310 4 2.000000000
1 97 7 10311 4 2.000000000
1 98 7 10312 4 2.000000000
1 99 7 10313 4 2.000000000
1 100 7 10314 4 2.000000000
1 101 7 10315 4 2.000000000
1 102 7 10316 4 2.000000000
1 103 7 10317 4 2.000000000
1 104 7 10318 4 2.000000000
1 105 7 10319 4 2.000000000
1 106 7 10320 4 2.000000000
1 107 7 10321 4 2.000000000
1 108 7 10322 4 2.000000000
1 109 7 10323 4 2.000000000
1 110 7 10324 4 2.000000000
1 111 7 10325 4 2.000000000
1 112 7 10326 4 2.000000000
1 113 7 10327 4 2.000000000
1 114 7 10328 4 2.000000000
1 115 7 10329 4 2.000000000
1 116 7 10330 4 2.000000000
1 117 7 10331 4 2.000000000
1 118 7 10332 4 2.000000000
1 119 7 10333 4 2.000000000
1 120 7 10334 4 2.000000000
1 121 7 10335 4 2.000000000
1 122 7 10336 4 2.000000000
1 123 7 10337 4 2.000000000
1 124 7 10338 4 2.000000000
1 125 7 10339 4 2.000000000
1 126 7 10340 4 2.000000000
1 127 7 10341 4 2.000000000
1 128 7 10342 4 2.000000000
1 129 7 10343 4 2.000000000
1 130 7 10344 4 2.000000000
1 131 7 10345 4 2.000000000
1 132 7 10346 4 2.000000000
1 133 7 10347 4 2.000000000
1 134 7 10348 4 2.000000000
1 135 7 10349 4 2.000000000
1 136 7 10350 4 2.000000000
1 137 7 10351 4 2.000000000
1 138 7 10352 4 2.000000000
1 139 7 10353 4 2.000000000
1 140 7 10354 4 2.000000000
1 141 7 10355 4 2.000000000
1 142 7 10356 4 2.000000000
1 143 7 10357 4 2.000000000
1 144 7 10358 4 2.000000000
1 145 7 10359 4 2.000000000
1 146 7 10360 4 2.000000000
1 147 7 10361 4 2.000000000
1 148 7 10362 4 2.000000000
1 149 7 10363 4 2.000000000
1 150 7 10364 4 2.000000000
1 151 7 10365 4 2.000000000
1 152 7 10366 4 2.000000000
1 153 7 10367 4 2.000000000
1 154 7 10368 4 2.000000000
1 155 7 10369 4 2.000000000
1 156 7 10370 4 2.000000000
1 157 7 10371 4 2.000000000
1 158 7 10372 4 2.000000000
1 159 7 10373 4 2.000000000
1 160 7 10374 4 2.000000000
1 161 7 10375 4 2.000000000
1 162 7 10376 4 2.000000000
1 163 7 10377 4 2.000000000
1 164 7 10378 4 2.000000000
1 165 7 10379 4 2.000000000
1 166 7 10380 4 2.000000000
1 167 7 10381 4 2.000000000
1 168 7 10382 4 2.000000000
1 169 7 10383 4 2.000000000
1 170 7 10384 4 2.000000000
1 171 7 10385 4 2.000000000
1 172 7 10386 4 2.000000000
1 173 7 10387 4 2.000000000
1 174 7 10388 4 2.000000000
1 175 7 10389 4 2.000000000
1 176 7 10390 4 2.000000000
1 177 7 10391 4 2.000000000
1 178 7 10392 4 2.000000000
1 179 7 10393 4 2.000000000
1 180 7 10394 4 2.000000000
1 181 7 10395 4 2.000000000
1 182 7 10396 4 2.000000000
1 183 7 10397 4 2.000000000
1 184 7 10398 4 2.000000000
1 185 7 10399 4 2.000000000
1 186 7 10400 4 2.000000000
1 187 7 10401 4 2.000000000
1 188 7 10402 4 2.000000000
1 189 7 10403 4 2.000000000
1 190 7 10404 4 2.000000000
1 191 7 10405 4 2.000000000
1 192 7 10406 4 2.000000000
1 193 7 10407 4 2.000000000
1 194 7 10408 4 2.000000000
1 195 7 10409 4 2.000000000
1 196 7 10410 4 2.000000000
1 197 7 10411 4 2.000000000
1 198 7 10412 4 2.000000000
1 199 7 10413 4 2.000000000
1 200 7 10414 4 2.000000000
1 201 7 10415 4 2.000000000
1 202 7 10416 4 2.000000000
1 203 7 10417 4 2.000000000
1 204 7 10418 4 2.000000000
1 205 7 10419 4 2.000000000
1 206 7 10420 4 2.000000000
1 207 7 10421 4 2.000000000
1 208 7 10422 4 2.000000000
1 209 7 10423 4 2.000000000
1 210 7 10424 4 2.000000000
1 211 7 10425 4 2.000000000
1 212 7 10426 4 2.000000000
1 213 7 10427 4 2.000000000
1 214 7 10428 4 2.000000000
1 215 7 10429 4 2.000000000
2 0 7 10430 4 2.000000000
2 1 7 10431 4 2.000000000
2 3 7 10432 4 2.000000000
2 4 7 10433 4 2.000000000
2 5 7 10434 4 2.000000000
2 6 7 10435 4 2.000000000
2 7 7 10436 4 2.000000000
2 8 7 10437 4 2.000000000
2 9 7 10438 4 2.000000000
2 10 7 10439 4 2.000000000
2 11 7 10440 4 2.000000000
2 12 7 10441 4 2.000000000
2 13 7 10442 4 2.000000000
2 14 7 10443 4 2.000000000
2 15 7 10444 4 2.000000000
2 16 7 10445 4 2.000000000
2 17 7 10446 4 2.000000000
2 18 7 10447 4 2.000000000
2 19 7 10448 4 2.000000000
2 20 7 10449 4 2.000000000
2 21 7 10450 4 2.000000000
2 22 7 10451 4 2.000000000
2 23 7 10452 4 2.000000000
2 24 7 10453 4 2.000000000
2 25 7 10454 4 2.000000000
2 26 7 10455 4 2.000000000
2 27 7 10456 4 2.000000000
2 28 7 10457 4 2.000000000
2 29 7 10458 4 2.000000000
2 30 7 10459 4 2.000000000
2 31 7 10460 4 2.000000000
2 32 7 10461 4 2.000000000
2 33 7 10462 4 2.000000000
2 34 7 10463 4 2.000000000
2 35 7 10464 4 2.000000000
2 36 7 10465 4 2.000000000
2 37 7 10466 4 2.000000000
2 38 7 10467 4 2.000000000
2 39 7 10468 4 2.000000000
2 40 7 10469 4 2.000000000
2 41 7 10470 4 2.000000000
2 42 7 10471 4 2.000000000
2 43 7 10472 4 2.000000000
2 44 7 10473 4 2.000000000
2 45 7 10474 4 2.000000000
2 46 7 10475 4 2.000000000
2 47 7 10476 4 2.000000000
2 48 7 10477 4 2.000000000
2 49 7 10478 4 2.000000000
2 50 7 10479 4 2.000000000
2 51 7 10480 4 2.000000000
2 52 7 10481 4 2.000000000
2 53 7 10482 4 2.000000000
2 54 7 10483 4 2.000000000
2 55 7 10484 4 2.000000000
2 56 7 10485 4 2.000000000
2 57 7 10486 4 2.000000000
2 58 7 10487 4 2.000000000
2 59 7 10488 4 2.000000000
2 60 7 10489 4 2.000000000
2 61 7 10490 4 2.000000000
2 62 7 10491 4 2.000000000
2 63 7 10492 4 2.000000000
2 64 7 10493 4 2.000000000
2 65 7 10494 4 2.000000000
2 66 7 10495 4 2.000000000
2 67 7 10496 4 2.000000000
2 68 7 10497 4 2.000000000
2 69 7 10498 4 2.000000000
2 70 7 10499 4 2.000000000
2 71 7 10500 4 2.000000000
2 72 7 10501 4 2.000000000
2 73 7 10502 4 2.000000000
2 74 7 10503 4 2.000000000
2 75 7 10504 4 2.000000000
2 76 7 10505 4 2.000000000
2 77 7 10506 4 2.000000000
2 78 7 10507 4 2.000000000
2 79 7 10508 4 2.000000000
2 80 7 10509 4 2.000000000
2 81 7 10510 4 2.000000000
2 82 7 10511 4 2.000000000
2 83 7 10512 4 2.000000000
2 84 7 10513 4 2.000000000
2 85 7 10514 4 2.000000000
2 86 7 10515 4 2.000000000
2 87 7 10516 4 2.000000000
2 88 7 10517 4 2.000000000
2 89 7 10518 4 2.000000000
2 90 7 10519 4 2.000000000
2 91 7 10520 4 2.000000000
2 92 7 10521 4 2.000000000
2 93 7 10522 4 2.000000000
2 94 7 10523 4 2.000000000
2 95 7 10524 4 2.000000000
2 96 7 10525 4 2.000000000
2 97 7 10526 4 2.000000000
2 98 7 10527 4 2.000000000
2 99 7 10528 4 2.000000000
2 100 7 10529 4 2.000000000
2 101 7 10530 4 2.000000000
2 102 7 10531 4 2.000000000
2 103 7 10532 4 2.000000000
2 104 7 10533 4 2.000000000
2 105 7 10534 4 2.000000000
2 106 7 10535 4 2.000000000
2 107 7 10536 4 2.000000000
2 108 7 10537 4 2.000000000
2 109 7 10538 4 2.000000000
2 110 7 10539 4 2.000000000
2 111 7 10540 4 2.000000000
2 112 7 10541 4 2.000000000
2 113 7 10542 4 2.000000000
2 114 7 10543 4 2.000000000
2 115 7 10544 4 2.000000000
2 116 7 10545 4 2.000000000
2 117 7 10546 4 2.000000000
2 118 7 10547 4 2.000000000
2 119 7 10548 4 2.000000000
2 120 7 10549 4 2.000000000
2 121 7 10550 4 2.000000000
2 122 7 10551 4 2.000000000
2 123 7 10552 4 2.000000000
2 124 7 10553 4 2.000000000
2 125 7 10554 4 2.000000000
2 126 7 10555 4 2.000000000
2 127 7 10556 4 2.000000000
2 128 7 10557 4 2.000000000
2 129 7 10558 4 2.000000000
2 130 7 10559 4 2.000000000
2 131 7 10560 4 2.000000000
2 132 7 10561 4 2.000000000
2 133 7 10562 4 2.000000000
2 134 7 10563 4 2.000000000
2 135 7 10564 4 2.000000000
2 136 7 10565 4 2.000000000
2 137 7 10566 4 2.000000000
2 138 7 10567 4 2.000000000
2 139 7 10568 4 2.000000000
2 140 7 10569 4 2.000000000
2 141 7 10570 4 2.000000000
2 142 7 10571 4 2.000000000
2 143 7 10572 4 2.000000000
2 144 7 10573 4 2.000000000
2 145 7 10574 4 2.000000000
2 146 7 10575 4 2.000000000
2 147 7 10576 4 2.000000000
2 148 7 10577 4 2.000000000
2 149 7 10578 4 2.000000000
2 150 7 10579 4 2.000000000
2 151 7 10580 4 2.000000000
2 152 7 10581 4 2.000000000
2 153 7 10582 4 2.000000000
2 154 7 10583 4 2.000000000
2 155 7 10584 4 2.000000000
2 156 7 10585 4 2.000000000
2 157 7 10586 4 2.000000000
2 158 7 10587 4 2.000000000
2 159 7 10588 4 2.000000000
2 160 7 10589 4 2.000000000
2 161 7 10590 4 2.000000000
2 162 7 10591 4 2.000000000
2 163 7 10592 4 2.000000000
2 164 7 10593 4 2.000000000
2 165 7 10594 4 2.000000000
2 166 7 10595 4 2.000000000
2 167 7 10596 4 2.000000000
2 168 7 10597 4 2.000000000
2 169 7 10598 4 2.000000000
2 170 7 10599 4 2.000000000
2 171 7 10600 4 2.000000000
2 172 7 10601 4 2.000000000
2 173 7 10602 4 2.000000000
2 174 7 10603 4 2.000000000
2 175 7 10604 4 2.000000000
2 176 7 10605 4 2.000000000
2 177 7 10606 4 2.000000000
2 178 7 10607 4 2.000000000
2 179 7 10608 4 2.000000000
2 180 7 10609 4 2.000000000
2 181 7 10610 4 2.000000000
2 182 7 10611 4 2.000000000
2 183 7 10612 4 2.000000000
2 184 7 10613 4 2.000000000
2 185 7 10614 4 2.000000000
2 186 7 10615 4 2.000000000
2 187 7 10616 4 2.000000000
2 188 7 10617 4 2.000000000
2 189 7 10618 4 2.000000000
2 190 7 10619 4 2.000000000
2 191 7 10620 4 2.000000000
2 192 7 10621 4 2.000000000
2 193 7 10622 4 2.000000000
2 194 7 10623 4 2.000000000
2 195 7 10624 4 2.000000000
2 196 7 10625 4 2.000000000
2 197 7 10626 4 2.000000000
2 198 7 10627 4 2.000000000
2 199 7 10628 4 2.000000000
2 200 7 10629 4 2.000000000
2 201 7 10630 4 2.000000000
2 202 7 10631 4 2.000000000
2 203 7 10632 4 2.000000000
2 204 7 10633 4 2.000000000
2 205 7 10634 4 2.000000000
2 206 7 10635 4 2.000000000
2 207 7 10636 4 2.000000000
2 208 7 10637 4 2.000000000
2 209 7 10638 4 2.000000000
2 210 7 10639 4 2.000000000
2 211 7 10640 4 2.000000000
2 212 7 10641 4 2.000000000
2 213 7 10642 4 2.000000000
2 214 7 10643 4 2.000000000
2 215 7 10644 4 2.000000000
3 0 7 10645 4 2.000000000
3 1 7 10646 4 2.000000000
3 2 7 10647 4 2.000000000
3 4 7 10648 4 2.000000000
3 5 7 10649 4 2.000000000
3 6 7 10650 4 2.000000000
3 7 7 10651 4 2.000000000
3 8 7 10652 4 2.000000000
3 9 7 10653 4 2.000000000
3 10 7 10654 4 2.000000000
3 11 7 10655 4 2.000000000
3 12 7 10656 4 2.000000000
3 13 7 10657 4 2.000000000
3 14 7 10658 4 2.000000000
3 15 7 10659 4 2.000000000
3 16 7 10660 4 2.000000000
3 17 7 10661 4 2.000000000
3 18 7 10662 4 2.000000000
3 19 7 10663 4 2.000000000
3 20 7 10664 4 2.000000000
3 21 7 10665 4 2.000000000
3 22 7 10666 4 2.000000000
3 23 7 10667 4 2.000000000
3 24 7 10668 4 2.000000000
3 25 7 10669 4 2.000000000
3 26 7 10670 4 2.000000000
3 27 7 10671 4 2.000000000
3 28 7 10672 4 2.000000000
3 29 7 10673 4 2.000000000
3 30 7 10674 4 2.000000000
3 31 7 10675 4 2.000000000
3 32 7 10676 4 2.000000000
3 33 7 10677 4 2.000000000
3 34 7 10678 4 2.000000000
3 35 7 10679 4 2.000000000
3 36 7 10680 4 2.000000000
3 37 7 10681 4 2.000000000
3 38 7 10682 4 2.000000000
3 39 7 10683 4 2.000000000
3 40 7 10684 4 2.000000000
3 41 7 10685 4 2.000000000
3 42 7 10686 4 2.000000000
3 43 7 10687 4 2.000000000
3 44 7 10688 4 2.000000000
3 45 7 10689 4 2.000000000
3 46 7 10690 4 2.000000000
3 47 7 10691 4 2.000000000
3 48 7 10692 4 2.000000000
3 49 7 10693 4 2.000000000
3 50 7 10694 4 2.000000000
3 51 7 10695 4 2.000000000
3 52 7 10696 4 2.000000000
3 53 7 10697 4 2.000000000
3 54 7 10698 4 2.000000000
3 55 7 10699 4 2.000000000
3 56 7 10700 4 2.000000000
3 57 7 10701 4 2.000000000
3 58 7 10702 4 2.000000000
3 59 7 10703 4 2.000000000
3 60 7 10704 4 2.000000000
3 61 7 10705 4 2.000000000
3 62 7 10706 4 2.000000000
3 63 7 10707 4 2.000000000
3 64 7 10708 4 2.000000000
3 65 7 10709 4 2.000000000
3 66 7 10710 4 2.000000000
3 67 7 10711 4 2.000000000
3 68 7 10712 4 2.000000000
3 69 7 10713 4 2.000000000
3 70 7 10714 4 2.000000000
3 71 7 10715 4 2.000000000
3 72 7 10716 4 2.000000000
3 73 7 10717 4 2.000000000
3 74 7 10718 4 2.000000000
3 75 7 10719 4 2.000000000
3 76 7 10720 4 2.000000000
3 77 7 10721 4 2.000000000
3 78 7 10722 4 2.000000000
3 79 7 10723 4 2.000000000
3 80 7 10724 4 2.000000000
3 81 7 10725 4 2.000000000
3 82 7 10726 4 2.000000000
3 83 7 10727 4 2.000000000
3 84 7 10728 4 2.000000000
3 85 7 10729 4 2.000000000
3 86 7 10730 4 2.000000000
3 87 7 10731 4 2.000000000
3 88 7 10732 4 2.000000000
3 89 7 10733 4 2.000000000
3 90 7 10734 4 2.000000000
3 91 7 10735 4 2.000000000
3 92 7 10736 4 2.000000000
3 93 7 10737 4 2.000000000
3 94 7 10738 4 2.000000000
3 95 7 10739 4 2.000000000
3 96 7 10740 4 2.000000000
3 97 7 10741 4 2.000000000
3 98 7 10742 4 2.000000000
3 99 7 10743 4 2.000000000
3 100 7 10744 4 2.000000000
3 101 7 10745 4 2.000000000
3 102 7 10746 4 2.000000000
3 103 7 10747 4 2.000000000
3 104 7 10748 4 2.000000000
3 105 7 10749 4 2.000000000
3 106 7 10750 4 2.000000000
3 107 7 10751 4 2.000000000
3 108 7 10752 4 2.000000000
3 109 7 10753 4 2.000000000
3 110 7 10754 4 2.000000000
3 111 7 10755 4 2.000000000
3 112 7 10756 4 2.000000000
3 113 7 10757 4 2.000000000
3 114 7 10758 4 2.000000000
3 115 7 10759 4 2.000000000
3 116 7 10760 4 2.000000000
3 117 7 10761 4 2.000000000
3 118 7 10762 4 2.000000000
3 119 7 10763 4 2.000000000
3 120 7 10764 4 2.000000000
3 121 7 10765 4 2.000000000
3 122 7 10766 4 2.000000000
3 123 7 10767 4 2.000000000
3 124 7 10768 4 2.000000000
3 125 7 10769 4 2.000000000
3 126 7 10770 4 2.000000000
3 127 7 10771 4 2.000000000
3 128 7 10772 4 2.000000000
3 129 7 10773 4 2.000000000
3 130 7 10774 4 2.000000000
3 131 7 10775 4 2.000000000
3 132 7 10776 4 2.000000000
3 133 7 10777 4 2.000000000
3 134 7 10778 4 2.000000000
3 135 7 10779 4 2.000000000
3 136 7 10780 4 2.000000000
3 137 7 10781 4 2.000000000
3 138 7 10782 4 2.000000000
3 139 7 10783 4 2.000000000
3 140 7 10784 4 2.000000000
3 141 7 10785 4 2.000000000
3 142 7 10786 4 2.000000000
3 143 7 10787 4 2.000000000
3 144 7 10788 4 2.000000000
3 145 7 10789 4 2.000000000
3 146 7 10790 4 2.000000000
3 147 7 10791 4 2.000000000
3 148 7 10792 4 2.000000000
3 149 7 10793 4 2.000000000
3 150 7 10794 4 2.000000000
3 151 7 10795 4 2.000000000
3 152 7 10796 4 2.000000000
3 153 7 10797 4 2.000000000
3 154 7 10798 4 2.000000000
3 155 7 10799 4 2.000000000
3 156 7 10800 4 2.000000000
3 157 7 10801 4 2.000000000
3 158 7 10802 4 2.000000000
3 159 7 10803 4 2.000000000
3 160 7 10804 4 2.000000000
3 161 7 10805 4 2.000000000
3 162 7 10806 4 2.000000000
3 163 7 10807 4 2.000000000
3 164 7 10808 4 2.000000000
3 165 7 10809 4 2.000000000
3 166 7 10810 4 2.000000000
3 167 7 10811 4 2.000000000
3 168 7 10812 4 2.000000000
3 169 7 10813 4 2.000000000
3 170 7 10814 4 2.000000000
3 171 7 10815 4 2.000000000
3 172 7 10816 4 2.000000000
3 173 7 10817 4 2.000000000
3 174 7 10818 4 2.000000000
3 175 7 10819 4 2.000000000
3 176 7 10820 4 2.000000000
3 177 7 10821 4 2.000000000
3 178 7 10822 4 2.000000000
3 179 7 10823 4 2.000000000
3 180 7 10824 4 2.000000000
3 181 7 10825 4 2.000000000
3 182 7 10826 4 2.000000000
3 183 7 10827 4 2.000000000
3 184 7 10828 4 2.000000000
3 185 7 10829 4 2.000000000
3 186 7 10830 4 2.000000000
3 187 7 10831 4 2.000000000
3 188 7 10832 4 2.000000000
3 189 7 10833 4 2.000000000
3 190 7 10834 4 2.000000000
3 191 7 10835 4 2.000000000
3 192 7 10836 4 2.000000000
3 193 7 10837 4 2.000000000
3 194 7 10838 4 2.000000000
3 195 7 10839 4 2.000000000
3 196 7 10840 4 2.000000000
3 197 7 10841 4 2.000000000
3 198 7 10842 4 2.000000000
3 199 7 10843 4 2.000000000
3 200 7 10844 4 2.000000000
3 201 7 10845 4 2.000000000
3 202 7 10846 4 2.000000000
3 203 7 10847 4 2.000000000
3 204 7 10848 4 2.000000000
3 205 7 10849 4 2.000000000
3 206 7 10850 4 2.000000000
3 207 7 10851 4 2.000000000
3 208 7 10852 4 2.000000000
3 209 7 10853 4 2.000000000
3 210 7 10854 4 2.000000000
3 211 7 10855 4 2.000000000
3 212 7 10856 4 2.000000000
3 213 7 10857 4 2.000000000
3 214 7 10858 4 2.000000000
3 215 7 10859 4 2.000000000
4 0 7 10860 4 2.000000000
4 1 7 10861 4 2.000000000
4 2 7 10862 4 2.000000000
4 3 7 10863 4 2.000000000
4 5 7 10864 4 2.000000000
4 6 7 10865 4 2.000000000
4 7 7 10866 4 2.000000000
4 8 7 10867 4 2.000000000
4 9 7 10868 4 2.000000000
4 10 7 10869 4 2.000000000
4 11 7 10870 4 2.000000000
4 12 7 10871 4 2.000000000
4 13 7 10872 4 2.000000000
4 14 7 10873 4 2.000000000
4 15 7 10874 4 2.000000000
4 16 7 10875 4 2.000000000
4 17 7 10876 4 2.000000000
4 18 7 10877 4 2.000000000
4 19 7 10878 4 2.000000000
4 20 7 10879 4 2.000000000
4 21 7 10880 4 2.000000000
4 22 7 10881 4 2.000000000
4 23 7 10882 4 2.000000000
4 24 7 10883 4 2.000000000
4 25 7 10884 4 2.000000000
4 26 7 10885 4 2.000000000
4 27 7 10886 4 2.000000000
4 28 7 10887 4 2.000000000
4 29 7 10888 4 2.000000000
4 30 7 10889 4 2.000000000
4 31 7 10890 4 2.000000000
4 32 7 10891 4 2.000000000
4 33 7 10892 4 2.000000000
4 34 7 10893 4 2.000000000
4 35 7 10894 4 2.000000000
4 36 7 10895 4 2.000000000
4 37 7 10896 4 2.000000000
4 38 7 10897 4 2.000000000
4 39 7 10898 4 2.000000000
4 40 7 10899 4 2.000000000
4 41 7 10900 4 2.000000000
4 42 7 10901 4 2.000000000
4 43 7 10902 4 2.000000000
4 44 7 10903 4 2.000000000
4 45 7 10904 4 2.000000000
4 46 7 10905 4 2.000000000
4 47 7 10906 4 2.000000000
4 48 7 10907 4 2.000000000
4 49 7 10908 4 2.000000000
4 50 7 10909 4 2.000000000
4 51 7 10910 4 2.000000000
4 52 7 10911 4 2.000000000
4 53 7 10912 4 2.000000000
4 54 7 10913 4 2.000000000
4 55 7 10914 4 2.000000000
4 56 7 10915 4 2.000000000
4 57 7 10916 4 2.000000000
4 58 7 10917 4 2.000000000
4 59 7 10918 4 2.000000000
4 60 7 10919 4 2.000000000
4 61 7 10920 4 2.000000000
4 62 7 10921 4 2.000000000
4 63 7 10922 4 2.000000000
4 64 7 10923 4 2.000000000
4 65 7 10924 4 2.000000000
4 66 7 10925 4 2.000000000
4 67 7 10926 4 2.000000000
4 68 7 10927 4 2.000000000
4 69 7 10928 4 2.000000000
4 70 7 10929 4 2.000000000
4 71 7 10930 4 2.000000000
4 72 7 10931 4 2.000000000
4 73 7 10932 4 2.000000000
4 74 7 10933 4 2.000000000
4 75 7 10934 4 2.000000000
4 76 7 10935 4 2.000000000
4 77 7 10936 4 2.000000000
4 78 7 10937 4 2.000000000
4 79 7 10938 4 2.000000000
4 80 7 10939 4 2.000000000
4 81 7 10940 4 2.000000000
4 82 7 10941 4 2.000000000
4 83 7 10942 4 2.000000000
4 84 7 10943 4 2.000000000
4 85 7 10944 4 2.000000000
4 86 7 10945 4 2.000000000
4 87 7 10946 4 2.000000000
4 88 7 10947 4 2.000000000
4 89 7 10948 4 2.000000000
4 90 7 10949 4 2.000000000
4 91 7 10950 4 2.000000000
4 92 7 10951 4 2.000000000
4 93 7 10952 4 2.000000000
4 94 7 10953 4 2.000000000
4 95 7 10954 4 2.000000000
4 96 7 10955 4 2.000000000
4 97 7 10956 4 2.000000000
4 98 7 10957 4 2.000000000
4 99 7 10958 4 2.000000000
4 100 7 10959 4 2.000000000
4 101 7 10960 4 2.000000000
4 102 7 10961 4 2.000000000
4 103 7 10962 4 2.000000000
4 104 7 10963 4 2.000000000
4 105 7 10964 4 2.000000000
4 106 7 10965 4 2.000000000
4 107 7 10966 4 2.000000000
4 108 7 10967 4 2.000000000
4 109 7 10968 4 2.000000000
4 110 7 10969 4 2.000000000
4 111 7 10970 4 2.000000000
4 112 7 10971 4 2.000000000
4 113 7 10972 4 2.000000000
4 114 7 10973 4 2.000000000
4 115 7 10974 4 2.000000000
4 116 7 10975 4 2.000000000
4 117 7 10976 4 2.000000000
4 118 7 10977 4 2.000000000
4 119 7 10978 4 2.000000000
4 120 7 10979 4 2.000000000
4 121 7 10980 4 2.000000000
4 122 7 10981 4 2.000000000
4 123 7 10982 4 2.000000000
4 124 7 10983 4 2.000000000
4 125 7 10984 4 2.000000000
4 126 7 10985 4 2.000000000
4 127 7 10986 4 2.000000000
4 128 7 10987 4 2.000000000
4 129 7 10988 4 2.000000000
4 130 7 10989 4 2.000000000
4 131 7 10990 4 2.000000000
4 132 7 10991 4 2.000000000
4 133 7 10992 4 2.000000000
4 134 7 10993 4 2.000000000
4 135 7 10994 4 2.000000000
4 136 7 10995 4 2.000000000
4 137 7 10996 4 2.000000000
4 138 7 10997 4 2.000000000
4 139 7 10998 4 2.000000000
4 140 7 10999 4 2.000000000
4 141 7 11000 4 2.000000000
4 142 7 11001 4 2.000000000
4 143 7 11002 4 2.000000000
4 144 7 11003 4 2.000000000
4 145 7 11004 4 2.000000000
4 146 7 11005 4 2.000000000
4 147 7 11006 4 2.000000000
4 148 7 11007 4 2.000000000
4 149 7 11008 4 2.000000000
4 150 7 11009 4 2.000000000
4 151 7 11010 4 2.000000000
4 152 7 11011 4 2.000000000
4 153 7 11012 4 2.000000000
4 154 7 11013 4 2.000000000
4 155 7 11014 4 2.000000000
4 156 7 11015 4 2.000000000
4 157 7 11016 4 2.000000000
4 158 7 11017 4 2.000000000
4 159 7 11018 4 2.000000000
4 160 7 11019 4 2.000000000
4 161 7 11020 4 2.000000000
4 162 7 11021 4 2.000000000
4 163 7 11022 4 2.000000000
4 164 7 11023 4 2.000000000
4 165 7 11024 4 2.000000000
4 166 7 11025 4 2.000000000
4 167 7 11026 4 2.000000000
4 168 7 11027 4 2.000000000
4 169 7 11028 4 2.000000000
4 170 7 11029 4 2.000000000
4 171 7 11030 4 2.000000000
4 172 7 11031 4 2.000000000
4 173 7 11032 4 2.000000000
4 174 7 11033 4 2.000000000
4 175 7 11034 4 2.000000000
4 176 7 11035 4 2.000000000
4 177 7 11036 4 2.000000000
4 178 7 11037 4 2.000000000
4 179 7 11038 4 2.000000000
4 180 7 11039 4 2.000000000
4 181 7 11040 4 2.000000000
4 182 7 11041 4 2.000000000
4 183 7 11042 4 2.000000000
4 184 7 11043 4 2.000000000
4 185 7 11044 4 2.000000000
4 186 7 11045 4 2.000000000
4 187 7 11046 4 2.000000000
4 188 7 11047 4 2.000000000
4 189 7 11048 4 2.000000000
4 190 7 11049 4 2.000000000
4 191 7 11050 4 2.000000000
4 192 7 11051 4 2.000000000
4 193 7 11052 4 2.000000000
4 194 7 11053 4 2.000000000
4 195 7 11054 4 2.000000000
4 196 7 11055 4 2.000000000
4 197 7 11056 4 2.000000000
4 198 7 11057 4 2.000000000
4 199 7 11058 4 2.000000000
4 200 7 11059 4 2.000000000
4 201 7 11060 4 2.000000000
4 202 7 11061 4 2.000000000
4 203 7 11062 4 2.000000000
4 204 7 11063 4 2.000000000
4 205 7 11064 4 2.000000000
4 206 7 11065 4 2.000000000
4 207 7 11066 4 2.000000000
4 208 7 11067 4 2.000000000
4 209 7 11068 4 2.000000000
4 210 7 11069 4 2.000000000
4 211 7 11070 4 2.000000000
4 212 7 11071 4 2.000000000
4 213 7 11072 4 2.000000000
4 214 7 11073 4 2.000000000
4 215 7 11074 4 2.000000000
5 0 7 11075 4 2.000000000
5 1 7 11076 4 2.000000000
5 2 7 11077 4 2.000000000
5 3 7 11078 4 2.000000000
5 4 7 11079 4 2.000000000
5 6 7 11080 4 2.000000000
5 7 7 11081 4 2.000000000
5 8 7 11082 4 2.000000000
5 9 7 11083 4 2.000000000
5 10 7 11084 4 2.000000000
5 11 7 11085 4 2.000000000
5 12 7 11086 4 2.000000000
5 13 7 11087 4 2.000000000
5 14 7 11088 4 2.000000000
5 15 7 11089 4 2.000000000
5 16 7 11090 4 2.000000000
5 17 7 11091 4 2.000000000
5 18 7 11092 4 2.000000000
5 19 7 11093 4 2.000000000
5 20 7 11094 4 2.000000000
5 21 7 11095 4 2.000000000
5 22 7 11096 4 2.000000000
5 23 7 11097 4 2.000000000
5 24 7 11098 4 2.000000000
5 25 7 11099 4 2.000000000
5 26 7 11100 4 2.000000000
5 27 7 11101 4 2.000000000
5 28 7 11102 4 2.000000000
5 29 7 11103 4 2.000000000
5 30 7 11104 4 2.000000000
5 31 7 11105 4 2.000000000
5 32 7 11106 4 2.000000000
5 33 7 11107 4 2.000000000
5 34 7 11108 4 2.000000000
5 35 7 11109 4 2.000000000
5 36 7 11110 4 2.000000000
5 37 7 11111 4 2.000000000
5 38 7 11112 4 2.000000000
5 39 7 11113 4 2.000000000
5 40 7 11114 4 2.000000000
5 41 7 11115 4 2.000000000
5 42 7 11116 4 2.000000000
5 43 7 11117 4 2.000000000
5 44 7 11118 4 2.000000000
5 45 7 11119 4 2.000000000
5 46 7 11120 4 2.000000000
5 47 7 11121 4 2.000000000
5 48 7 11122 4 2.000000000
5 49 7 11123 4 2.000000000
5 50 7 11124 4 2.000000000
5 51 7 11125 4 2.000000000
5 52 7 11126 4 2.000000000
5 53 7 11127 4 2.000000000
5 54 7 11128 4 2.000000000
5 55 7 11129 4 2.000000000
5 56 7 11130 4 2.000000000
5 57 7 11131 4 2.000000000
5 58 7 11132 4 2.000000000
5 59 7 11133 4 2.000000000
5 60 7 11134 4 2.000000000
5 61 7 11135 4 2.000000000
5 62 7 11136 4 2.000000000
5 63 7 11137 4 2.000000000
5 64 7 11138 4 2.000000000
5 65 7 11139 4 2.000000000
5 66 7 11140 4 2.000000000
5 67 7 11141 4 2.000000000
5 68 7 11142 4 2.000000000
5 69 7 11143 4 2.000000000
5 70 7 11144 4 2.000000000
5 71 7 11145 4 2.000000000
5 72 7 11146 4 2.000000000
5 73 7 11147 4 2.000000000
5 74 7 11148 4 2.000000000
5 75 7 11149 4 2.000000000
5 76 7 11150 4 2.000000000
5 77 7 11151 4 2.000000000
5 78 7 11152 4 2.000000000
5 79 7 11153 4 2.000000000
5 80 7 11154 4 2.000000000
5 81 7 11155 4 2.000000000
5 82 7 11156 4 2.000000000
5 83 7 11157 4 2.000000000
5 84 7 11158 4 2.000000000
5 85 7 11159 4 2.000000000
5 86 7 11160 4 2.000000000
5 87 7 11161 4 2.000000000
5 88 7 11162 4 2.000000000
5 89 7 11163 4 2.000000000
5 90 7 11164 4 2.000000000
5 91 7 11165 4 2.000000000
5 92 7 11166 4 2.000000000
5 93 7 11167 4 2.000000000
5 94 7 11168 4 2.000000000
5 95 7 11169 4 2.000000000
5 96 7 11170 4 2.000000000
5 97 7 11171 4 2.000000000
5 98 7 11172 4 2.000000000
5 99 7 11173 4 2.000000000
5 100 7 11174 4 2.000000000
5 101 7 11175 4 2.000000000
5 102 7 11176 4 2.000000000
5 103 7 11177 4 2.000000000
5 104 7 11178 4 2.000000000
5 105 7 11179 4 2.000000000
5 106 7 11180 4 2.000000000
5 107 7 11181 4 2.000000000
5 108 7 11182 4 2.000000000
5 109 7 11183 4 2.000000000
5 110 7 11184 4 2.000000000
5 111 7 11185 4 2.000000000
5 112 7 11186 4 2.000000000
5 113 7 11187 4 2.000000000
5 114 7 11188 4 2.000000000
5 115 7 11189 4 2.000000000
5 116 7 11190 4 2.000000000
5 117 7 11191 4 2.000000000
5 118 7 11192 4 2.000000000
5 119 7 11193 4 2.000000000
5 120 7 11194 4 2.000000000
5 121 7 11195 4 2.000000000
5 122 7 11196 4 2.000000000
5 123 7 11197 4 2.000000000
5 124 7 11198 4 2.000000000
5 125 7 11199 4 2.000000000
5 126 7 11200 4 2.000000000
5 127 7 11201 4 2.000000000
5 128 7 11202 4 2.000000000
5 129 7 11203 4 2.000000000
5 130 7 11204 4 2.000000000
5 131 7 11205 4 2.000000000
5 132 7 11206 4 2.000000000
5 133 7 11207 4 2.000000000
5 134 7 11208 4 2.000000000
5 135 7 11209 4 2.000000000
5 136 7 11210 4 2.000000000
5 137 7 11211 4 2.000000000
5 138 7 11212 4 2.000000000
5 139 7 11213 4 2.000000000
5 140 7 11214 4 2.000000000
5 141 7 11215 4 2.000000000
5 142 7 11216 4 2.000000000
5 143 7 11217 4 2.000000000
5 144 7 11218 4 2.000000000
5 145 7 11219 4 2.000000000
5 146 7 11220 4 2.000000000
5 147 7 11221 4 2.000000000
5 148 7 11222 4 2.000000000
5 149 7 11223 4 2.000000000
5 150 7 11224 4 2.000000000
5 151 7 11225 4 2.000000000
5 152 7 11226 4 2.000000000
5 153 7 11227 4 2.000000000
5 154 7 11228 4 2.000000000
5 155 7 11229 4 2.000000000
5 156 7 11230 4 2.000000000
5 157 7 11231 4 2.000000000
5 158 7 11232 4 2.000000000
5 159 7 11233 4 2.000000000
5 160 7 11234 4 2.000000000
5 161 7 11235 4 2.000000000
5 162 7 11236 4 2.000000000
5 163 7 11237 4 2.000000000
5 164 7 11238 4 2.000000000
5 165 7 11239 4 2.000000000
5 166 7 11240 4 2.000000000
5 167 7 11241 4 2.000000000
5 168 7 11242 4 2.000000000
5 169 7 11243 4 2.000000000
5 170 7 11244 4 2.000000000
5 171 7 11245 4 2.000000000
5 172 7 11246 4 2.000000000
5 173 7 11247 4 2.000000000
5 174 7 11248 4 2.000000000
5 175 7 11249 4 2.000000000
5 176 7 11250 4 2.000000000
5 177 7 11251 4 2.000000000
5 178 7 11252 4 2.000000000
5 179 7 11253 4 2.000000000
5 180 7 11254 4 2.000000000
5 181 7 11255 4 2.000000000
5 182 7 11256 4 2.000000000
5 183 7 11257 4 2.000000000
5 184 7 11258 4 2.000000000
5 185 7 11259 4 2.000000000
5 186 7 11260 4 2.000000000
5 187 7 11261 4 2.000000000
5 188 7 11262 4 2.000000000
5 189 7 11263 4 2.000000000
5 190 7 11264 4 2.000000000
5 191 7 11265 4 2.000000000
5 192 7 11266 4 2.000000000
5 193 7 11267 4 2.000000000
5 194 7 11268 4 2.000000000
5 195 7 11269 4 2.000000000
5 196 7 11270 4 2.000000000
5 197 7 11271 4 2.000000000
5 198 7 11272 4 2.000000000
5 199 7 11273 4 2.000000000
5 200 7 11274 4 2.000000000
5 201 7 11275 4 2.000000000
5 202 7 11276 4 2.000000000
5 203 7 11277 4 2.000000000
5 204 7 11278 4 2.000000000
5 205 7 11279 4 2.000000000
5 206 7 11280 4 2.000000000
5 207 7 11281 4 2.000000000
5 208 7 11282 4 2.000000000
5 209 7 11283 4 2.000000000
5 210 7 11284 4 2.000000000
5 211 7 11285 4 2.000000000
5 212 7 11286 4 2.000000000
5 213 7 11287 4 2.000000000
5 214 7 11288 4 2.000000000
5 215 7 11289 4 2.000000000
