1290
0 1 7 10000 64 2.000000000
0 2 7 10001 64 2.000000000
0 3 7 10002 64 2.000000000
0 4 7 10003 64 2.000000000
0 5 7 10004 64 2.000000000
0 6 7 10005 64 2.000000000
0 7 7 10006 64 2.000000000
0 8 7 10007 64 2.000000000
0 9 7 10008 64 2.000000000
0 10 7 10009 64 2.000000000
0 11 7 10010 64 2.000000000
0 12 7 10011 64 2.000000000
0 13 7 10012 64 2.000000000
0 14 7 10013 64 2.000000000
0 15 7 10014 64 2.000000000
0 16 7 10015 64 2.000000000
0 17 7 10016 64 2.000000000
0 18 7 10017 64 2.000000000
0 19 7 10018 64 2.000000000
0 20 7 10019 64 2.000000000
0 21 7 10020 64 2.000000000
0 22 7 10021 64 2.000000000
0 23 7 10022 64 2.000000000
0 24 7 10023 64 2.000000000
0 25 7 10024 64 2.000000000
0 26 7 10025 64 2.000000000
0 27 7 10026 64 2.000000000
0 28 7 10027 64 2.000000000
0 29 7 10028 64 2.000000000
0 30 7 10029 64 2.000000000
0 31 7 10030 64 2.000000000
0 32 7 10031 64 2.000000000
0 33 7 10032 64 2.000000000
0 34 7 10033 64 2.000000000
0 35 7 10034 64 2.000000000
0 36 7 10035 64 2.000000000
0 37 7 10036 64 2.000000000
0 38 7 10037 64 2.000000000
0 39 7 10038 64 2.000000000
0 40 7 10039 64 2.000000000
0 41 7 10040 64 2.000000000
0 42 7 10041 64 2.000000000
0 43 7 10042 64 2.000000000
0 44 7 10043 64 2.000000000
0 45 7 10044 64 2.000000000
0 46 7 10045 64 2.000000000
0 47 7 10046 64 2.000000000
0 48 7 10047 64 2.000000000
0 49 7 10048 64 2.000000000
0 50 7 10049 64 2.000000000
0 51 7 10050 64 2.000000000
0 52 7 10051 64 2.000000000
0 53 7 10052 64 2.000000000
0 54 7 10053 64 2.000000000
0 55 7 10054 64 2.000000000
0 56 7 10055 64 2.000000000
0 57 7 10056 64 2.000000000
0 58 7 10057 64 2.000000000
0 59 7 10058 64 2.000000000
0 60 7 10059 64 2.000000000
0 61 7 10060 64 2.000000000
0 62 7 10061 64 2.000000000
0 63 7 10062 64 2.000000000
0 64 7 10063 64 2.000000000
0 65 7 10064 64 2.000000000
0 66 7 10065 64 2.000000000
0 67 7 10066 64 2.000000000
0 68 7 10067 64 2.000000000
0 69 7 10068 64 2.000000000
0 70 7 10069 64 2.000000000
0 71 7 10070 64 2.000000000
0 72 7 10071 64 2.000000000
0 73 7 10072 64 2.000000000
0 74 7 10073 64 2.000000000
0 75 7 10074 64 2.000000000
0 76 7 10075 64 2.000000000
0 77 7 10076 64 2.000000000
0 78 7 10077 64 2.000000000
0 79 7 10078 64 2.000000000
0 80 7 10079 64 2.000000000
0 81 7 10080 64 2.000000000
0 82 7 10081 64 2.000000000
0 83 7 10082 64 2.000000000
0 84 7 10083 64 2.000000000
0 85 7 10084 64 2.000000000
0 86 7 10085 64 2.000000000
0 87 7 10086 64 2.000000000
0 88 7 10087 64 2.000000000
0 89 7 10088 64 2.000000000
0 90 7 10089 64 2.000000000
0 91 7 10090 64 2.000000000
0 92 7 10091 64 2.000000000
0 93 7 10092 64 2.000000000
0 94 7 10093 64 2.000000000
0 95 7 10094 64 2.000000000
0 96 7 10095 64 2.000000000
0 97 7 10096 64 2.000000000
0 98 7 10097 64 2.000000000
0 99 7 10098 64 2.000000000
0 100 7 10099 64 2.000000000
0 101 7 10100 64 2.000000000
0 102 7 10101 64 2.000000000
0 103 7 10102 64 2.000000000
0 104 7 10103 64 2.000000000
0 105 7 10104 64 2.000000000
0 106 7 10105 64 2.000000000
0 107 7 10106 64 2.000000000
0 108 7 10107 64 2.000000000
0 109 7 10108 64 2.000000000
0 110 7 10109 64 2.000000000
0 111 7 10110 64 2.000000000
0 112 7 10111 64 2.000000000
0 113 7 10112 64 2.000000000
0 114 7 10113 64 2.000000000
0 115 7 10114 64 2.000000000
0 116 7 10115 64 2.000000000
0 117 7 10116 64 2.000000000
0 118 7 10117 64 2.000000000
0 119 7 10118 64 2.000000000
0 120 7 10119 64 2.000000000
0 121 7 10120 64 2.000000000
0 122 7 10121 64 2.000000000
0 123 7 10122 64 2.000000000
0 124 7 10123 64 2.000000000
0 125 7 10124 64 2.000000000
0 126 7 10125 64 2.000000000
0 127 7 10126 64 2.000000000
0 128 7 10127 64 2.000000000
0 129 7 10128 64 2.000000000
0 130 7 10129 64 2.000000000
0 131 7 10130 64 2.000000000
0 132 7 10131 64 2.000000000
0 133 7 10132 64 2.000000000
0 134 7 10133 64 2.000000000
0 135 7 10134 64 2.000000000
0 136 7 10135 64 2.000000000
0 137 7 10136 64 2.000000000
0 138 7 10137 64 2.000000000
0 139 7 10138 64 2.000000000
0 140 7 10139 64 2.000000000
0 141 7 10140 64 2.000000000
0 142 7 10141 64 2.000000000
0 143 7 10142 64 2.000000000
0 144 7 10143 64 2.000000000
0 145 7 10144 64 2.000000000
0 146 7 10145 64 2.000000000
0 147 7 10146 64 2.000000000
0 148 7 10147 64 2.000000000
0 149 7 10148 64 2.000000000
0 150 7 10149 64 2.000000000
0 151 7 10150 64 2.000000000
0 152 7 10151 64 2.000000000
0 153 7 10152 64 2.000000000
0 154 7 10153 64 2.000000000
0 155 7 10154 64 2.000000000
0 156 7 10155 64 2.000000000
0 157 7 10156 64 2.000000000
0 158 7 10157 64 2.000000000
0 159 7 10158 64 2.000000000
0 160 7 10159 64 2.000000000
0 161 7 10160 64 2.000000000
0 162 7 10161 64 2.000000000
0 163 7 10162 64 2.000000000
0 164 7 10163 64 2.000000000
0 165 7 10164 64 2.000000000
0 166 7 10165 64 2.000000000
0 167 7 10166 64 2.000000000
0 168 7 10167 64 2.000000000
0 169 7 10168 64 2.000000000
0 170 7 10169 64 2.000000000
0 171 7 10170 64 2.000000000
0 172 7 10171 64 2.000000000
0 173 7 10172 64 2.000000000
0 174 7 10173 64 2.000000000
0 175 7 10174 64 2.000000000
0 176 7 10175 64 2.000000000
0 177 7 10176 64 2.000000000
0 178 7 10177 64 2.000000000
0 179 7 10178 64 2.000000000
0 180 7 10179 64 2.000000000
0 181 7 10180 64 2.000000000
0 182 7 10181 64 2.000000000
0 183 7 10182 64 2.000000000
0 184 7 10183 64 2.000000000
0 185 7 10184 64 2.000000000
0 186 7 10185 64 2.000000000
0 187 7 10186 64 2.000000000
0 188 7 10187 64 2.000000000
0 189 7 10188 64 2.000000000
0 190 7 10189 64 2.000000000
0 191 7 10190 64 2.000000000
0 192 7 10191 64 2.000000000
0 193 7 10192 64 2.000000000
0 194 7 10193 64 2.000000000
0 195 7 10194 64 2.000000000
0 196 7 10195 64 2.000000000
0 197 7 10196 64 2.000000000
0 198 7 10197 64 2.000000000
0 199 7 10198 64 2.000000000
0 200 7 10199 64 2.000000000
0 201 7 10200 64 2.000000000
0 202 7 10201 64 2.000000000
0 203 7 10202 64 2.000000000
0 204 7 10203 64 2.000000000
0 205 7 10204 64 2.000000000
0 206 7 10205 64 2.000000000
0 207 7 10206 64 2.000000000
0 208 7 10207 64 2.000000000
0 209 7 10208 64 2.000000000
0 210 7 10209 64 2.000000000
0 211 7 10210 64 2.000000000
0 212 7 10211 64 2.000000000
0 213 7 10212 64 2.000000000
0 214 7 10213 64 2.000000000
0 215 7 10214 64 2.000000000
1 0 7 10215 64 2.000000000
1 2 7 10216 64 2.000000000
1 3 7 10217 64 2.000000000
1 4 7 10218 64 2.000000000
1 5 7 10219 64 2.000000000
1 6 7 10220 64 2.000000000
1 7 7 10221 64 2.000000000
1 8 7 10222 64 2.000000000
1 9 7 10223 64 2.000000000
1 10 7 10224 64 2.000000000
1 11 7 10225 64 2.000000000
1 12 7 10226 64 2.000000000
1 13 7 10227 64 2.000000000
1 14 7 10228 64 2.000000000
1 15 7 10229 64 2.000000000
1 16 7 10230 64 2.000000000
1 17 7 10231 64 2.000000000
1 18 7 10232 64 2.000000000
1 19 7 10233 64 2.000000000
1 20 7 10234 64 2.000000000
1 21 7 10235 64 2.000000000
1 22 7 10236 64 2.000000000
1 23 7 10237 64 2.000000000
1 24 7 10238 64 2.000000000
1 25 7 10239 64 2.000000000
1 26 7 10240 64 2.000000000
1 27 7 10241 64 2.000000000
1 28 7 10242 64 2.000000000
1 29 7 10243 64 2.000000000
1 30 7 10244 64 2.000000000
1 31 7 10245 64 2.000000000
1 32 7 10246 64 2.000000000
1 33 7 10247 64 2.000000000
1 34 7 10248 64 2.000000000
1 35 7 10249 64 2.000000000
1 36 7 10250 64 2.000000000
1 37 7 10251 64 2.000000000
1 38 7 10252 64 2.000000000
1 39 7 10253 64 2.000000000
1 40 7 10254 64 2.000000000
1 41 7 10255 64 2.000000000
1 42 7 10256 64 2.000000000
1 43 7 10257 64 2.000000000
1 44 7 10258 64 2.000000000
1 45 7 10259 64 2.000000000
1 46 7 10260 64 2.000000000
1 47 7 10261 64 2.000000000
1 48 7 10262 64 2.000000000
1 49 7 10263 64 2.000000000
1 50 7 10264 64 2.000000000
1 51 7 10265 64 2.000000000
1 52 7 10266 64 2.000000000
1 53 7 10267 64 2.000000000
1 54 7 10268 64 2.000000000
1 55 7 10269 64 2.000000000
1 56 7 10270 64 2.000000000
1 57 7 10271 64 2.000000000
1 58 7 10272 64 2.000000000
1 59 7 10273 64 2.000000000
1 60 7 10274 64 2.000000000
1 61 7 10275 64 2.000000000
1 62 7 10276 64 2.000000000
1 63 7 10277 64 2.000000000
1 64 7 10278 64 2.000000000
1 65 7 10279 64 2.000000000
1 66 7 10280 64 2.000000000
1 67 7 10281 64 2.000000000
1 68 7 10282 64 2.000000000
1 69 7 10283 64 2.000000000
1 70 7 10284 64 2.000000000
1 71 7 10285 64 2.000000000
1 72 7 10286 64 2.000000000
1 73 7 10287 64 2.000000000
1 74 7 10288 64 2.000000000
1 75 7 10289 64 2.000000000
1 76 7 10290 64 2.000000000
1 77 7 10291 64 2.000000000
1 78 7 10292 64 2.000000000
1 79 7 10293 64 2.000000000
1 80 7 10294 64 2.000000000
1 81 7 10295 64 2.000000000
1 82 7 10296 64 2.000000000
1 83 7 10297 64 2.000000000
1 84 7 10298 64 2.000000000
1 85 7 10299 64 2.000000000
1 86 7 10300 64 2.000000000
1 87 7 10301 64 2.000000000
1 88 7 10302 64 2.000000000
1 89 7 10303 64 2.000000000
1 90 7 10304 64 2.000000000
1 91 7 10305 64 2.000000000
1 92 7 10306 64 2.000000000
1 93 7 10307 64 2.000000000
1 94 7 10308 64 2.000000000
1 95 7 10309 64 2.000000000
1 96 7 10310 64 2.000000000
1 97 7 10311 64 2.000000000
1 98 7 10312 64 2.000000000
1 99 7 10313 64 2.000000000
1 100 7 10314 64 2.000000000
1 101 7 10315 64 2.000000000
1 102 7 10316 64 2.000000000
1 103 7 10317 64 2.000000000
1 104 7 10318 64 2.000000000
1 105 7 10319 64 2.000000000
1 106 7 10320 64 2.000000000
1 107 7 10321 64 2.000000000
1 108 7 10322 64 2.000000000
1 109 7 10323 64 2.000000000
1 110 7 10324 64 2.000000000
1 111 7 10325 64 2.000000000
1 112 7 10326 64 2.000000000
1 113 7 10327 64 2.000000000
1 114 7 10328 64 2.000000000
1 115 7 10329 64 2.000000000
1 116 7 10330 64 2.000000000
1 117 7 10331 64 2.000000000
1 118 7 10332 64 2.000000000
1 119 7 10333 64 2.000000000
1 120 7 10334 64 2.000000000
1 121 7 10335 64 2.000000000
1 122 7 10336 64 2.000000000
1 123 7 10337 64 2.000000000
1 124 7 10338 64 2.000000000
1 125 7 10339 64 2.000000000
1 126 7 10340 64 2.000000000
1 127 7 10341 64 2.000000000
1 128 7 10342 64 2.000000000
1 129 7 10343 64 2.000000000
1 130 7 10344 64 2.000000000
1 131 7 10345 64 2.000000000
1 132 7 10346 64 2.000000000
1 133 7 10347 64 2.000000000
1 134 7 10348 64 2.000000000
1 135 7 10349 64 2.000000000
1 136 7 10350 64 2.000000000
1 137 7 10351 64 2.000000000
1 138 7 10352 64 2.000000000
1 139 7 10353 64 2.000000000
1 140 7 10354 64 2.000000000
1 141 7 10355 64 2.000000000
1 142 7 10356 64 2.000000000
1 143 7 10357 64 2.000000000
1 144 7 10358 64 2.000000000
1 145 7 10359 64 2.000000000
1 146 7 10360 64 2.000000000
1 147 7 10361 64 2.000000000
1 148 7 10362 64 2.000000000
1 149 7 10363 64 2.000000000
1 150 7 10364 64 2.000000000
1 151 7 10365 64 2.000000000
1 152 7 10366 64 2.000000000
1 153 7 10367 64 2.000000000
1 154 7 10368 64 2.000000000
1 155 7 10369 64 2.000000000
1 156 7 10370 64 2.000000000
1 157 7 10371 64 2.000000000
1 158 7 10372 64 2.000000000
1 159 7 10373 64 2.000000000
1 160 7 10374 64 2.000000000
1 161 7 10375 64 2.000000000
1 162 7 10376 64 2.000000000
1 163 7 10377 64 2.000000000
1 164 7 10378 64 2.000000000
1 165 7 10379 64 2.000000000
1 166 7 10380 64 2.000000000
1 167 7 10381 64 2.000000000
1 168 7 10382 64 2.000000000
1 169 7 10383 64 2.000000000
1 170 7 10384 64 2.000000000
1 171 7 10385 64 2.000000000
1 172 7 10386 64 2.000000000
1 173 7 10387 64 2.000000000
1 174 7 10388 64 2.000000000
1 175 7 10389 64 2.000000000
1 176 7 10390 64 2.000000000
1 177 7 10391 64 2.000000000
1 178 7 10392 64 2.000000000
1 179 7 10393 64 2.000000000
1 180 7 10394 64 2.000000000
1 181 7 10395 64 2.000000000
1 182 7 10396 64 2.000000000
1 183 7 10397 64 2.000000000
1 184 7 10398 64 2.000000000
1 185 7 10399 64 2.000000000
1 186 7 10400 64 2.000000000
1 187 7 10401 64 2.000000000
1 188 7 10402 64 2.000000000
1 189 7 10403 64 2.000000000
1 190 7 10404 64 2.000000000
1 191 7 10405 64 2.000000000
1 192 7 10406 64 2.000000000
1 193 7 10407 64 2.000000000
1 194 7 10408 64 2.000000000
1 195 7 10409 64 2.000000000
1 196 7 10410 64 2.000000000
1 197 7 10411 64 2.000000000
1 198 7 10412 64 2.000000000
1 199 7 10413 64 2.000000000
1 200 7 10414 64 2.000000000
1 201 7 10415 64 2.000000000
1 202 7 10416 64 2.000000000
1 203 7 10417 64 2.000000000
1 204 7 10418 64 2.000000000
1 205 7 10419 64 2.000000000
1 206 7 10420 64 2.000000000
1 207 7 10421 64 2.000000000
1 208 7 10422 64 2.000000000
1 209 7 10423 64 2.000000000
1 210 7 10424 64 2.000000000
1 211 7 10425 64 2.000000000
1 212 7 10426 64 2.000000000
1 213 7 10427 64 2.000000000
1 214 7 10428 64 2.000000000
1 215 7 10429 64 2.000000000
2 0 7 10430 64 2.000000000
2 1 7 10431 64 2.000000000
2 3 7 10432 64 2.000000000
2 4 7 10433 64 2.000000000
2 5 7 10434 64 2.000000000
2 6 7 10435 64 2.000000000
2 7 7 10436 64 2.000000000
2 8 7 10437 64 2.000000000
2 9 7 10438 64 2.000000000
2 10 7 10439 64 2.000000000
2 11 7 10440 64 2.000000000
2 12 7 10441 64 2.000000000
2 13 7 10442 64 2.000000000
2 14 7 10443 64 2.000000000
2 15 7 10444 64 2.000000000
2 16 7 10445 64 2.000000000
2 17 7 10446 64 2.000000000
2 18 7 10447 64 2.000000000
2 19 7 10448 64 2.000000000
2 20 7 10449 64 2.000000000
2 21 7 10450 64 2.000000000
2 22 7 10451 64 2.000000000
2 23 7 10452 64 2.000000000
2 24 7 10453 64 2.000000000
2 25 7 10454 64 2.000000000
2 26 7 10455 64 2.000000000
2 27 7 10456 64 2.000000000
2 28 7 10457 64 2.000000000
2 29 7 10458 64 2.000000000
2 30 7 10459 64 2.000000000
2 31 7 10460 64 2.000000000
2 32 7 10461 64 2.000000000
2 33 7 10462 64 2.000000000
2 34 7 10463 64 2.000000000
2 35 7 10464 64 2.000000000
2 36 7 10465 64 2.000000000
2 37 7 10466 64 2.000000000
2 38 7 10467 64 2.000000000
2 39 7 10468 64 2.000000000
2 40 7 10469 64 2.000000000
2 41 7 10470 64 2.000000000
2 42 7 10471 64 2.000000000
2 43 7 10472 64 2.000000000
2 44 7 10473 64 2.000000000
2 45 7 10474 64 2.000000000
2 46 7 10475 64 2.000000000
2 47 7 10476 64 2.000000000
2 48 7 10477 64 2.000000000
2 49 7 10478 64 2.000000000
2 50 7 10479 64 2.000000000
2 51 7 10480 64 2.000000000
2 52 7 10481 64 2.000000000
2 53 7 10482 64 2.000000000
2 54 7 10483 64 2.000000000
2 55 7 10484 64 2.000000000
2 56 7 10485 64 2.000000000
2 57 7 10486 64 2.000000000
2 58 7 10487 64 2.000000000
2 59 7 10488 64 2.000000000
2 60 7 10489 64 2.000000000
2 61 7 10490 64 2.000000000
2 62 7 10491 64 2.000000000
2 63 7 10492 64 2.000000000
2 64 7 10493 64 2.000000000
2 65 7 10494 64 2.000000000
2 66 7 10495 64 2.000000000
2 67 7 10496 64 2.000000000
2 68 7 10497 64 2.000000000
2 69 7 10498 64 2.000000000
2 70 7 10499 64 2.000000000
2 71 7 10500 64 2.000000000
2 72 7 10501 64 2.000000000
2 73 7 10502 64 2.000000000
2 74 7 10503 64 2.000000000
2 75 7 10504 64 2.000000000
2 76 7 10505 64 2.000000000
2 77 7 10506 64 2.000000000
2 78 7 10507 64 2.000000000
2 79 7 10508 64 2.000000000
2 80 7 10509 64 2.000000000
2 81 7 10510 64 2.000000000
2 82 7 10511 64 2.000000000
2 83 7 10512 64 2.000000000
2 84 7 10513 64 2.000000000
2 85 7 10514 64 2.000000000
2 86 7 10515 64 2.000000000
2 87 7 10516 64 2.000000000
2 88 7 10517 64 2.000000000
2 89 7 10518 64 2.000000000
2 90 7 10519 64 2.000000000
2 91 7 10520 64 2.000000000
2 92 7 10521 64 2.000000000
2 93 7 10522 64 2.000000000
2 94 7 10523 64 2.000000000
2 95 7 10524 64 2.000000000
2 96 7 10525 64 2.000000000
2 97 7 10526 64 2.000000000
2 98 7 10527 64 2.000000000
2 99 7 10528 64 2.000000000
2 100 7 10529 64 2.000000000
2 101 7 10530 64 2.000000000
2 102 7 10531 64 2.000000000
2 103 7 10532 64 2.000000000
2 104 7 10533 64 2.000000000
2 105 7 10534 64 2.000000000
2 106 7 10535 64 2.000000000
2 107 7 10536 64 2.000000000
2 108 7 10537 64 2.000000000
2 109 7 10538 64 2.000000000
2 110 7 10539 64 2.000000000
2 111 7 10540 64 2.000000000
2 112 7 10541 64 2.000000000
2 113 7 10542 64 2.000000000
2 114 7 10543 64 2.000000000
2 115 7 10544 64 2.000000000
2 116 7 10545 64 2.000000000
2 117 7 10546 64 2.000000000
2 118 7 10547 64 2.000000000
2 119 7 10548 64 2.000000000
2 120 7 10549 64 2.000000000
2 121 7 10550 64 2.000000000
2 122 7 10551 64 2.000000000
2 123 7 10552 64 2.000000000
2 124 7 10553 64 2.000000000
2 125 7 10554 64 2.000000000
2 126 7 10555 64 2.000000000
2 127 7 10556 64 2.000000000
2 128 7 10557 64 2.000000000
2 129 7 10558 64 2.000000000
2 130 7 10559 64 2.000000000
2 131 7 10560 64 2.000000000
2 132 7 10561 64 2.000000000
2 133 7 10562 64 2.000000000
2 134 7 10563 64 2.000000000
2 135 7 10564 64 2.000000000
2 136 7 10565 64 2.000000000
2 137 7 10566 64 2.000000000
2 138 7 10567 64 2.000000000
2 139 7 10568 64 2.000000000
2 140 7 10569 64 2.000000000
2 141 7 10570 64 2.000000000
2 142 7 10571 64 2.000000000
2 143 7 10572 64 2.000000000
2 144 7 10573 64 2.000000000
2 145 7 10574 64 2.000000000
2 146 7 10575 64 2.000000000
2 147 7 10576 64 2.000000000
2 148 7 10577 64 2.000000000
2 149 7 10578 64 2.000000000
2 150 7 10579 64 2.000000000
2 151 7 10580 64 2.000000000
2 152 7 10581 64 2.000000000
2 153 7 10582 64 2.000000000
2 154 7 10583 64 2.000000000
2 155 7 10584 64 2.000000000
2 156 7 10585 64 2.000000000
2 157 7 10586 64 2.000000000
2 158 7 10587 64 2.000000000
2 159 7 10588 64 2.000000000
2 160 7 10589 64 2.000000000
2 161 7 10590 64 2.000000000
2 162 7 10591 64 2.000000000
2 163 7 10592 64 2.000000000
2 164 7 10593 64 2.000000000
2 165 7 10594 64 2.000000000
2 166 7 10595 64 2.000000000
2 167 7 10596 64 2.000000000
2 168 7 10597 64 2.000000000
2 169 7 10598 64 2.000000000
2 170 7 10599 64 2.000000000
2 171 7 10600 64 2.000000000
2 172 7 10601 64 2.000000000
2 173 7 10602 64 2.000000000
2 174 7 10603 64 2.000000000
2 175 7 10604 64 2.000000000
2 176 7 10605 64 2.000000000
2 177 7 10606 64 2.000000000
2 178 7 10607 64 2.000000000
2 179 7 10608 64 2.000000000
2 180 7 10609 64 2.000000000
2 181 7 10610 64 2.000000000
2 182 7 10611 64 2.000000000
2 183 7 10612 64 2.000000000
2 184 7 10613 64 2.000000000
2 185 7 10614 64 2.000000000
2 186 7 10615 64 2.000000000
2 187 7 10616 64 2.000000000
2 188 7 10617 64 2.000000000
2 189 7 10618 64 2.000000000
2 190 7 10619 64 2.000000000
2 191 7 10620 64 2.000000000
2 192 7 10621 64 2.000000000
2 193 7 10622 64 2.000000000
2 194 7 10623 64 2.000000000
2 195 7 10624 64 2.000000000
2 196 7 10625 64 2.000000000
2 197 7 10626 64 2.000000000
2 198 7 10627 64 2.000000000
2 199 7 10628 64 2.000000000
2 200 7 10629 64 2.000000000
2 201 7 10630 64 2.000000000
2 202 7 10631 64 2.000000000
2 203 7 10632 64 2.000000000
2 204 7 10633 64 2.000000000
2 205 7 10634 64 2.000000000
2 206 7 10635 64 2.000000000
2 207 7 10636 64 2.000000000
2 208 7 10637 64 2.000000000
2 209 7 10638 64 2.000000000
2 210 7 10639 64 2.000000000
2 211 7 10640 64 2.000000000
2 212 7 10641 64 2.000000000
2 213 7 10642 64 2.000000000
2 214 7 10643 64 2.000000000
2 215 7 10644 64 2.000000000
3 0 7 10645 64 2.000000000
3 1 7 10646 64 2.000000000
3 2 7 10647 64 2.000000000
3 4 7 10648 64 2.000000000
3 5 7 10649 64 2.000000000
3 6 7 10650 64 2.000000000
3 7 7 10651 64 2.000000000
3 8 7 10652 64 2.000000000
3 9 7 10653 64 2.000000000
3 10 7 10654 64 2.000000000
3 11 7 10655 64 2.000000000
3 12 7 10656 64 2.000000000
3 13 7 10657 64 2.000000000
3 14 7 10658 64 2.000000000
3 15 7 10659 64 2.000000000
3 16 7 10660 64 2.000000000
3 17 7 10661 64 2.000000000
3 18 7 10662 64 2.000000000
3 19 7 10663 64 2.000000000
3 20 7 10664 64 2.000000000
3 21 7 10665 64 2.000000000
3 22 7 10666 64 2.000000000
3 23 7 10667 64 2.000000000
3 24 7 10668 64 2.000000000
3 25 7 10669 64 2.000000000
3 26 7 10670 64 2.000000000
3 27 7 10671 64 2.000000000
3 28 7 10672 64 2.000000000
3 29 7 10673 64 2.000000000
3 30 7 10674 64 2.000000000
3 31 7 10675 64 2.000000000
3 32 7 10676 64 2.000000000
3 33 7 10677 64 2.000000000
3 34 7 10678 64 2.000000000
3 35 7 10679 64 2.000000000
3 36 7 10680 64 2.000000000
3 37 7 10681 64 2.000000000
3 38 7 10682 64 2.000000000
3 39 7 10683 64 2.000000000
3 40 7 10684 64 2.000000000
3 41 7 10685 64 2.000000000
3 42 7 10686 64 2.000000000
3 43 7 10687 64 2.000000000
3 44 7 10688 64 2.000000000
3 45 7 10689 64 2.000000000
3 46 7 10690 64 2.000000000
3 47 7 10691 64 2.000000000
3 48 7 10692 64 2.000000000
3 49 7 10693 64 2.000000000
3 50 7 10694 64 2.000000000
3 51 7 10695 64 2.000000000
3 52 7 10696 64 2.000000000
3 53 7 10697 64 2.000000000
3 54 7 10698 64 2.000000000
3 55 7 10699 64 2.000000000
3 56 7 10700 64 2.000000000
3 57 7 10701 64 2.000000000
3 58 7 10702 64 2.000000000
3 59 7 10703 64 2.000000000
3 60 7 10704 64 2.000000000
3 61 7 10705 64 2.000000000
3 62 7 10706 64 2.000000000
3 63 7 10707 64 2.000000000
3 64 7 10708 64 2.000000000
3 65 7 10709 64 2.000000000
3 66 7 10710 64 2.000000000
3 67 7 10711 64 2.000000000
3 68 7 10712 64 2.000000000
3 69 7 10713 64 2.000000000
3 70 7 10714 64 2.000000000
3 71 7 10715 64 2.000000000
3 72 7 10716 64 2.000000000
3 73 7 10717 64 2.000000000
3 74 7 10718 64 2.000000000
3 75 7 10719 64 2.000000000
3 76 7 10720 64 2.000000000
3 77 7 10721 64 2.000000000
3 78 7 10722 64 2.000000000
3 79 7 10723 64 2.000000000
3 80 7 10724 64 2.000000000
3 81 7 10725 64 2.000000000
3 82 7 10726 64 2.000000000
3 83 7 10727 64 2.000000000
3 84 7 10728 64 2.000000000
3 85 7 10729 64 2.000000000
3 86 7 10730 64 2.000000000
3 87 7 10731 64 2.000000000
3 88 7 10732 64 2.000000000
3 89 7 10733 64 2.000000000
3 90 7 10734 64 2.000000000
3 91 7 10735 64 2.000000000
3 92 7 10736 64 2.000000000
3 93 7 10737 64 2.000000000
3 94 7 10738 64 2.000000000
3 95 7 10739 64 2.000000000
3 96 7 10740 64 2.000000000
3 97 7 10741 64 2.000000000
3 98 7 10742 64 2.000000000
3 99 7 10743 64 2.000000000
3 100 7 10744 64 2.000000000
3 101 7 10745 64 2.000000000
3 102 7 10746 64 2.000000000
3 103 7 10747 64 2.000000000
3 104 7 10748 64 2.000000000
3 105 7 10749 64 2.000000000
3 106 7 10750 64 2.000000000
3 107 7 10751 64 2.000000000
3 108 7 10752 64 2.000000000
3 109 7 10753 64 2.000000000
3 110 7 10754 64 2.000000000
3 111 7 10755 64 2.000000000
3 112 7 10756 64 2.000000000
3 113 7 10757 64 2.000000000
3 114 7 10758 64 2.000000000
3 115 7 10759 64 2.000000000
3 116 7 10760 64 2.000000000
3 117 7 10761 64 2.000000000
3 118 7 10762 64 2.000000000
3 119 7 10763 64 2.000000000
3 120 7 10764 64 2.000000000
3 121 7 10765 64 2.000000000
3 122 7 10766 64 2.000000000
3 123 7 10767 64 2.000000000
3 124 7 10768 64 2.000000000
3 125 7 10769 64 2.000000000
3 126 7 10770 64 2.000000000
3 127 7 10771 64 2.000000000
3 128 7 10772 64 2.000000000
3 129 7 10773 64 2.000000000
3 130 7 10774 64 2.000000000
3 131 7 10775 64 2.000000000
3 132 7 10776 64 2.000000000
3 133 7 10777 64 2.000000000
3 134 7 10778 64 2.000000000
3 135 7 10779 64 2.000000000
3 136 7 10780 64 2.000000000
3 137 7 10781 64 2.000000000
3 138 7 10782 64 2.000000000
3 139 7 10783 64 2.000000000
3 140 7 10784 64 2.000000000
3 141 7 10785 64 2.000000000
3 142 7 10786 64 2.000000000
3 143 7 10787 64 2.000000000
3 144 7 10788 64 2.000000000
3 145 7 10789 64 2.000000000
3 146 7 10790 64 2.000000000
3 147 7 10791 64 2.000000000
3 148 7 10792 64 2.000000000
3 149 7 10793 64 2.000000000
3 150 7 10794 64 2.000000000
3 151 7 10795 64 2.000000000
3 152 7 10796 64 2.000000000
3 153 7 10797 64 2.000000000
3 154 7 10798 64 2.000000000
3 155 7 10799 64 2.000000000
3 156 7 10800 64 2.000000000
3 157 7 10801 64 2.000000000
3 158 7 10802 64 2.000000000
3 159 7 10803 64 2.000000000
3 160 7 10804 64 2.000000000
3 161 7 10805 64 2.000000000
3 162 7 10806 64 2.000000000
3 163 7 10807 64 2.000000000
3 164 7 10808 64 2.000000000
3 165 7 10809 64 2.000000000
3 166 7 10810 64 2.000000000
3 167 7 10811 64 2.000000000
3 168 7 10812 64 2.000000000
3 169 7 10813 64 2.000000000
3 170 7 10814 64 2.000000000
3 171 7 10815 64 2.000000000
3 172 7 10816 64 2.000000000
3 173 7 10817 64 2.000000000
3 174 7 10818 64 2.000000000
3 175 7 10819 64 2.000000000
3 176 7 10820 64 2.000000000
3 177 7 10821 64 2.000000000
3 178 7 10822 64 2.000000000
3 179 7 10823 64 2.000000000
3 180 7 10824 64 2.000000000
3 181 7 10825 64 2.000000000
3 182 7 10826 64 2.000000000
3 183 7 10827 64 2.000000000
3 184 7 10828 64 2.000000000
3 185 7 10829 64 2.000000000
3 186 7 10830 64 2.000000000
3 187 7 10831 64 2.000000000
3 188 7 10832 64 2.000000000
3 189 7 10833 64 2.000000000
3 190 7 10834 64 2.000000000
3 191 7 10835 64 2.000000000
3 192 7 10836 64 2.000000000
3 193 7 10837 64 2.000000000
3 194 7 10838 64 2.000000000
3 195 7 10839 64 2.000000000
3 196 7 10840 64 2.000000000
3 197 7 10841 64 2.000000000
3 198 7 10842 64 2.000000000
3 199 7 10843 64 2.000000000
3 200 7 10844 64 2.000000000
3 201 7 10845 64 2.000000000
3 202 7 10846 64 2.000000000
3 203 7 10847 64 2.000000000
3 204 7 10848 64 2.000000000
3 205 7 10849 64 2.000000000
3 206 7 10850 64 2.000000000
3 207 7 10851 64 2.000000000
3 208 7 10852 64 2.000000000
3 209 7 10853 64 2.000000000
3 210 7 10854 64 2.000000000
3 211 7 10855 64 2.000000000
3 212 7 10856 64 2.000000000
3 213 7 10857 64 2.000000000
3 214 7 10858 64 2.000000000
3 215 7 10859 64 2.000000000
4 0 7 10860 64 2.000000000
4 1 7 10861 64 2.000000000
4 2 7 10862 64 2.000000000
4 3 7 10863 64 2.000000000
4 5 7 10864 64 2.000000000
4 6 7 10865 64 2.000000000
4 7 7 10866 64 2.000000000
4 8 7 10867 64 2.000000000
4 9 7 10868 64 2.000000000
4 10 7 10869 64 2.000000000
4 11 7 10870 64 2.000000000
4 12 7 10871 64 2.000000000
4 13 7 10872 64 2.000000000
4 14 7 10873 64 2.000000000
4 15 7 10874 64 2.000000000
4 16 7 10875 64 2.000000000
4 17 7 10876 64 2.000000000
4 18 7 10877 64 2.000000000
4 19 7 10878 64 2.000000000
4 20 7 10879 64 2.000000000
4 21 7 10880 64 2.000000000
4 22 7 10881 64 2.000000000
4 23 7 10882 64 2.000000000
4 24 7 10883 64 2.000000000
4 25 7 10884 64 2.000000000
4 26 7 10885 64 2.000000000
4 27 7 10886 64 2.000000000
4 28 7 10887 64 2.000000000
4 29 7 10888 64 2.000000000
4 30 7 10889 64 2.000000000
4 31 7 10890 64 2.000000000
4 32 7 10891 64 2.000000000
4 33 7 10892 64 2.000000000
4 34 7 10893 64 2.000000000
4 35 7 10894 64 2.000000000
4 36 7 10895 64 2.000000000
4 37 7 10896 64 2.000000000
4 38 7 10897 64 2.000000000
4 39 7 10898 64 2.000000000
4 40 7 10899 64 2.000000000
4 41 7 10900 64 2.000000000
4 42 7 10901 64 2.000000000
4 43 7 10902 64 2.000000000
4 44 7 10903 64 2.000000000
4 45 7 10904 64 2.000000000
4 46 7 10905 64 2.000000000
4 47 7 10906 64 2.000000000
4 48 7 10907 64 2.000000000
4 49 7 10908 64 2.000000000
4 50 7 10909 64 2.000000000
4 51 7 10910 64 2.000000000
4 52 7 10911 64 2.000000000
4 53 7 10912 64 2.000000000
4 54 7 10913 64 2.000000000
4 55 7 10914 64 2.000000000
4 56 7 10915 64 2.000000000
4 57 7 10916 64 2.000000000
4 58 7 10917 64 2.000000000
4 59 7 10918 64 2.000000000
4 60 7 10919 64 2.000000000
4 61 7 10920 64 2.000000000
4 62 7 10921 64 2.000000000
4 63 7 10922 64 2.000000000
4 64 7 10923 64 2.000000000
4 65 7 10924 64 2.000000000
4 66 7 10925 64 2.000000000
4 67 7 10926 64 2.000000000
4 68 7 10927 64 2.000000000
4 69 7 10928 64 2.000000000
4 70 7 10929 64 2.000000000
4 71 7 10930 64 2.000000000
4 72 7 10931 64 2.000000000
4 73 7 10932 64 2.000000000
4 74 7 10933 64 2.000000000
4 75 7 10934 64 2.000000000
4 76 7 10935 64 2.000000000
4 77 7 10936 64 2.000000000
4 78 7 10937 64 2.000000000
4 79 7 10938 64 2.000000000
4 80 7 10939 64 2.000000000
4 81 7 10940 64 2.000000000
4 82 7 10941 64 2.000000000
4 83 7 10942 64 2.000000000
4 84 7 10943 64 2.000000000
4 85 7 10944 64 2.000000000
4 86 7 10945 64 2.000000000
4 87 7 10946 64 2.000000000
4 88 7 10947 64 2.000000000
4 89 7 10948 64 2.000000000
4 90 7 10949 64 2.000000000
4 91 7 10950 64 2.000000000
4 92 7 10951 64 2.000000000
4 93 7 10952 64 2.000000000
4 94 7 10953 64 2.000000000
4 95 7 10954 64 2.000000000
4 96 7 10955 64 2.000000000
4 97 7 10956 64 2.000000000
4 98 7 10957 64 2.000000000
4 99 7 10958 64 2.000000000
4 100 7 10959 64 2.000000000
4 101 7 10960 64 2.000000000
4 102 7 10961 64 2.000000000
4 103 7 10962 64 2.000000000
4 104 7 10963 64 2.000000000
4 105 7 10964 64 2.000000000
4 106 7 10965 64 2.000000000
4 107 7 10966 64 2.000000000
4 108 7 10967 64 2.000000000
4 109 7 10968 64 2.000000000
4 110 7 10969 64 2.000000000
4 111 7 10970 64 2.000000000
4 112 7 10971 64 2.000000000
4 113 7 10972 64 2.000000000
4 114 7 10973 64 2.000000000
4 115 7 10974 64 2.000000000
4 116 7 10975 64 2.000000000
4 117 7 10976 64 2.000000000
4 118 7 10977 64 2.000000000
4 119 7 10978 64 2.000000000
4 120 7 10979 64 2.000000000
4 121 7 10980 64 2.000000000
4 122 7 10981 64 2.000000000
4 123 7 10982 64 2.000000000
4 124 7 10983 64 2.000000000
4 125 7 10984 64 2.000000000
4 126 7 10985 64 2.000000000
4 127 7 10986 64 2.000000000
4 128 7 10987 64 2.000000000
4 129 7 10988 64 2.000000000
4 130 7 10989 64 2.000000000
4 131 7 10990 64 2.000000000
4 132 7 10991 64 2.000000000
4 133 7 10992 64 2.000000000
4 134 7 10993 64 2.000000000
4 135 7 10994 64 2.000000000
4 136 7 10995 64 2.000000000
4 137 7 10996 64 2.000000000
4 138 7 10997 64 2.000000000
4 139 7 10998 64 2.000000000
4 140 7 10999 64 2.000000000
4 141 7 11000 64 2.000000000
4 142 7 11001 64 2.000000000
4 143 7 11002 64 2.000000000
4 144 7 11003 64 2.000000000
4 145 7 11004 64 2.000000000
4 146 7 11005 64 2.000000000
4 147 7 11006 64 2.000000000
4 148 7 11007 64 2.000000000
4 149 7 11008 64 2.000000000
4 150 7 11009 64 2.000000000
4 151 7 11010 64 2.000000000
4 152 7 11011 64 2.000000000
4 153 7 11012 64 2.000000000
4 154 7 11013 64 2.000000000
4 155 7 11014 64 2.000000000
4 156 7 11015 64 2.000000000
4 157 7 11016 64 2.000000000
4 158 7 11017 64 2.000000000
4 159 7 11018 64 2.000000000
4 160 7 11019 64 2.000000000
4 161 7 11020 64 2.000000000
4 162 7 11021 64 2.000000000
4 163 7 11022 64 2.000000000
4 164 7 11023 64 2.000000000
4 165 7 11024 64 2.000000000
4 166 7 11025 64 2.000000000
4 167 7 11026 64 2.000000000
4 168 7 11027 64 2.000000000
4 169 7 11028 64 2.000000000
4 170 7 11029 64 2.000000000
4 171 7 11030 64 2.000000000
4 172 7 11031 64 2.000000000
4 173 7 11032 64 2.000000000
4 174 7 11033 64 2.000000000
4 175 7 11034 64 2.000000000
4 176 7 11035 64 2.000000000
4 177 7 11036 64 2.000000000
4 178 7 11037 64 2.000000000
4 179 7 11038 64 2.000000000
4 180 7 11039 64 2.000000000
4 181 7 11040 64 2.000000000
4 182 7 11041 64 2.000000000
4 183 7 11042 64 2.000000000
4 184 7 11043 64 2.000000000
4 185 7 11044 64 2.000000000
4 186 7 11045 64 2.000000000
4 187 7 11046 64 2.000000000
4 188 7 11047 64 2.000000000
4 189 7 11048 64 2.000000000
4 190 7 11049 64 2.000000000
4 191 7 11050 64 2.000000000
4 192 7 11051 64 2.000000000
4 193 7 11052 64 2.000000000
4 194 7 11053 64 2.000000000
4 195 7 11054 64 2.000000000
4 196 7 11055 64 2.000000000
4 197 7 11056 64 2.000000000
4 198 7 11057 64 2.000000000
4 199 7 11058 64 2.000000000
4 200 7 11059 64 2.000000000
4 201 7 11060 64 2.000000000
4 202 7 11061 64 2.000000000
4 203 7 11062 64 2.000000000
4 204 7 11063 64 2.000000000
4 205 7 11064 64 2.000000000
4 206 7 11065 64 2.000000000
4 207 7 11066 64 2.000000000
4 208 7 11067 64 2.000000000
4 209 7 11068 64 2.000000000
4 210 7 11069 64 2.000000000
4 211 7 11070 64 2.000000000
4 212 7 11071 64 2.000000000
4 213 7 11072 64 2.000000000
4 214 7 11073 64 2.000000000
4 215 7 11074 64 2.000000000
5 0 7 11075 64 2.000000000
5 1 7 11076 64 2.000000000
5 2 7 11077 64 2.000000000
5 3 7 11078 64 2.000000000
5 4 7 11079 64 2.000000000
5 6 7 11080 64 2.000000000
5 7 7 11081 64 2.000000000
5 8 7 11082 64 2.000000000
5 9 7 11083 64 2.000000000
5 10 7 11084 64 2.000000000
5 11 7 11085 64 2.000000000
5 12 7 11086 64 2.000000000
5 13 7 11087 64 2.000000000
5 14 7 11088 64 2.000000000
5 15 7 11089 64 2.000000000
5 16 7 11090 64 2.000000000
5 17 7 11091 64 2.000000000
5 18 7 11092 64 2.000000000
5 19 7 11093 64 2.000000000
5 20 7 11094 64 2.000000000
5 21 7 11095 64 2.000000000
5 22 7 11096 64 2.000000000
5 23 7 11097 64 2.000000000
5 24 7 11098 64 2.000000000
5 25 7 11099 64 2.000000000
5 26 7 11100 64 2.000000000
5 27 7 11101 64 2.000000000
5 28 7 11102 64 2.000000000
5 29 7 11103 64 2.000000000
5 30 7 11104 64 2.000000000
5 31 7 11105 64 2.000000000
5 32 7 11106 64 2.000000000
5 33 7 11107 64 2.000000000
5 34 7 11108 64 2.000000000
5 35 7 11109 64 2.000000000
5 36 7 11110 64 2.000000000
5 37 7 11111 64 2.000000000
5 38 7 11112 64 2.000000000
5 39 7 11113 64 2.000000000
5 40 7 11114 64 2.000000000
5 41 7 11115 64 2.000000000
5 42 7 11116 64 2.000000000
5 43 7 11117 64 2.000000000
5 44 7 11118 64 2.000000000
5 45 7 11119 64 2.000000000
5 46 7 11120 64 2.000000000
5 47 7 11121 64 2.000000000
5 48 7 11122 64 2.000000000
5 49 7 11123 64 2.000000000
5 50 7 11124 64 2.000000000
5 51 7 11125 64 2.000000000
5 52 7 11126 64 2.000000000
5 53 7 11127 64 2.000000000
5 54 7 11128 64 2.000000000
5 55 7 11129 64 2.000000000
5 56 7 11130 64 2.000000000
5 57 7 11131 64 2.000000000
5 58 7 11132 64 2.000000000
5 59 7 11133 64 2.000000000
5 60 7 11134 64 2.000000000
5 61 7 11135 64 2.000000000
5 62 7 11136 64 2.000000000
5 63 7 11137 64 2.000000000
5 64 7 11138 64 2.000000000
5 65 7 11139 64 2.000000000
5 66 7 11140 64 2.000000000
5 67 7 11141 64 2.000000000
5 68 7 11142 64 2.000000000
5 69 7 11143 64 2.000000000
5 70 7 11144 64 2.000000000
5 71 7 11145 64 2.000000000
5 72 7 11146 64 2.000000000
5 73 7 11147 64 2.000000000
5 74 7 11148 64 2.000000000
5 75 7 11149 64 2.000000000
5 76 7 11150 64 2.000000000
5 77 7 11151 64 2.000000000
5 78 7 11152 64 2.000000000
5 79 7 11153 64 2.000000000
5 80 7 11154 64 2.000000000
5 81 7 11155 64 2.000000000
5 82 7 11156 64 2.000000000
5 83 7 11157 64 2.000000000
5 84 7 11158 64 2.000000000
5 85 7 11159 64 2.000000000
5 86 7 11160 64 2.000000000
5 87 7 11161 64 2.000000000
5 88 7 11162 64 2.000000000
5 89 7 11163 64 2.000000000
5 90 7 11164 64 2.000000000
5 91 7 11165 64 2.000000000
5 92 7 11166 64 2.000000000
5 93 7 11167 64 2.000000000
5 94 7 11168 64 2.000000000
5 95 7 11169 64 2.000000000
5 96 7 11170 64 2.000000000
5 97 7 11171 64 2.000000000
5 98 7 11172 64 2.000000000
5 99 7 11173 64 2.000000000
5 100 7 11174 64 2.000000000
5 101 7 11175 64 2.000000000
5 102 7 11176 64 2.000000000
5 103 7 11177 64 2.000000000
5 104 7 11178 64 2.000000000
5 105 7 11179 64 2.000000000
5 106 7 11180 64 2.000000000
5 107 7 11181 64 2.000000000
5 108 7 11182 64 2.000000000
5 109 7 11183 64 2.000000000
5 110 7 11184 64 2.000000000
5 111 7 11185 64 2.000000000
5 112 7 11186 64 2.000000000
5 113 7 11187 64 2.000000000
5 114 7 11188 64 2.000000000
5 115 7 11189 64 2.000000000
5 116 7 11190 64 2.000000000
5 117 7 11191 64 2.000000000
5 118 7 11192 64 2.000000000
5 119 7 11193 64 2.000000000
5 120 7 11194 64 2.000000000
5 121 7 11195 64 2.000000000
5 122 7 11196 64 2.000000000
5 123 7 11197 64 2.000000000
5 124 7 11198 64 2.000000000
5 125 7 11199 64 2.000000000
5 126 7 11200 64 2.000000000
5 127 7 11201 64 2.000000000
5 128 7 11202 64 2.000000000
5 129 7 11203 64 2.000000000
5 130 7 11204 64 2.000000000
5 131 7 11205 64 2.000000000
5 132 7 11206 64 2.000000000
5 133 7 11207 64 2.000000000
5 134 7 11208 64 2.000000000
5 135 7 11209 64 2.000000000
5 136 7 11210 64 2.000000000
5 137 7 11211 64 2.000000000
5 138 7 11212 64 2.000000000
5 139 7 11213 64 2.000000000
5 140 7 11214 64 2.000000000
5 141 7 11215 64 2.000000000
5 142 7 11216 64 2.000000000
5 143 7 11217 64 2.000000000
5 144 7 11218 64 2.000000000
5 145 7 11219 64 2.000000000
5 146 7 11220 64 2.000000000
5 147 7 11221 64 2.000000000
5 148 7 11222 64 2.000000000
5 149 7 11223 64 2.000000000
5 150 7 11224 64 2.000000000
5 151 7 11225 64 2.000000000
5 152 7 11226 64 2.000000000
5 153 7 11227 64 2.000000000
5 154 7 11228 64 2.000000000
5 155 7 11229 64 2.000000000
5 156 7 11230 64 2.000000000
5 157 7 11231 64 2.000000000
5 158 7 11232 64 2.000000000
5 159 7 11233 64 2.000000000
5 160 7 11234 64 2.000000000
5 161 7 11235 64 2.000000000
5 162 7 11236 64 2.000000000
5 163 7 11237 64 2.000000000
5 164 7 11238 64 2.000000000
5 165 7 11239 64 2.000000000
5 166 7 11240 64 2.000000000
5 167 7 11241 64 2.000000000
5 168 7 11242 64 2.000000000
5 169 7 11243 64 2.000000000
5 170 7 11244 64 2.000000000
5 171 7 11245 64 2.000000000
5 172 7 11246 64 2.000000000
5 173 7 11247 64 2.000000000
5 174 7 11248 64 2.000000000
5 175 7 11249 64 2.000000000
5 176 7 11250 64 2.000000000
5 177 7 11251 64 2.000000000
5 178 7 11252 64 2.000000000
5 179 7 11253 64 2.000000000
5 180 7 11254 64 2.000000000
5 181 7 11255 64 2.000000000
5 182 7 11256 64 2.000000000
5 183 7 11257 64 2.000000000
5 184 7 11258 64 2.000000000
5 185 7 11259 64 2.000000000
5 186 7 11260 64 2.000000000
5 187 7 11261 64 2.000000000
5 188 7 11262 64 2.000000000
5 189 7 11263 64 2.000000000
5 190 7 11264 64 2.000000000
5 191 7 11265 64 2.000000000
5 192 7 11266 64 2.000000000
5 193 7 11267 64 2.000000000
5 194 7 11268 64 2.000000000
5 195 7 11269 64 2.000000000
5 196 7 11270 64 2.000000000
5 197 7 11271 64 2.000000000
5 198 7 11272 64 2.000000000
5 199 7 11273 64 2.000000000
5 200 7 11274 64 2.000000000
5 201 7 11275 64 2.000000000
5 202 7 11276 64 2.000000000
5 203 7 11277 64 2.000000000
5 204 7 11278 64 2.000000000
5 205 7 11279 64 2.000000000
5 206 7 11280 64 2.000000000
5 207 7 11281 64 2.000000000
5 208 7 11282 64 2.000000000
5 209 7 11283 64 2.000000000
5 210 7 11284 64 2.000000000
5 211 7 11285 64 2.000000000
5 212 7 11286 64 2.000000000
5 213 7 11287 64 2.000000000
5 214 7 11288 64 2.000000000
5 215 7 11289 64 2.000000000
