78
0 1 7 10000 8 2.000000000
0 2 7 10001 8 2.000000000
0 3 7 10002 8 2.000000000
0 4 7 10003 8 2.000000000
0 5 7 10004 8 2.000000000
0 6 7 10005 8 2.000000000
0 7 7 10006 8 2.000000000
0 8 7 10007 8 2.000000000
0 9 7 10008 8 2.000000000
0 10 7 10009 8 2.000000000
0 11 7 10010 8 2.000000000
0 12 7 10011 8 2.000000000
0 13 7 10012 8 2.000000000
0 14 7 10013 8 2.000000000
0 15 7 10014 8 2.000000000
0 16 7 10015 8 2.000000000
0 17 7 10016 8 2.000000000
0 18 7 10017 8 2.000000000
0 19 7 10018 8 2.000000000
0 20 7 10019 8 2.000000000
0 21 7 10020 8 2.000000000
0 22 7 10021 8 2.000000000
0 23 7 10022 8 2.000000000
0 24 7 10023 8 2.000000000
0 25 7 10024 8 2.000000000
0 26 7 10025 8 2.000000000
1 0 7 10026 8 2.000000000
1 2 7 10027 8 2.000000000
1 3 7 10028 8 2.000000000
1 4 7 10029 8 2.000000000
1 5 7 10030 8 2.000000000
1 6 7 10031 8 2.000000000
1 7 7 10032 8 2.000000000
1 8 7 10033 8 2.000000000
1 9 7 10034 8 2.000000000
1 10 7 10035 8 2.000000000
1 11 7 10036 8 2.000000000
1 12 7 10037 8 2.000000000
1 13 7 10038 8 2.000000000
1 14 7 10039 8 2.000000000
1 15 7 10040 8 2.000000000
1 16 7 10041 8 2.000000000
1 17 7 10042 8 2.000000000
1 18 7 10043 8 2.000000000
1 19 7 10044 8 2.000000000
1 20 7 10045 8 2.000000000
1 21 7 10046 8 2.000000000
1 22 7 10047 8 2.000000000
1 23 7 10048 8 2.000000000
1 24 7 10049 8 2.000000000
1 25 7 10050 8 2.000000000
1 26 7 10051 8 2.000000000
2 0 7 10052 8 2.000000000
2 1 7 10053 8 2.000000000
2 3 7 10054 8 2.000000000
2 4 7 10055 8 2.000000000
2 5 7 10056 8 2.000000000
2 6 7 10057 8 2.000000000
2 7 7 10058 8 2.000000000
2 8 7 10059 8 2.000000000
2 9 7 10060 8 2.000000000
2 10 7 10061 8 2.000000000
2 11 7 10062 8 2.000000000
2 12 7 10063 8 2.000000000
2 13 7 10064 8 2.000000000
2 14 7 10065 8 2.000000000
2 15 7 10066 8 2.000000000
2 16 7 10067 8 2.000000000
2 17 7 10068 8 2.000000000
2 18 7 10069 8 2.000000000
2 19 7 10070 8 2.000000000
2 20 7 10071 8 2.000000000
2 21 7 10072 8 2.000000000
2 22 7 10073 8 2.000000000
2 23 7 10074 8 2.000000000
2 24 7 10075 8 2.000000000
2 25 7 10076 8 2.000000000
2 26 7 10077 8 2.000000000
