78
0 1 7 10000 128 2.000000000
0 2 7 10001 128 2.000000000
0 3 7 10002 128 2.000000000
0 4 7 10003 128 2.000000000
0 5 7 10004 128 2.000000000
0 6 7 10005 128 2.000000000
0 7 7 10006 128 2.000000000
0 8 7 10007 128 2.000000000
0 9 7 10008 128 2.000000000
0 10 7 10009 128 2.000000000
0 11 7 10010 128 2.000000000
0 12 7 10011 128 2.000000000
0 13 7 10012 128 2.000000000
0 14 7 10013 128 2.000000000
0 15 7 10014 128 2.000000000
0 16 7 10015 128 2.000000000
0 17 7 10016 128 2.000000000
0 18 7 10017 128 2.000000000
0 19 7 10018 128 2.000000000
0 20 7 10019 128 2.000000000
0 21 7 10020 128 2.000000000
0 22 7 10021 128 2.000000000
0 23 7 10022 128 2.000000000
0 24 7 10023 128 2.000000000
0 25 7 10024 128 2.000000000
0 26 7 10025 128 2.000000000
1 0 7 10026 128 2.000000000
1 2 7 10027 128 2.000000000
1 3 7 10028 128 2.000000000
1 4 7 10029 128 2.000000000
1 5 7 10030 128 2.000000000
1 6 7 10031 128 2.000000000
1 7 7 10032 128 2.000000000
1 8 7 10033 128 2.000000000
1 9 7 10034 128 2.000000000
1 10 7 10035 128 2.000000000
1 11 7 10036 128 2.000000000
1 12 7 10037 128 2.000000000
1 13 7 10038 128 2.000000000
1 14 7 10039 128 2.000000000
1 15 7 10040 128 2.000000000
1 16 7 10041 128 2.000000000
1 17 7 10042 128 2.000000000
1 18 7 10043 128 2.000000000
1 19 7 10044 128 2.000000000
1 20 7 10045 128 2.000000000
1 21 7 10046 128 2.000000000
1 22 7 10047 128 2.000000000
1 23 7 10048 128 2.000000000
1 24 7 10049 128 2.000000000
1 25 7 10050 128 2.000000000
1 26 7 10051 128 2.000000000
2 0 7 10052 128 2.000000000
2 1 7 10053 128 2.000000000
2 3 7 10054 128 2.000000000
2 4 7 10055 128 2.000000000
2 5 7 10056 128 2.000000000
2 6 7 10057 128 2.000000000
2 7 7 10058 128 2.000000000
2 8 7 10059 128 2.000000000
2 9 7 10060 128 2.000000000
2 10 7 10061 128 2.000000000
2 11 7 10062 128 2.000000000
2 12 7 10063 128 2.000000000
2 13 7 10064 128 2.000000000
2 14 7 10065 128 2.000000000
2 15 7 10066 128 2.000000000
2 16 7 10067 128 2.000000000
2 17 7 10068 128 2.000000000
2 18 7 10069 128 2.000000000
2 19 7 10070 128 2.000000000
2 20 7 10071 128 2.000000000
2 21 7 10072 128 2.000000000
2 22 7 10073 128 2.000000000
2 23 7 10074 128 2.000000000
2 24 7 10075 128 2.000000000
2 25 7 10076 128 2.000000000
2 26 7 10077 128 2.000000000
