78
0 1 7 10000 64 2.000000000
0 2 7 10001 64 2.000000000
0 3 7 10002 64 2.000000000
0 4 7 10003 64 2.000000000
0 5 7 10004 64 2.000000000
0 6 7 10005 64 2.000000000
0 7 7 10006 64 2.000000000
0 8 7 10007 64 2.000000000
0 9 7 10008 64 2.000000000
0 10 7 10009 64 2.000000000
0 11 7 10010 64 2.000000000
0 12 7 10011 64 2.000000000
0 13 7 10012 64 2.000000000
0 14 7 10013 64 2.000000000
0 15 7 10014 64 2.000000000
0 16 7 10015 64 2.000000000
0 17 7 10016 64 2.000000000
0 18 7 10017 64 2.000000000
0 19 7 10018 64 2.000000000
0 20 7 10019 64 2.000000000
0 21 7 10020 64 2.000000000
0 22 7 10021 64 2.000000000
0 23 7 10022 64 2.000000000
0 24 7 10023 64 2.000000000
0 25 7 10024 64 2.000000000
0 26 7 10025 64 2.000000000
1 0 7 10026 64 2.000000000
1 2 7 10027 64 2.000000000
1 3 7 10028 64 2.000000000
1 4 7 10029 64 2.000000000
1 5 7 10030 64 2.000000000
1 6 7 10031 64 2.000000000
1 7 7 10032 64 2.000000000
1 8 7 10033 64 2.000000000
1 9 7 10034 64 2.000000000
1 10 7 10035 64 2.000000000
1 11 7 10036 64 2.000000000
1 12 7 10037 64 2.000000000
1 13 7 10038 64 2.000000000
1 14 7 10039 64 2.000000000
1 15 7 10040 64 2.000000000
1 16 7 10041 64 2.000000000
1 17 7 10042 64 2.000000000
1 18 7 10043 64 2.000000000
1 19 7 10044 64 2.000000000
1 20 7 10045 64 2.000000000
1 21 7 10046 64 2.000000000
1 22 7 10047 64 2.000000000
1 23 7 10048 64 2.000000000
1 24 7 10049 64 2.000000000
1 25 7 10050 64 2.000000000
1 26 7 10051 64 2.000000000
2 0 7 10052 64 2.000000000
2 1 7 10053 64 2.000000000
2 3 7 10054 64 2.000000000
2 4 7 10055 64 2.000000000
2 5 7 10056 64 2.000000000
2 6 7 10057 64 2.000000000
2 7 7 10058 64 2.000000000
2 8 7 10059 64 2.000000000
2 9 7 10060 64 2.000000000
2 10 7 10061 64 2.000000000
2 11 7 10062 64 2.000000000
2 12 7 10063 64 2.000000000
2 13 7 10064 64 2.000000000
2 14 7 10065 64 2.000000000
2 15 7 10066 64 2.000000000
2 16 7 10067 64 2.000000000
2 17 7 10068 64 2.000000000
2 18 7 10069 64 2.000000000
2 19 7 10070 64 2.000000000
2 20 7 10071 64 2.000000000
2 21 7 10072 64 2.000000000
2 22 7 10073 64 2.000000000
2 23 7 10074 64 2.000000000
2 24 7 10075 64 2.000000000
2 25 7 10076 64 2.000000000
2 26 7 10077 64 2.000000000
