78
0 1 7 10000 4 2.000000000
0 2 7 10001 4 2.000000000
0 3 7 10002 4 2.000000000
0 4 7 10003 4 2.000000000
0 5 7 10004 4 2.000000000
0 6 7 10005 4 2.000000000
0 7 7 10006 4 2.000000000
0 8 7 10007 4 2.000000000
0 9 7 10008 4 2.000000000
0 10 7 10009 4 2.000000000
0 11 7 10010 4 2.000000000
0 12 7 10011 4 2.000000000
0 13 7 10012 4 2.000000000
0 14 7 10013 4 2.000000000
0 15 7 10014 4 2.000000000
0 16 7 10015 4 2.000000000
0 17 7 10016 4 2.000000000
0 18 7 10017 4 2.000000000
0 19 7 10018 4 2.000000000
0 20 7 10019 4 2.000000000
0 21 7 10020 4 2.000000000
0 22 7 10021 4 2.000000000
0 23 7 10022 4 2.000000000
0 24 7 10023 4 2.000000000
0 25 7 10024 4 2.000000000
0 26 7 10025 4 2.000000000
1 0 7 10026 4 2.000000000
1 2 7 10027 4 2.000000000
1 3 7 10028 4 2.000000000
1 4 7 10029 4 2.000000000
1 5 7 10030 4 2.000000000
1 6 7 10031 4 2.000000000
1 7 7 10032 4 2.000000000
1 8 7 10033 4 2.000000000
1 9 7 10034 4 2.000000000
1 10 7 10035 4 2.000000000
1 11 7 10036 4 2.000000000
1 12 7 10037 4 2.000000000
1 13 7 10038 4 2.000000000
1 14 7 10039 4 2.000000000
1 15 7 10040 4 2.000000000
1 16 7 10041 4 2.000000000
1 17 7 10042 4 2.000000000
1 18 7 10043 4 2.000000000
1 19 7 10044 4 2.000000000
1 20 7 10045 4 2.000000000
1 21 7 10046 4 2.000000000
1 22 7 10047 4 2.000000000
1 23 7 10048 4 2.000000000
1 24 7 10049 4 2.000000000
1 25 7 10050 4 2.000000000
1 26 7 10051 4 2.000000000
2 0 7 10052 4 2.000000000
2 1 7 10053 4 2.000000000
2 3 7 10054 4 2.000000000
2 4 7 10055 4 2.000000000
2 5 7 10056 4 2.000000000
2 6 7 10057 4 2.000000000
2 7 7 10058 4 2.000000000
2 8 7 10059 4 2.000000000
2 9 7 10060 4 2.000000000
2 10 7 10061 4 2.000000000
2 11 7 10062 4 2.000000000
2 12 7 10063 4 2.000000000
2 13 7 10064 4 2.000000000
2 14 7 10065 4 2.000000000
2 15 7 10066 4 2.000000000
2 16 7 10067 4 2.000000000
2 17 7 10068 4 2.000000000
2 18 7 10069 4 2.000000000
2 19 7 10070 4 2.000000000
2 20 7 10071 4 2.000000000
2 21 7 10072 4 2.000000000
2 22 7 10073 4 2.000000000
2 23 7 10074 4 2.000000000
2 24 7 10075 4 2.000000000
2 25 7 10076 4 2.000000000
2 26 7 10077 4 2.000000000
