252
0 1 7 10000 8 2.000000000
0 2 7 10001 8 2.000000000
0 3 7 10002 8 2.000000000
0 4 7 10003 8 2.000000000
0 5 7 10004 8 2.000000000
0 6 7 10005 8 2.000000000
0 7 7 10006 8 2.000000000
0 8 7 10007 8 2.000000000
0 9 7 10008 8 2.000000000
0 10 7 10009 8 2.000000000
0 11 7 10010 8 2.000000000
0 12 7 10011 8 2.000000000
0 13 7 10012 8 2.000000000
0 14 7 10013 8 2.000000000
0 15 7 10014 8 2.000000000
0 16 7 10015 8 2.000000000
0 17 7 10016 8 2.000000000
0 18 7 10017 8 2.000000000
0 19 7 10018 8 2.000000000
0 20 7 10019 8 2.000000000
0 21 7 10020 8 2.000000000
0 22 7 10021 8 2.000000000
0 23 7 10022 8 2.000000000
0 24 7 10023 8 2.000000000
0 25 7 10024 8 2.000000000
0 26 7 10025 8 2.000000000
0 27 7 10026 8 2.000000000
0 28 7 10027 8 2.000000000
0 29 7 10028 8 2.000000000
0 30 7 10029 8 2.000000000
0 31 7 10030 8 2.000000000
0 32 7 10031 8 2.000000000
0 33 7 10032 8 2.000000000
0 34 7 10033 8 2.000000000
0 35 7 10034 8 2.000000000
0 36 7 10035 8 2.000000000
0 37 7 10036 8 2.000000000
0 38 7 10037 8 2.000000000
0 39 7 10038 8 2.000000000
0 40 7 10039 8 2.000000000
0 41 7 10040 8 2.000000000
0 42 7 10041 8 2.000000000
0 43 7 10042 8 2.000000000
0 44 7 10043 8 2.000000000
0 45 7 10044 8 2.000000000
0 46 7 10045 8 2.000000000
0 47 7 10046 8 2.000000000
0 48 7 10047 8 2.000000000
0 49 7 10048 8 2.000000000
0 50 7 10049 8 2.000000000
0 51 7 10050 8 2.000000000
0 52 7 10051 8 2.000000000
0 53 7 10052 8 2.000000000
0 54 7 10053 8 2.000000000
0 55 7 10054 8 2.000000000
0 56 7 10055 8 2.000000000
0 57 7 10056 8 2.000000000
0 58 7 10057 8 2.000000000
0 59 7 10058 8 2.000000000
0 60 7 10059 8 2.000000000
0 61 7 10060 8 2.000000000
0 62 7 10061 8 2.000000000
0 63 7 10062 8 2.000000000
1 0 7 10063 8 2.000000000
1 2 7 10064 8 2.000000000
1 3 7 10065 8 2.000000000
1 4 7 10066 8 2.000000000
1 5 7 10067 8 2.000000000
1 6 7 10068 8 2.000000000
1 7 7 10069 8 2.000000000
1 8 7 10070 8 2.000000000
1 9 7 10071 8 2.000000000
1 10 7 10072 8 2.000000000
1 11 7 10073 8 2.000000000
1 12 7 10074 8 2.000000000
1 13 7 10075 8 2.000000000
1 14 7 10076 8 2.000000000
1 15 7 10077 8 2.000000000
1 16 7 10078 8 2.000000000
1 17 7 10079 8 2.000000000
1 18 7 10080 8 2.000000000
1 19 7 10081 8 2.000000000
1 20 7 10082 8 2.000000000
1 21 7 10083 8 2.000000000
1 22 7 10084 8 2.000000000
1 23 7 10085 8 2.000000000
1 24 7 10086 8 2.000000000
1 25 7 10087 8 2.000000000
1 26 7 10088 8 2.000000000
1 27 7 10089 8 2.000000000
1 28 7 10090 8 2.000000000
1 29 7 10091 8 2.000000000
1 30 7 10092 8 2.000000000
1 31 7 10093 8 2.000000000
1 32 7 10094 8 2.000000000
1 33 7 10095 8 2.000000000
1 34 7 10096 8 2.000000000
1 35 7 10097 8 2.000000000
1 36 7 10098 8 2.000000000
1 37 7 10099 8 2.000000000
1 38 7 10100 8 2.000000000
1 39 7 10101 8 2.000000000
1 40 7 10102 8 2.000000000
1 41 7 10103 8 2.000000000
1 42 7 10104 8 2.000000000
1 43 7 10105 8 2.000000000
1 44 7 10106 8 2.000000000
1 45 7 10107 8 2.000000000
1 46 7 10108 8 2.000000000
1 47 7 10109 8 2.000000000
1 48 7 10110 8 2.000000000
1 49 7 10111 8 2.000000000
1 50 7 10112 8 2.000000000
1 51 7 10113 8 2.000000000
1 52 7 10114 8 2.000000000
1 53 7 10115 8 2.000000000
1 54 7 10116 8 2.000000000
1 55 7 10117 8 2.000000000
1 56 7 10118 8 2.000000000
1 57 7 10119 8 2.000000000
1 58 7 10120 8 2.000000000
1 59 7 10121 8 2.000000000
1 60 7 10122 8 2.000000000
1 61 7 10123 8 2.000000000
1 62 7 10124 8 2.000000000
1 63 7 10125 8 2.000000000
2 0 7 10126 8 2.000000000
2 1 7 10127 8 2.000000000
2 3 7 10128 8 2.000000000
2 4 7 10129 8 2.000000000
2 5 7 10130 8 2.000000000
2 6 7 10131 8 2.000000000
2 7 7 10132 8 2.000000000
2 8 7 10133 8 2.000000000
2 9 7 10134 8 2.000000000
2 10 7 10135 8 2.000000000
2 11 7 10136 8 2.000000000
2 12 7 10137 8 2.000000000
2 13 7 10138 8 2.000000000
2 14 7 10139 8 2.000000000
2 15 7 10140 8 2.000000000
2 16 7 10141 8 2.000000000
2 17 7 10142 8 2.000000000
2 18 7 10143 8 2.000000000
2 19 7 10144 8 2.000000000
2 20 7 10145 8 2.000000000
2 21 7 10146 8 2.000000000
2 22 7 10147 8 2.000000000
2 23 7 10148 8 2.000000000
2 24 7 10149 8 2.000000000
2 25 7 10150 8 2.000000000
2 26 7 10151 8 2.000000000
2 27 7 10152 8 2.000000000
2 28 7 10153 8 2.000000000
2 29 7 10154 8 2.000000000
2 30 7 10155 8 2.000000000
2 31 7 10156 8 2.000000000
2 32 7 10157 8 2.000000000
2 33 7 10158 8 2.000000000
2 34 7 10159 8 2.000000000
2 35 7 10160 8 2.000000000
2 36 7 10161 8 2.000000000
2 37 7 10162 8 2.000000000
2 38 7 10163 8 2.000000000
2 39 7 10164 8 2.000000000
2 40 7 10165 8 2.000000000
2 41 7 10166 8 2.000000000
2 42 7 10167 8 2.000000000
2 43 7 10168 8 2.000000000
2 44 7 10169 8 2.000000000
2 45 7 10170 8 2.000000000
2 46 7 10171 8 2.000000000
2 47 7 10172 8 2.000000000
2 48 7 10173 8 2.000000000
2 49 7 10174 8 2.000000000
2 50 7 10175 8 2.000000000
2 51 7 10176 8 2.000000000
2 52 7 10177 8 2.000000000
2 53 7 10178 8 2.000000000
2 54 7 10179 8 2.000000000
2 55 7 10180 8 2.000000000
2 56 7 10181 8 2.000000000
2 57 7 10182 8 2.000000000
2 58 7 10183 8 2.000000000
2 59 7 10184 8 2.000000000
2 60 7 10185 8 2.000000000
2 61 7 10186 8 2.000000000
2 62 7 10187 8 2.000000000
2 63 7 10188 8 2.000000000
3 0 7 10189 8 2.000000000
3 1 7 10190 8 2.000000000
3 2 7 10191 8 2.000000000
3 4 7 10192 8 2.000000000
3 5 7 10193 8 2.000000000
3 6 7 10194 8 2.000000000
3 7 7 10195 8 2.000000000
3 8 7 10196 8 2.000000000
3 9 7 10197 8 2.000000000
3 10 7 10198 8 2.000000000
3 11 7 10199 8 2.000000000
3 12 7 10200 8 2.000000000
3 13 7 10201 8 2.000000000
3 14 7 10202 8 2.000000000
3 15 7 10203 8 2.000000000
3 16 7 10204 8 2.000000000
3 17 7 10205 8 2.000000000
3 18 7 10206 8 2.000000000
3 19 7 10207 8 2.000000000
3 20 7 10208 8 2.000000000
3 21 7 10209 8 2.000000000
3 22 7 10210 8 2.000000000
3 23 7 10211 8 2.000000000
3 24 7 10212 8 2.000000000
3 25 7 10213 8 2.000000000
3 26 7 10214 8 2.000000000
3 27 7 10215 8 2.000000000
3 28 7 10216 8 2.000000000
3 29 7 10217 8 2.000000000
3 30 7 10218 8 2.000000000
3 31 7 10219 8 2.000000000
3 32 7 10220 8 2.000000000
3 33 7 10221 8 2.000000000
3 34 7 10222 8 2.000000000
3 35 7 10223 8 2.000000000
3 36 7 10224 8 2.000000000
3 37 7 10225 8 2.000000000
3 38 7 10226 8 2.000000000
3 39 7 10227 8 2.000000000
3 40 7 10228 8 2.000000000
3 41 7 10229 8 2.000000000
3 42 7 10230 8 2.000000000
3 43 7 10231 8 2.000000000
3 44 7 10232 8 2.000000000
3 45 7 10233 8 2.000000000
3 46 7 10234 8 2.000000000
3 47 7 10235 8 2.000000000
3 48 7 10236 8 2.000000000
3 49 7 10237 8 2.000000000
3 50 7 10238 8 2.000000000
3 51 7 10239 8 2.000000000
3 52 7 10240 8 2.000000000
3 53 7 10241 8 2.000000000
3 54 7 10242 8 2.000000000
3 55 7 10243 8 2.000000000
3 56 7 10244 8 2.000000000
3 57 7 10245 8 2.000000000
3 58 7 10246 8 2.000000000
3 59 7 10247 8 2.000000000
3 60 7 10248 8 2.000000000
3 61 7 10249 8 2.000000000
3 62 7 10250 8 2.000000000
3 63 7 10251 8 2.000000000
