252
0 1 7 10000 16 2.000000000
0 2 7 10001 16 2.000000000
0 3 7 10002 16 2.000000000
0 4 7 10003 16 2.000000000
0 5 7 10004 16 2.000000000
0 6 7 10005 16 2.000000000
0 7 7 10006 16 2.000000000
0 8 7 10007 16 2.000000000
0 9 7 10008 16 2.000000000
0 10 7 10009 16 2.000000000
0 11 7 10010 16 2.000000000
0 12 7 10011 16 2.000000000
0 13 7 10012 16 2.000000000
0 14 7 10013 16 2.000000000
0 15 7 10014 16 2.000000000
0 16 7 10015 16 2.000000000
0 17 7 10016 16 2.000000000
0 18 7 10017 16 2.000000000
0 19 7 10018 16 2.000000000
0 20 7 10019 16 2.000000000
0 21 7 10020 16 2.000000000
0 22 7 10021 16 2.000000000
0 23 7 10022 16 2.000000000
0 24 7 10023 16 2.000000000
0 25 7 10024 16 2.000000000
0 26 7 10025 16 2.000000000
0 27 7 10026 16 2.000000000
0 28 7 10027 16 2.000000000
0 29 7 10028 16 2.000000000
0 30 7 10029 16 2.000000000
0 31 7 10030 16 2.000000000
0 32 7 10031 16 2.000000000
0 33 7 10032 16 2.000000000
0 34 7 10033 16 2.000000000
0 35 7 10034 16 2.000000000
0 36 7 10035 16 2.000000000
0 37 7 10036 16 2.000000000
0 38 7 10037 16 2.000000000
0 39 7 10038 16 2.000000000
0 40 7 10039 16 2.000000000
0 41 7 10040 16 2.000000000
0 42 7 10041 16 2.000000000
0 43 7 10042 16 2.000000000
0 44 7 10043 16 2.000000000
0 45 7 10044 16 2.000000000
0 46 7 10045 16 2.000000000
0 47 7 10046 16 2.000000000
0 48 7 10047 16 2.000000000
0 49 7 10048 16 2.000000000
0 50 7 10049 16 2.000000000
0 51 7 10050 16 2.000000000
0 52 7 10051 16 2.000000000
0 53 7 10052 16 2.000000000
0 54 7 10053 16 2.000000000
0 55 7 10054 16 2.000000000
0 56 7 10055 16 2.000000000
0 57 7 10056 16 2.000000000
0 58 7 10057 16 2.000000000
0 59 7 10058 16 2.000000000
0 60 7 10059 16 2.000000000
0 61 7 10060 16 2.000000000
0 62 7 10061 16 2.000000000
0 63 7 10062 16 2.000000000
1 0 7 10063 16 2.000000000
1 2 7 10064 16 2.000000000
1 3 7 10065 16 2.000000000
1 4 7 10066 16 2.000000000
1 5 7 10067 16 2.000000000
1 6 7 10068 16 2.000000000
1 7 7 10069 16 2.000000000
1 8 7 10070 16 2.000000000
1 9 7 10071 16 2.000000000
1 10 7 10072 16 2.000000000
1 11 7 10073 16 2.000000000
1 12 7 10074 16 2.000000000
1 13 7 10075 16 2.000000000
1 14 7 10076 16 2.000000000
1 15 7 10077 16 2.000000000
1 16 7 10078 16 2.000000000
1 17 7 10079 16 2.000000000
1 18 7 10080 16 2.000000000
1 19 7 10081 16 2.000000000
1 20 7 10082 16 2.000000000
1 21 7 10083 16 2.000000000
1 22 7 10084 16 2.000000000
1 23 7 10085 16 2.000000000
1 24 7 10086 16 2.000000000
1 25 7 10087 16 2.000000000
1 26 7 10088 16 2.000000000
1 27 7 10089 16 2.000000000
1 28 7 10090 16 2.000000000
1 29 7 10091 16 2.000000000
1 30 7 10092 16 2.000000000
1 31 7 10093 16 2.000000000
1 32 7 10094 16 2.000000000
1 33 7 10095 16 2.000000000
1 34 7 10096 16 2.000000000
1 35 7 10097 16 2.000000000
1 36 7 10098 16 2.000000000
1 37 7 10099 16 2.000000000
1 38 7 10100 16 2.000000000
1 39 7 10101 16 2.000000000
1 40 7 10102 16 2.000000000
1 41 7 10103 16 2.000000000
1 42 7 10104 16 2.000000000
1 43 7 10105 16 2.000000000
1 44 7 10106 16 2.000000000
1 45 7 10107 16 2.000000000
1 46 7 10108 16 2.000000000
1 47 7 10109 16 2.000000000
1 48 7 10110 16 2.000000000
1 49 7 10111 16 2.000000000
1 50 7 10112 16 2.000000000
1 51 7 10113 16 2.000000000
1 52 7 10114 16 2.000000000
1 53 7 10115 16 2.000000000
1 54 7 10116 16 2.000000000
1 55 7 10117 16 2.000000000
1 56 7 10118 16 2.000000000
1 57 7 10119 16 2.000000000
1 58 7 10120 16 2.000000000
1 59 7 10121 16 2.000000000
1 60 7 10122 16 2.000000000
1 61 7 10123 16 2.000000000
1 62 7 10124 16 2.000000000
1 63 7 10125 16 2.000000000
2 0 7 10126 16 2.000000000
2 1 7 10127 16 2.000000000
2 3 7 10128 16 2.000000000
2 4 7 10129 16 2.000000000
2 5 7 10130 16 2.000000000
2 6 7 10131 16 2.000000000
2 7 7 10132 16 2.000000000
2 8 7 10133 16 2.000000000
2 9 7 10134 16 2.000000000
2 10 7 10135 16 2.000000000
2 11 7 10136 16 2.000000000
2 12 7 10137 16 2.000000000
2 13 7 10138 16 2.000000000
2 14 7 10139 16 2.000000000
2 15 7 10140 16 2.000000000
2 16 7 10141 16 2.000000000
2 17 7 10142 16 2.000000000
2 18 7 10143 16 2.000000000
2 19 7 10144 16 2.000000000
2 20 7 10145 16 2.000000000
2 21 7 10146 16 2.000000000
2 22 7 10147 16 2.000000000
2 23 7 10148 16 2.000000000
2 24 7 10149 16 2.000000000
2 25 7 10150 16 2.000000000
2 26 7 10151 16 2.000000000
2 27 7 10152 16 2.000000000
2 28 7 10153 16 2.000000000
2 29 7 10154 16 2.000000000
2 30 7 10155 16 2.000000000
2 31 7 10156 16 2.000000000
2 32 7 10157 16 2.000000000
2 33 7 10158 16 2.000000000
2 34 7 10159 16 2.000000000
2 35 7 10160 16 2.000000000
2 36 7 10161 16 2.000000000
2 37 7 10162 16 2.000000000
2 38 7 10163 16 2.000000000
2 39 7 10164 16 2.000000000
2 40 7 10165 16 2.000000000
2 41 7 10166 16 2.000000000
2 42 7 10167 16 2.000000000
2 43 7 10168 16 2.000000000
2 44 7 10169 16 2.000000000
2 45 7 10170 16 2.000000000
2 46 7 10171 16 2.000000000
2 47 7 10172 16 2.000000000
2 48 7 10173 16 2.000000000
2 49 7 10174 16 2.000000000
2 50 7 10175 16 2.000000000
2 51 7 10176 16 2.000000000
2 52 7 10177 16 2.000000000
2 53 7 10178 16 2.000000000
2 54 7 10179 16 2.000000000
2 55 7 10180 16 2.000000000
2 56 7 10181 16 2.000000000
2 57 7 10182 16 2.000000000
2 58 7 10183 16 2.000000000
2 59 7 10184 16 2.000000000
2 60 7 10185 16 2.000000000
2 61 7 10186 16 2.000000000
2 62 7 10187 16 2.000000000
2 63 7 10188 16 2.000000000
3 0 7 10189 16 2.000000000
3 1 7 10190 16 2.000000000
3 2 7 10191 16 2.000000000
3 4 7 10192 16 2.000000000
3 5 7 10193 16 2.000000000
3 6 7 10194 16 2.000000000
3 7 7 10195 16 2.000000000
3 8 7 10196 16 2.000000000
3 9 7 10197 16 2.000000000
3 10 7 10198 16 2.000000000
3 11 7 10199 16 2.000000000
3 12 7 10200 16 2.000000000
3 13 7 10201 16 2.000000000
3 14 7 10202 16 2.000000000
3 15 7 10203 16 2.000000000
3 16 7 10204 16 2.000000000
3 17 7 10205 16 2.000000000
3 18 7 10206 16 2.000000000
3 19 7 10207 16 2.000000000
3 20 7 10208 16 2.000000000
3 21 7 10209 16 2.000000000
3 22 7 10210 16 2.000000000
3 23 7 10211 16 2.000000000
3 24 7 10212 16 2.000000000
3 25 7 10213 16 2.000000000
3 26 7 10214 16 2.000000000
3 27 7 10215 16 2.000000000
3 28 7 10216 16 2.000000000
3 29 7 10217 16 2.000000000
3 30 7 10218 16 2.000000000
3 31 7 10219 16 2.000000000
3 32 7 10220 16 2.000000000
3 33 7 10221 16 2.000000000
3 34 7 10222 16 2.000000000
3 35 7 10223 16 2.000000000
3 36 7 10224 16 2.000000000
3 37 7 10225 16 2.000000000
3 38 7 10226 16 2.000000000
3 39 7 10227 16 2.000000000
3 40 7 10228 16 2.000000000
3 41 7 10229 16 2.000000000
3 42 7 10230 16 2.000000000
3 43 7 10231 16 2.000000000
3 44 7 10232 16 2.000000000
3 45 7 10233 16 2.000000000
3 46 7 10234 16 2.000000000
3 47 7 10235 16 2.000000000
3 48 7 10236 16 2.000000000
3 49 7 10237 16 2.000000000
3 50 7 10238 16 2.000000000
3 51 7 10239 16 2.000000000
3 52 7 10240 16 2.000000000
3 53 7 10241 16 2.000000000
3 54 7 10242 16 2.000000000
3 55 7 10243 16 2.000000000
3 56 7 10244 16 2.000000000
3 57 7 10245 16 2.000000000
3 58 7 10246 16 2.000000000
3 59 7 10247 16 2.000000000
3 60 7 10248 16 2.000000000
3 61 7 10249 16 2.000000000
3 62 7 10250 16 2.000000000
3 63 7 10251 16 2.000000000
