252
0 1 7 10000 4 2.000000000
0 2 7 10001 4 2.000000000
0 3 7 10002 4 2.000000000
0 4 7 10003 4 2.000000000
0 5 7 10004 4 2.000000000
0 6 7 10005 4 2.000000000
0 7 7 10006 4 2.000000000
0 8 7 10007 4 2.000000000
0 9 7 10008 4 2.000000000
0 10 7 10009 4 2.000000000
0 11 7 10010 4 2.000000000
0 12 7 10011 4 2.000000000
0 13 7 10012 4 2.000000000
0 14 7 10013 4 2.000000000
0 15 7 10014 4 2.000000000
0 16 7 10015 4 2.000000000
0 17 7 10016 4 2.000000000
0 18 7 10017 4 2.000000000
0 19 7 10018 4 2.000000000
0 20 7 10019 4 2.000000000
0 21 7 10020 4 2.000000000
0 22 7 10021 4 2.000000000
0 23 7 10022 4 2.000000000
0 24 7 10023 4 2.000000000
0 25 7 10024 4 2.000000000
0 26 7 10025 4 2.000000000
0 27 7 10026 4 2.000000000
0 28 7 10027 4 2.000000000
0 29 7 10028 4 2.000000000
0 30 7 10029 4 2.000000000
0 31 7 10030 4 2.000000000
0 32 7 10031 4 2.000000000
0 33 7 10032 4 2.000000000
0 34 7 10033 4 2.000000000
0 35 7 10034 4 2.000000000
0 36 7 10035 4 2.000000000
0 37 7 10036 4 2.000000000
0 38 7 10037 4 2.000000000
0 39 7 10038 4 2.000000000
0 40 7 10039 4 2.000000000
0 41 7 10040 4 2.000000000
0 42 7 10041 4 2.000000000
0 43 7 10042 4 2.000000000
0 44 7 10043 4 2.000000000
0 45 7 10044 4 2.000000000
0 46 7 10045 4 2.000000000
0 47 7 10046 4 2.000000000
0 48 7 10047 4 2.000000000
0 49 7 10048 4 2.000000000
0 50 7 10049 4 2.000000000
0 51 7 10050 4 2.000000000
0 52 7 10051 4 2.000000000
0 53 7 10052 4 2.000000000
0 54 7 10053 4 2.000000000
0 55 7 10054 4 2.000000000
0 56 7 10055 4 2.000000000
0 57 7 10056 4 2.000000000
0 58 7 10057 4 2.000000000
0 59 7 10058 4 2.000000000
0 60 7 10059 4 2.000000000
0 61 7 10060 4 2.000000000
0 62 7 10061 4 2.000000000
0 63 7 10062 4 2.000000000
1 0 7 10063 4 2.000000000
1 2 7 10064 4 2.000000000
1 3 7 10065 4 2.000000000
1 4 7 10066 4 2.000000000
1 5 7 10067 4 2.000000000
1 6 7 10068 4 2.000000000
1 7 7 10069 4 2.000000000
1 8 7 10070 4 2.000000000
1 9 7 10071 4 2.000000000
1 10 7 10072 4 2.000000000
1 11 7 10073 4 2.000000000
1 12 7 10074 4 2.000000000
1 13 7 10075 4 2.000000000
1 14 7 10076 4 2.000000000
1 15 7 10077 4 2.000000000
1 16 7 10078 4 2.000000000
1 17 7 10079 4 2.000000000
1 18 7 10080 4 2.000000000
1 19 7 10081 4 2.000000000
1 20 7 10082 4 2.000000000
1 21 7 10083 4 2.000000000
1 22 7 10084 4 2.000000000
1 23 7 10085 4 2.000000000
1 24 7 10086 4 2.000000000
1 25 7 10087 4 2.000000000
1 26 7 10088 4 2.000000000
1 27 7 10089 4 2.000000000
1 28 7 10090 4 2.000000000
1 29 7 10091 4 2.000000000
1 30 7 10092 4 2.000000000
1 31 7 10093 4 2.000000000
1 32 7 10094 4 2.000000000
1 33 7 10095 4 2.000000000
1 34 7 10096 4 2.000000000
1 35 7 10097 4 2.000000000
1 36 7 10098 4 2.000000000
1 37 7 10099 4 2.000000000
1 38 7 10100 4 2.000000000
1 39 7 10101 4 2.000000000
1 40 7 10102 4 2.000000000
1 41 7 10103 4 2.000000000
1 42 7 10104 4 2.000000000
1 43 7 10105 4 2.000000000
1 44 7 10106 4 2.000000000
1 45 7 10107 4 2.000000000
1 46 7 10108 4 2.000000000
1 47 7 10109 4 2.000000000
1 48 7 10110 4 2.000000000
1 49 7 10111 4 2.000000000
1 50 7 10112 4 2.000000000
1 51 7 10113 4 2.000000000
1 52 7 10114 4 2.000000000
1 53 7 10115 4 2.000000000
1 54 7 10116 4 2.000000000
1 55 7 10117 4 2.000000000
1 56 7 10118 4 2.000000000
1 57 7 10119 4 2.000000000
1 58 7 10120 4 2.000000000
1 59 7 10121 4 2.000000000
1 60 7 10122 4 2.000000000
1 61 7 10123 4 2.000000000
1 62 7 10124 4 2.000000000
1 63 7 10125 4 2.000000000
2 0 7 10126 4 2.000000000
2 1 7 10127 4 2.000000000
2 3 7 10128 4 2.000000000
2 4 7 10129 4 2.000000000
2 5 7 10130 4 2.000000000
2 6 7 10131 4 2.000000000
2 7 7 10132 4 2.000000000
2 8 7 10133 4 2.000000000
2 9 7 10134 4 2.000000000
2 10 7 10135 4 2.000000000
2 11 7 10136 4 2.000000000
2 12 7 10137 4 2.000000000
2 13 7 10138 4 2.000000000
2 14 7 10139 4 2.000000000
2 15 7 10140 4 2.000000000
2 16 7 10141 4 2.000000000
2 17 7 10142 4 2.000000000
2 18 7 10143 4 2.000000000
2 19 7 10144 4 2.000000000
2 20 7 10145 4 2.000000000
2 21 7 10146 4 2.000000000
2 22 7 10147 4 2.000000000
2 23 7 10148 4 2.000000000
2 24 7 10149 4 2.000000000
2 25 7 10150 4 2.000000000
2 26 7 10151 4 2.000000000
2 27 7 10152 4 2.000000000
2 28 7 10153 4 2.000000000
2 29 7 10154 4 2.000000000
2 30 7 10155 4 2.000000000
2 31 7 10156 4 2.000000000
2 32 7 10157 4 2.000000000
2 33 7 10158 4 2.000000000
2 34 7 10159 4 2.000000000
2 35 7 10160 4 2.000000000
2 36 7 10161 4 2.000000000
2 37 7 10162 4 2.000000000
2 38 7 10163 4 2.000000000
2 39 7 10164 4 2.000000000
2 40 7 10165 4 2.000000000
2 41 7 10166 4 2.000000000
2 42 7 10167 4 2.000000000
2 43 7 10168 4 2.000000000
2 44 7 10169 4 2.000000000
2 45 7 10170 4 2.000000000
2 46 7 10171 4 2.000000000
2 47 7 10172 4 2.000000000
2 48 7 10173 4 2.000000000
2 49 7 10174 4 2.000000000
2 50 7 10175 4 2.000000000
2 51 7 10176 4 2.000000000
2 52 7 10177 4 2.000000000
2 53 7 10178 4 2.000000000
2 54 7 10179 4 2.000000000
2 55 7 10180 4 2.000000000
2 56 7 10181 4 2.000000000
2 57 7 10182 4 2.000000000
2 58 7 10183 4 2.000000000
2 59 7 10184 4 2.000000000
2 60 7 10185 4 2.000000000
2 61 7 10186 4 2.000000000
2 62 7 10187 4 2.000000000
2 63 7 10188 4 2.000000000
3 0 7 10189 4 2.000000000
3 1 7 10190 4 2.000000000
3 2 7 10191 4 2.000000000
3 4 7 10192 4 2.000000000
3 5 7 10193 4 2.000000000
3 6 7 10194 4 2.000000000
3 7 7 10195 4 2.000000000
3 8 7 10196 4 2.000000000
3 9 7 10197 4 2.000000000
3 10 7 10198 4 2.000000000
3 11 7 10199 4 2.000000000
3 12 7 10200 4 2.000000000
3 13 7 10201 4 2.000000000
3 14 7 10202 4 2.000000000
3 15 7 10203 4 2.000000000
3 16 7 10204 4 2.000000000
3 17 7 10205 4 2.000000000
3 18 7 10206 4 2.000000000
3 19 7 10207 4 2.000000000
3 20 7 10208 4 2.000000000
3 21 7 10209 4 2.000000000
3 22 7 10210 4 2.000000000
3 23 7 10211 4 2.000000000
3 24 7 10212 4 2.000000000
3 25 7 10213 4 2.000000000
3 26 7 10214 4 2.000000000
3 27 7 10215 4 2.000000000
3 28 7 10216 4 2.000000000
3 29 7 10217 4 2.000000000
3 30 7 10218 4 2.000000000
3 31 7 10219 4 2.000000000
3 32 7 10220 4 2.000000000
3 33 7 10221 4 2.000000000
3 34 7 10222 4 2.000000000
3 35 7 10223 4 2.000000000
3 36 7 10224 4 2.000000000
3 37 7 10225 4 2.000000000
3 38 7 10226 4 2.000000000
3 39 7 10227 4 2.000000000
3 40 7 10228 4 2.000000000
3 41 7 10229 4 2.000000000
3 42 7 10230 4 2.000000000
3 43 7 10231 4 2.000000000
3 44 7 10232 4 2.000000000
3 45 7 10233 4 2.000000000
3 46 7 10234 4 2.000000000
3 47 7 10235 4 2.000000000
3 48 7 10236 4 2.000000000
3 49 7 10237 4 2.000000000
3 50 7 10238 4 2.000000000
3 51 7 10239 4 2.000000000
3 52 7 10240 4 2.000000000
3 53 7 10241 4 2.000000000
3 54 7 10242 4 2.000000000
3 55 7 10243 4 2.000000000
3 56 7 10244 4 2.000000000
3 57 7 10245 4 2.000000000
3 58 7 10246 4 2.000000000
3 59 7 10247 4 2.000000000
3 60 7 10248 4 2.000000000
3 61 7 10249 4 2.000000000
3 62 7 10250 4 2.000000000
3 63 7 10251 4 2.000000000
