500
0 1024 7 10000 1048576 2.000000000
1 2055 7 10001 1048576 2.000000000
2 3086 7 10002 1048576 2.000000000
3 4117 7 10003 1048576 2.000000000
4 5148 7 10004 1048576 2.000000000
5 6147 7 10005 1048576 2.000000000
6 7178 7 10006 1048576 2.000000000
7 8209 7 10007 1048576 2.000000000
8 9240 7 10008 1048576 2.000000000
9 10271 7 10009 1048576 2.000000000
10 11270 7 10010 1048576 2.000000000
11 12301 7 10011 1048576 2.000000000
12 13332 7 10012 1048576 2.000000000
13 14363 7 10013 1048576 2.000000000
14 15362 7 10014 1048576 2.000000000
15 16393 7 10015 1048576 2.000000000
16 17424 7 10016 1048576 2.000000000
17 18455 7 10017 1048576 2.000000000
18 19486 7 10018 1048576 2.000000000
19 20485 7 10019 1048576 2.000000000
20 21516 7 10020 1048576 2.000000000
21 22547 7 10021 1048576 2.000000000
22 23578 7 10022 1048576 2.000000000
23 24577 7 10023 1048576 2.000000000
24 25608 7 10024 1048576 2.000000000
25 26639 7 10025 1048576 2.000000000
26 27670 7 10026 1048576 2.000000000
27 28701 7 10027 1048576 2.000000000
28 29700 7 10028 1048576 2.000000000
29 30731 7 10029 1048576 2.000000000
30 31762 7 10030 1048576 2.000000000
31 32793 7 10031 1048576 2.000000000
0 33792 7 10032 1048576 2.000000000
1 34823 7 10033 1048576 2.000000000
2 35854 7 10034 1048576 2.000000000
3 36885 7 10035 1048576 2.000000000
4 37916 7 10036 1048576 2.000000000
5 38915 7 10037 1048576 2.000000000
6 39946 7 10038 1048576 2.000000000
7 40977 7 10039 1048576 2.000000000
8 42008 7 10040 1048576 2.000000000
9 43039 7 10041 1048576 2.000000000
10 44038 7 10042 1048576 2.000000000
11 45069 7 10043 1048576 2.000000000
12 46100 7 10044 1048576 2.000000000
13 47131 7 10045 1048576 2.000000000
14 48130 7 10046 1048576 2.000000000
15 49161 7 10047 1048576 2.000000000
16 50192 7 10048 1048576 2.000000000
17 51223 7 10049 1048576 2.000000000
18 52254 7 10050 1048576 2.000000000
19 53253 7 10051 1048576 2.000000000
20 54284 7 10052 1048576 2.000000000
21 55315 7 10053 1048576 2.000000000
22 56346 7 10054 1048576 2.000000000
23 57345 7 10055 1048576 2.000000000
24 58376 7 10056 1048576 2.000000000
25 59407 7 10057 1048576 2.000000000
26 60438 7 10058 1048576 2.000000000
27 61469 7 10059 1048576 2.000000000
28 62468 7 10060 1048576 2.000000000
29 63499 7 10061 1048576 2.000000000
30 64530 7 10062 1048576 2.000000000
31 1081 7 10063 1048576 2.000000000
0 2080 7 10064 1048576 2.000000000
1 3111 7 10065 1048576 2.000000000
2 4142 7 10066 1048576 2.000000000
3 5173 7 10067 1048576 2.000000000
4 6204 7 10068 1048576 2.000000000
5 7203 7 10069 1048576 2.000000000
6 8234 7 10070 1048576 2.000000000
7 9265 7 10071 1048576 2.000000000
8 10296 7 10072 1048576 2.000000000
9 11327 7 10073 1048576 2.000000000
10 12326 7 10074 1048576 2.000000000
11 13357 7 10075 1048576 2.000000000
12 14388 7 10076 1048576 2.000000000
13 15419 7 10077 1048576 2.000000000
14 16418 7 10078 1048576 2.000000000
15 17449 7 10079 1048576 2.000000000
16 18480 7 10080 1048576 2.000000000
17 19511 7 10081 1048576 2.000000000
18 20542 7 10082 1048576 2.000000000
19 21541 7 10083 1048576 2.000000000
20 22572 7 10084 1048576 2.000000000
21 23603 7 10085 1048576 2.000000000
22 24634 7 10086 1048576 2.000000000
23 25633 7 10087 1048576 2.000000000
24 26664 7 10088 1048576 2.000000000
25 27695 7 10089 1048576 2.000000000
26 28726 7 10090 1048576 2.000000000
27 29757 7 10091 1048576 2.000000000
28 30756 7 10092 1048576 2.000000000
29 31787 7 10093 1048576 2.000000000
30 32818 7 10094 1048576 2.000000000
31 33849 7 10095 1048576 2.000000000
0 34848 7 10096 1048576 2.000000000
1 35879 7 10097 1048576 2.000000000
2 36910 7 10098 1048576 2.000000000
3 37941 7 10099 1048576 2.000000000
4 38972 7 10100 1048576 2.000000000
5 39971 7 10101 1048576 2.000000000
6 41002 7 10102 1048576 2.000000000
7 42033 7 10103 1048576 2.000000000
8 43064 7 10104 1048576 2.000000000
9 44095 7 10105 1048576 2.000000000
10 45094 7 10106 1048576 2.000000000
11 46125 7 10107 1048576 2.000000000
12 47156 7 10108 1048576 2.000000000
13 48187 7 10109 1048576 2.000000000
14 49186 7 10110 1048576 2.000000000
15 50217 7 10111 1048576 2.000000000
16 51248 7 10112 1048576 2.000000000
17 52279 7 10113 1048576 2.000000000
18 53310 7 10114 1048576 2.000000000
19 54309 7 10115 1048576 2.000000000
20 55340 7 10116 1048576 2.000000000
21 56371 7 10117 1048576 2.000000000
22 57402 7 10118 1048576 2.000000000
23 58401 7 10119 1048576 2.000000000
24 59432 7 10120 1048576 2.000000000
25 60463 7 10121 1048576 2.000000000
26 61494 7 10122 1048576 2.000000000
27 62525 7 10123 1048576 2.000000000
28 63524 7 10124 1048576 2.000000000
29 64555 7 10125 1048576 2.000000000
30 1106 7 10126 1048576 2.000000000
31 2137 7 10127 1048576 2.000000000
0 3136 7 10128 1048576 2.000000000
1 4167 7 10129 1048576 2.000000000
2 5198 7 10130 1048576 2.000000000
3 6229 7 10131 1048576 2.000000000
4 7260 7 10132 1048576 2.000000000
5 8259 7 10133 1048576 2.000000000
6 9290 7 10134 1048576 2.000000000
7 10321 7 10135 1048576 2.000000000
8 11352 7 10136 1048576 2.000000000
9 12383 7 10137 1048576 2.000000000
10 13382 7 10138 1048576 2.000000000
11 14413 7 10139 1048576 2.000000000
12 15444 7 10140 1048576 2.000000000
13 16475 7 10141 1048576 2.000000000
14 17474 7 10142 1048576 2.000000000
15 18505 7 10143 1048576 2.000000000
16 19536 7 10144 1048576 2.000000000
17 20567 7 10145 1048576 2.000000000
18 21598 7 10146 1048576 2.000000000
19 22597 7 10147 1048576 2.000000000
20 23628 7 10148 1048576 2.000000000
21 24659 7 10149 1048576 2.000000000
22 25690 7 10150 1048576 2.000000000
23 26689 7 10151 1048576 2.000000000
24 27720 7 10152 1048576 2.000000000
25 28751 7 10153 1048576 2.000000000
26 29782 7 10154 1048576 2.000000000
27 30813 7 10155 1048576 2.000000000
28 31812 7 10156 1048576 2.000000000
29 32843 7 10157 1048576 2.000000000
30 33874 7 10158 1048576 2.000000000
31 34905 7 10159 1048576 2.000000000
0 35904 7 10160 1048576 2.000000000
1 36935 7 10161 1048576 2.000000000
2 37966 7 10162 1048576 2.000000000
3 38997 7 10163 1048576 2.000000000
4 40028 7 10164 1048576 2.000000000
5 41027 7 10165 1048576 2.000000000
6 42058 7 10166 1048576 2.000000000
7 43089 7 10167 1048576 2.000000000
8 44120 7 10168 1048576 2.000000000
9 45151 7 10169 1048576 2.000000000
10 46150 7 10170 1048576 2.000000000
11 47181 7 10171 1048576 2.000000000
12 48212 7 10172 1048576 2.000000000
13 49243 7 10173 1048576 2.000000000
14 50242 7 10174 1048576 2.000000000
15 51273 7 10175 1048576 2.000000000
16 52304 7 10176 1048576 2.000000000
17 53335 7 10177 1048576 2.000000000
18 54366 7 10178 1048576 2.000000000
19 55365 7 10179 1048576 2.000000000
20 56396 7 10180 1048576 2.000000000
21 57427 7 10181 1048576 2.000000000
22 58458 7 10182 1048576 2.000000000
23 59457 7 10183 1048576 2.000000000
24 60488 7 10184 1048576 2.000000000
25 61519 7 10185 1048576 2.000000000
26 62550 7 10186 1048576 2.000000000
27 63581 7 10187 1048576 2.000000000
28 64580 7 10188 1048576 2.000000000
29 1131 7 10189 1048576 2.000000000
30 2162 7 10190 1048576 2.000000000
31 3193 7 10191 1048576 2.000000000
0 4192 7 10192 1048576 2.000000000
1 5223 7 10193 1048576 2.000000000
2 6254 7 10194 1048576 2.000000000
3 7285 7 10195 1048576 2.000000000
4 8316 7 10196 1048576 2.000000000
5 9315 7 10197 1048576 2.000000000
6 10346 7 10198 1048576 2.000000000
7 11377 7 10199 1048576 2.000000000
8 12408 7 10200 1048576 2.000000000
9 13439 7 10201 1048576 2.000000000
10 14438 7 10202 1048576 2.000000000
11 15469 7 10203 1048576 2.000000000
12 16500 7 10204 1048576 2.000000000
13 17531 7 10205 1048576 2.000000000
14 18530 7 10206 1048576 2.000000000
15 19561 7 10207 1048576 2.000000000
16 20592 7 10208 1048576 2.000000000
17 21623 7 10209 1048576 2.000000000
18 22654 7 10210 1048576 2.000000000
19 23653 7 10211 1048576 2.000000000
20 24684 7 10212 1048576 2.000000000
21 25715 7 10213 1048576 2.000000000
22 26746 7 10214 1048576 2.000000000
23 27745 7 10215 1048576 2.000000000
24 28776 7 10216 1048576 2.000000000
25 29807 7 10217 1048576 2.000000000
26 30838 7 10218 1048576 2.000000000
27 31869 7 10219 1048576 2.000000000
28 32868 7 10220 1048576 2.000000000
29 33899 7 10221 1048576 2.000000000
30 34930 7 10222 1048576 2.000000000
31 35961 7 10223 1048576 2.000000000
0 36960 7 10224 1048576 2.000000000
1 37991 7 10225 1048576 2.000000000
2 39022 7 10226 1048576 2.000000000
3 40053 7 10227 1048576 2.000000000
4 41084 7 10228 1048576 2.000000000
5 42083 7 10229 1048576 2.000000000
6 43114 7 10230 1048576 2.000000000
7 44145 7 10231 1048576 2.000000000
8 45176 7 10232 1048576 2.000000000
9 46207 7 10233 1048576 2.000000000
10 47206 7 10234 1048576 2.000000000
11 48237 7 10235 1048576 2.000000000
12 49268 7 10236 1048576 2.000000000
13 50299 7 10237 1048576 2.000000000
14 51298 7 10238 1048576 2.000000000
15 52329 7 10239 1048576 2.000000000
16 53360 7 10240 1048576 2.000000000
17 54391 7 10241 1048576 2.000000000
18 55422 7 10242 1048576 2.000000000
19 56421 7 10243 1048576 2.000000000
20 57452 7 10244 1048576 2.000000000
21 58483 7 10245 1048576 2.000000000
22 59514 7 10246 1048576 2.000000000
23 60513 7 10247 1048576 2.000000000
24 61544 7 10248 1048576 2.000000000
25 62575 7 10249 1048576 2.000000000
26 63606 7 10250 1048576 2.000000000
27 64637 7 10251 1048576 2.000000000
28 1156 7 10252 1048576 2.000000000
29 2187 7 10253 1048576 2.000000000
30 3218 7 10254 1048576 2.000000000
31 4249 7 10255 1048576 2.000000000
0 5248 7 10256 1048576 2.000000000
1 6279 7 10257 1048576 2.000000000
2 7310 7 10258 1048576 2.000000000
3 8341 7 10259 1048576 2.000000000
4 9372 7 10260 1048576 2.000000000
5 10371 7 10261 1048576 2.000000000
6 11402 7 10262 1048576 2.000000000
7 12433 7 10263 1048576 2.000000000
8 13464 7 10264 1048576 2.000000000
9 14495 7 10265 1048576 2.000000000
10 15494 7 10266 1048576 2.000000000
11 16525 7 10267 1048576 2.000000000
12 17556 7 10268 1048576 2.000000000
13 18587 7 10269 1048576 2.000000000
14 19586 7 10270 1048576 2.000000000
15 20617 7 10271 1048576 2.000000000
16 21648 7 10272 1048576 2.000000000
17 22679 7 10273 1048576 2.000000000
18 23710 7 10274 1048576 2.000000000
19 24709 7 10275 1048576 2.000000000
20 25740 7 10276 1048576 2.000000000
21 26771 7 10277 1048576 2.000000000
22 27802 7 10278 1048576 2.000000000
23 28801 7 10279 1048576 2.000000000
24 29832 7 10280 1048576 2.000000000
25 30863 7 10281 1048576 2.000000000
26 31894 7 10282 1048576 2.000000000
27 32925 7 10283 1048576 2.000000000
28 33924 7 10284 1048576 2.000000000
29 34955 7 10285 1048576 2.000000000
30 35986 7 10286 1048576 2.000000000
31 37017 7 10287 1048576 2.000000000
0 38016 7 10288 1048576 2.000000000
1 39047 7 10289 1048576 2.000000000
2 40078 7 10290 1048576 2.000000000
3 41109 7 10291 1048576 2.000000000
4 42140 7 10292 1048576 2.000000000
5 43139 7 10293 1048576 2.000000000
6 44170 7 10294 1048576 2.000000000
7 45201 7 10295 1048576 2.000000000
8 46232 7 10296 1048576 2.000000000
9 47263 7 10297 1048576 2.000000000
10 48262 7 10298 1048576 2.000000000
11 49293 7 10299 1048576 2.000000000
12 50324 7 10300 1048576 2.000000000
13 51355 7 10301 1048576 2.000000000
14 52354 7 10302 1048576 2.000000000
15 53385 7 10303 1048576 2.000000000
16 54416 7 10304 1048576 2.000000000
17 55447 7 10305 1048576 2.000000000
18 56478 7 10306 1048576 2.000000000
19 57477 7 10307 1048576 2.000000000
20 58508 7 10308 1048576 2.000000000
21 59539 7 10309 1048576 2.000000000
22 60570 7 10310 1048576 2.000000000
23 61569 7 10311 1048576 2.000000000
24 62600 7 10312 1048576 2.000000000
25 63631 7 10313 1048576 2.000000000
26 64662 7 10314 1048576 2.000000000
27 1213 7 10315 1048576 2.000000000
28 2212 7 10316 1048576 2.000000000
29 3243 7 10317 1048576 2.000000000
30 4274 7 10318 1048576 2.000000000
31 5305 7 10319 1048576 2.000000000
0 6304 7 10320 1048576 2.000000000
1 7335 7 10321 1048576 2.000000000
2 8366 7 10322 1048576 2.000000000
3 9397 7 10323 1048576 2.000000000
4 10428 7 10324 1048576 2.000000000
5 11427 7 10325 1048576 2.000000000
6 12458 7 10326 1048576 2.000000000
7 13489 7 10327 1048576 2.000000000
8 14520 7 10328 1048576 2.000000000
9 15551 7 10329 1048576 2.000000000
10 16550 7 10330 1048576 2.000000000
11 17581 7 10331 1048576 2.000000000
12 18612 7 10332 1048576 2.000000000
13 19643 7 10333 1048576 2.000000000
14 20642 7 10334 1048576 2.000000000
15 21673 7 10335 1048576 2.000000000
16 22704 7 10336 1048576 2.000000000
17 23735 7 10337 1048576 2.000000000
18 24766 7 10338 1048576 2.000000000
19 25765 7 10339 1048576 2.000000000
20 26796 7 10340 1048576 2.000000000
21 27827 7 10341 1048576 2.000000000
22 28858 7 10342 1048576 2.000000000
23 29857 7 10343 1048576 2.000000000
24 30888 7 10344 1048576 2.000000000
25 31919 7 10345 1048576 2.000000000
26 32950 7 10346 1048576 2.000000000
27 33981 7 10347 1048576 2.000000000
28 34980 7 10348 1048576 2.000000000
29 36011 7 10349 1048576 2.000000000
30 37042 7 10350 1048576 2.000000000
31 38073 7 10351 1048576 2.000000000
0 39072 7 10352 1048576 2.000000000
1 40103 7 10353 1048576 2.000000000
2 41134 7 10354 1048576 2.000000000
3 42165 7 10355 1048576 2.000000000
4 43196 7 10356 1048576 2.000000000
5 44195 7 10357 1048576 2.000000000
6 45226 7 10358 1048576 2.000000000
7 46257 7 10359 1048576 2.000000000
8 47288 7 10360 1048576 2.000000000
9 48319 7 10361 1048576 2.000000000
10 49318 7 10362 1048576 2.000000000
11 50349 7 10363 1048576 2.000000000
12 51380 7 10364 1048576 2.000000000
13 52411 7 10365 1048576 2.000000000
14 53410 7 10366 1048576 2.000000000
15 54441 7 10367 1048576 2.000000000
16 55472 7 10368 1048576 2.000000000
17 56503 7 10369 1048576 2.000000000
18 57534 7 10370 1048576 2.000000000
19 58533 7 10371 1048576 2.000000000
20 59564 7 10372 1048576 2.000000000
21 60595 7 10373 1048576 2.000000000
22 61626 7 10374 1048576 2.000000000
23 62625 7 10375 1048576 2.000000000
24 63656 7 10376 1048576 2.000000000
25 64687 7 10377 1048576 2.000000000
26 1238 7 10378 1048576 2.000000000
27 2269 7 10379 1048576 2.000000000
28 3268 7 10380 1048576 2.000000000
29 4299 7 10381 1048576 2.000000000
30 5330 7 10382 1048576 2.000000000
31 6361 7 10383 1048576 2.000000000
0 7360 7 10384 1048576 2.000000000
1 8391 7 10385 1048576 2.000000000
2 9422 7 10386 1048576 2.000000000
3 10453 7 10387 1048576 2.000000000
4 11484 7 10388 1048576 2.000000000
5 12483 7 10389 1048576 2.000000000
6 13514 7 10390 1048576 2.000000000
7 14545 7 10391 1048576 2.000000000
8 15576 7 10392 1048576 2.000000000
9 16607 7 10393 1048576 2.000000000
10 17606 7 10394 1048576 2.000000000
11 18637 7 10395 1048576 2.000000000
12 19668 7 10396 1048576 2.000000000
13 20699 7 10397 1048576 2.000000000
14 21698 7 10398 1048576 2.000000000
15 22729 7 10399 1048576 2.000000000
16 23760 7 10400 1048576 2.000000000
17 24791 7 10401 1048576 2.000000000
18 25822 7 10402 1048576 2.000000000
19 26821 7 10403 1048576 2.000000000
20 27852 7 10404 1048576 2.000000000
21 28883 7 10405 1048576 2.000000000
22 29914 7 10406 1048576 2.000000000
23 30913 7 10407 1048576 2.000000000
24 31944 7 10408 1048576 2.000000000
25 32975 7 10409 1048576 2.000000000
26 34006 7 10410 1048576 2.000000000
27 35037 7 10411 1048576 2.000000000
28 36036 7 10412 1048576 2.000000000
29 37067 7 10413 1048576 2.000000000
30 38098 7 10414 1048576 2.000000000
31 39129 7 10415 1048576 2.000000000
0 40128 7 10416 1048576 2.000000000
1 41159 7 10417 1048576 2.000000000
2 42190 7 10418 1048576 2.000000000
3 43221 7 10419 1048576 2.000000000
4 44252 7 10420 1048576 2.000000000
5 45251 7 10421 1048576 2.000000000
6 46282 7 10422 1048576 2.000000000
7 47313 7 10423 1048576 2.000000000
8 48344 7 10424 1048576 2.000000000
9 49375 7 10425 1048576 2.000000000
10 50374 7 10426 1048576 2.000000000
11 51405 7 10427 1048576 2.000000000
12 52436 7 10428 1048576 2.000000000
13 53467 7 10429 1048576 2.000000000
14 54466 7 10430 1048576 2.000000000
15 55497 7 10431 1048576 2.000000000
16 56528 7 10432 1048576 2.000000000
17 57559 7 10433 1048576 2.000000000
18 58590 7 10434 1048576 2.000000000
19 59589 7 10435 1048576 2.000000000
20 60620 7 10436 1048576 2.000000000
21 61651 7 10437 1048576 2.000000000
22 62682 7 10438 1048576 2.000000000
23 63681 7 10439 1048576 2.000000000
24 64712 7 10440 1048576 2.000000000
25 1263 7 10441 1048576 2.000000000
26 2294 7 10442 1048576 2.000000000
27 3325 7 10443 1048576 2.000000000
28 4324 7 10444 1048576 2.000000000
29 5355 7 10445 1048576 2.000000000
30 6386 7 10446 1048576 2.000000000
31 7417 7 10447 1048576 2.000000000
0 8416 7 10448 1048576 2.000000000
1 9447 7 10449 1048576 2.000000000
2 10478 7 10450 1048576 2.000000000
3 11509 7 10451 1048576 2.000000000
4 12540 7 10452 1048576 2.000000000
5 13539 7 10453 1048576 2.000000000
6 14570 7 10454 1048576 2.000000000
7 15601 7 10455 1048576 2.000000000
8 16632 7 10456 1048576 2.000000000
9 17663 7 10457 1048576 2.000000000
10 18662 7 10458 1048576 2.000000000
11 19693 7 10459 1048576 2.000000000
12 20724 7 10460 1048576 2.000000000
13 21755 7 10461 1048576 2.000000000
14 22754 7 10462 1048576 2.000000000
15 23785 7 10463 1048576 2.000000000
16 24816 7 10464 1048576 2.000000000
17 25847 7 10465 1048576 2.000000000
18 26878 7 10466 1048576 2.000000000
19 27877 7 10467 1048576 2.000000000
20 28908 7 10468 1048576 2.000000000
21 29939 7 10469 1048576 2.000000000
22 30970 7 10470 1048576 2.000000000
23 31969 7 10471 1048576 2.000000000
24 33000 7 10472 1048576 2.000000000
25 34031 7 10473 1048576 2.000000000
26 35062 7 10474 1048576 2.000000000
27 36093 7 10475 1048576 2.000000000
28 37092 7 10476 1048576 2.000000000
29 38123 7 10477 1048576 2.000000000
30 39154 7 10478 1048576 2.000000000
31 40185 7 10479 1048576 2.000000000
0 41184 7 10480 1048576 2.000000000
1 42215 7 10481 1048576 2.000000000
2 43246 7 10482 1048576 2.000000000
3 44277 7 10483 1048576 2.000000000
4 45308 7 10484 1048576 2.000000000
5 46307 7 10485 1048576 2.000000000
6 47338 7 10486 1048576 2.000000000
7 48369 7 10487 1048576 2.000000000
8 49400 7 10488 1048576 2.000000000
9 50431 7 10489 1048576 2.000000000
10 51430 7 10490 1048576 2.000000000
11 52461 7 10491 1048576 2.000000000
12 53492 7 10492 1048576 2.000000000
13 54523 7 10493 1048576 2.000000000
14 55522 7 10494 1048576 2.000000000
15 56553 7 10495 1048576 2.000000000
16 57584 7 10496 1048576 2.000000000
17 58615 7 10497 1048576 2.000000000
18 59646 7 10498 1048576 2.000000000
19 60645 7 10499 1048576 2.000000000
