2016
0 128 7 10000 32 2.000000000
1 129 7 10001 32 2.000000000
2 130 7 10002 32 2.000000000
3 131 7 10003 32 2.000000000
4 132 7 10004 32 2.000000000
5 133 7 10005 32 2.000000000
6 134 7 10006 32 2.000000000
7 135 7 10007 32 2.000000000
8 136 7 10008 32 2.000000000
9 137 7 10009 32 2.000000000
10 138 7 10010 32 2.000000000
11 139 7 10011 32 2.000000000
12 140 7 10012 32 2.000000000
13 141 7 10013 32 2.000000000
14 142 7 10014 32 2.000000000
15 143 7 10015 32 2.000000000
16 144 7 10016 32 2.000000000
17 145 7 10017 32 2.000000000
18 146 7 10018 32 2.000000000
19 147 7 10019 32 2.000000000
20 148 7 10020 32 2.000000000
21 149 7 10021 32 2.000000000
22 150 7 10022 32 2.000000000
23 151 7 10023 32 2.000000000
24 152 7 10024 32 2.000000000
25 153 7 10025 32 2.000000000
26 154 7 10026 32 2.000000000
27 155 7 10027 32 2.000000000
28 156 7 10028 32 2.000000000
29 157 7 10029 32 2.000000000
30 158 7 10030 32 2.000000000
31 159 7 10031 32 2.000000000
0 1024 7 10032 32 2.000000000
8 1032 7 10033 32 2.000000000
16 1040 7 10034 32 2.000000000
24 1048 7 10035 32 2.000000000
0 512 7 10036 32 2.000000000
8 520 7 10037 32 2.000000000
16 528 7 10038 32 2.000000000
24 536 7 10039 32 2.000000000
0 256 7 10040 32 2.000000000
8 264 7 10041 32 2.000000000
16 272 7 10042 32 2.000000000
24 280 7 10043 32 2.000000000
0 16 7 10044 32 2.000000000
16 0 7 10045 32 2.000000000
8 24 7 10046 32 2.000000000
24 8 7 10047 32 2.000000000
0 8 7 10048 32 2.000000000
8 0 7 10049 32 2.000000000
16 24 7 10050 32 2.000000000
24 16 7 10051 32 2.000000000
1 1025 7 10052 32 2.000000000
9 1033 7 10053 32 2.000000000
17 1041 7 10054 32 2.000000000
25 1049 7 10055 32 2.000000000
1 513 7 10056 32 2.000000000
9 521 7 10057 32 2.000000000
17 529 7 10058 32 2.000000000
25 537 7 10059 32 2.000000000
1 257 7 10060 32 2.000000000
9 265 7 10061 32 2.000000000
17 273 7 10062 32 2.000000000
25 281 7 10063 32 2.000000000
1 17 7 10064 32 2.000000000
17 1 7 10065 32 2.000000000
9 25 7 10066 32 2.000000000
25 9 7 10067 32 2.000000000
1 9 7 10068 32 2.000000000
9 1 7 10069 32 2.000000000
17 25 7 10070 32 2.000000000
25 17 7 10071 32 2.000000000
2 1026 7 10072 32 2.000000000
10 1034 7 10073 32 2.000000000
18 1042 7 10074 32 2.000000000
26 1050 7 10075 32 2.000000000
2 514 7 10076 32 2.000000000
10 522 7 10077 32 2.000000000
18 530 7 10078 32 2.000000000
26 538 7 10079 32 2.000000000
2 258 7 10080 32 2.000000000
10 266 7 10081 32 2.000000000
18 274 7 10082 32 2.000000000
26 282 7 10083 32 2.000000000
2 18 7 10084 32 2.000000000
18 2 7 10085 32 2.000000000
10 26 7 10086 32 2.000000000
26 10 7 10087 32 2.000000000
2 10 7 10088 32 2.000000000
10 2 7 10089 32 2.000000000
18 26 7 10090 32 2.000000000
26 18 7 10091 32 2.000000000
3 1027 7 10092 32 2.000000000
11 1035 7 10093 32 2.000000000
19 1043 7 10094 32 2.000000000
27 1051 7 10095 32 2.000000000
3 515 7 10096 32 2.000000000
11 523 7 10097 32 2.000000000
19 531 7 10098 32 2.000000000
27 539 7 10099 32 2.000000000
3 259 7 10100 32 2.000000000
11 267 7 10101 32 2.000000000
19 275 7 10102 32 2.000000000
27 283 7 10103 32 2.000000000
3 19 7 10104 32 2.000000000
19 3 7 10105 32 2.000000000
11 27 7 10106 32 2.000000000
27 11 7 10107 32 2.000000000
3 11 7 10108 32 2.000000000
11 3 7 10109 32 2.000000000
19 27 7 10110 32 2.000000000
27 19 7 10111 32 2.000000000
4 1028 7 10112 32 2.000000000
12 1036 7 10113 32 2.000000000
20 1044 7 10114 32 2.000000000
28 1052 7 10115 32 2.000000000
4 516 7 10116 32 2.000000000
12 524 7 10117 32 2.000000000
20 532 7 10118 32 2.000000000
28 540 7 10119 32 2.000000000
4 260 7 10120 32 2.000000000
12 268 7 10121 32 2.000000000
20 276 7 10122 32 2.000000000
28 284 7 10123 32 2.000000000
4 20 7 10124 32 2.000000000
20 4 7 10125 32 2.000000000
12 28 7 10126 32 2.000000000
28 12 7 10127 32 2.000000000
4 12 7 10128 32 2.000000000
12 4 7 10129 32 2.000000000
20 28 7 10130 32 2.000000000
28 20 7 10131 32 2.000000000
5 1029 7 10132 32 2.000000000
13 1037 7 10133 32 2.000000000
21 1045 7 10134 32 2.000000000
29 1053 7 10135 32 2.000000000
5 517 7 10136 32 2.000000000
13 525 7 10137 32 2.000000000
21 533 7 10138 32 2.000000000
29 541 7 10139 32 2.000000000
5 261 7 10140 32 2.000000000
13 269 7 10141 32 2.000000000
21 277 7 10142 32 2.000000000
29 285 7 10143 32 2.000000000
5 21 7 10144 32 2.000000000
21 5 7 10145 32 2.000000000
13 29 7 10146 32 2.000000000
29 13 7 10147 32 2.000000000
5 13 7 10148 32 2.000000000
13 5 7 10149 32 2.000000000
21 29 7 10150 32 2.000000000
29 21 7 10151 32 2.000000000
6 1030 7 10152 32 2.000000000
14 1038 7 10153 32 2.000000000
22 1046 7 10154 32 2.000000000
30 1054 7 10155 32 2.000000000
6 518 7 10156 32 2.000000000
14 526 7 10157 32 2.000000000
22 534 7 10158 32 2.000000000
30 542 7 10159 32 2.000000000
6 262 7 10160 32 2.000000000
14 270 7 10161 32 2.000000000
22 278 7 10162 32 2.000000000
30 286 7 10163 32 2.000000000
6 22 7 10164 32 2.000000000
22 6 7 10165 32 2.000000000
14 30 7 10166 32 2.000000000
30 14 7 10167 32 2.000000000
6 14 7 10168 32 2.000000000
14 6 7 10169 32 2.000000000
22 30 7 10170 32 2.000000000
30 22 7 10171 32 2.000000000
7 1031 7 10172 32 2.000000000
15 1039 7 10173 32 2.000000000
23 1047 7 10174 32 2.000000000
31 1055 7 10175 32 2.000000000
7 519 7 10176 32 2.000000000
15 527 7 10177 32 2.000000000
23 535 7 10178 32 2.000000000
31 543 7 10179 32 2.000000000
7 263 7 10180 32 2.000000000
15 271 7 10181 32 2.000000000
23 279 7 10182 32 2.000000000
31 287 7 10183 32 2.000000000
7 23 7 10184 32 2.000000000
23 7 7 10185 32 2.000000000
15 31 7 10186 32 2.000000000
31 15 7 10187 32 2.000000000
7 15 7 10188 32 2.000000000
15 7 7 10189 32 2.000000000
23 31 7 10190 32 2.000000000
31 23 7 10191 32 2.000000000
0 8 7 10192 32 2.000000000
0 9 7 10193 32 2.000000000
0 10 7 10194 32 2.000000000
0 11 7 10195 32 2.000000000
0 12 7 10196 32 2.000000000
0 13 7 10197 32 2.000000000
0 14 7 10198 32 2.000000000
0 15 7 10199 32 2.000000000
0 16 7 10200 32 2.000000000
0 17 7 10201 32 2.000000000
0 18 7 10202 32 2.000000000
0 19 7 10203 32 2.000000000
0 20 7 10204 32 2.000000000
0 21 7 10205 32 2.000000000
0 22 7 10206 32 2.000000000
0 23 7 10207 32 2.000000000
0 24 7 10208 32 2.000000000
0 25 7 10209 32 2.000000000
0 26 7 10210 32 2.000000000
0 27 7 10211 32 2.000000000
0 28 7 10212 32 2.000000000
0 29 7 10213 32 2.000000000
0 30 7 10214 32 2.000000000
0 31 7 10215 32 2.000000000
0 256 7 10216 32 2.000000000
0 257 7 10217 32 2.000000000
0 258 7 10218 32 2.000000000
0 259 7 10219 32 2.000000000
0 260 7 10220 32 2.000000000
0 261 7 10221 32 2.000000000
0 262 7 10222 32 2.000000000
0 263 7 10223 32 2.000000000
0 264 7 10224 32 2.000000000
0 265 7 10225 32 2.000000000
0 266 7 10226 32 2.000000000
0 267 7 10227 32 2.000000000
0 268 7 10228 32 2.000000000
0 269 7 10229 32 2.000000000
0 270 7 10230 32 2.000000000
0 271 7 10231 32 2.000000000
0 272 7 10232 32 2.000000000
0 273 7 10233 32 2.000000000
0 274 7 10234 32 2.000000000
0 275 7 10235 32 2.000000000
0 276 7 10236 32 2.000000000
0 277 7 10237 32 2.000000000
0 278 7 10238 32 2.000000000
0 279 7 10239 32 2.000000000
0 280 7 10240 32 2.000000000
0 281 7 10241 32 2.000000000
0 282 7 10242 32 2.000000000
0 283 7 10243 32 2.000000000
0 284 7 10244 32 2.000000000
0 285 7 10245 32 2.000000000
0 286 7 10246 32 2.000000000
0 287 7 10247 32 2.000000000
1 8 7 10248 32 2.000000000
1 9 7 10249 32 2.000000000
1 10 7 10250 32 2.000000000
1 11 7 10251 32 2.000000000
1 12 7 10252 32 2.000000000
1 13 7 10253 32 2.000000000
1 14 7 10254 32 2.000000000
1 15 7 10255 32 2.000000000
1 16 7 10256 32 2.000000000
1 17 7 10257 32 2.000000000
1 18 7 10258 32 2.000000000
1 19 7 10259 32 2.000000000
1 20 7 10260 32 2.000000000
1 21 7 10261 32 2.000000000
1 22 7 10262 32 2.000000000
1 23 7 10263 32 2.000000000
1 24 7 10264 32 2.000000000
1 25 7 10265 32 2.000000000
1 26 7 10266 32 2.000000000
1 27 7 10267 32 2.000000000
1 28 7 10268 32 2.000000000
1 29 7 10269 32 2.000000000
1 30 7 10270 32 2.000000000
1 31 7 10271 32 2.000000000
1 256 7 10272 32 2.000000000
1 257 7 10273 32 2.000000000
1 258 7 10274 32 2.000000000
1 259 7 10275 32 2.000000000
1 260 7 10276 32 2.000000000
1 261 7 10277 32 2.000000000
1 262 7 10278 32 2.000000000
1 263 7 10279 32 2.000000000
1 264 7 10280 32 2.000000000
1 265 7 10281 32 2.000000000
1 266 7 10282 32 2.000000000
1 267 7 10283 32 2.000000000
1 268 7 10284 32 2.000000000
1 269 7 10285 32 2.000000000
1 270 7 10286 32 2.000000000
1 271 7 10287 32 2.000000000
1 272 7 10288 32 2.000000000
1 273 7 10289 32 2.000000000
1 274 7 10290 32 2.000000000
1 275 7 10291 32 2.000000000
1 276 7 10292 32 2.000000000
1 277 7 10293 32 2.000000000
1 278 7 10294 32 2.000000000
1 279 7 10295 32 2.000000000
1 280 7 10296 32 2.000000000
1 281 7 10297 32 2.000000000
1 282 7 10298 32 2.000000000
1 283 7 10299 32 2.000000000
1 284 7 10300 32 2.000000000
1 285 7 10301 32 2.000000000
1 286 7 10302 32 2.000000000
1 287 7 10303 32 2.000000000
2 8 7 10304 32 2.000000000
2 9 7 10305 32 2.000000000
2 10 7 10306 32 2.000000000
2 11 7 10307 32 2.000000000
2 12 7 10308 32 2.000000000
2 13 7 10309 32 2.000000000
2 14 7 10310 32 2.000000000
2 15 7 10311 32 2.000000000
2 16 7 10312 32 2.000000000
2 17 7 10313 32 2.000000000
2 18 7 10314 32 2.000000000
2 19 7 10315 32 2.000000000
2 20 7 10316 32 2.000000000
2 21 7 10317 32 2.000000000
2 22 7 10318 32 2.000000000
2 23 7 10319 32 2.000000000
2 24 7 10320 32 2.000000000
2 25 7 10321 32 2.000000000
2 26 7 10322 32 2.000000000
2 27 7 10323 32 2.000000000
2 28 7 10324 32 2.000000000
2 29 7 10325 32 2.000000000
2 30 7 10326 32 2.000000000
2 31 7 10327 32 2.000000000
2 256 7 10328 32 2.000000000
2 257 7 10329 32 2.000000000
2 258 7 10330 32 2.000000000
2 259 7 10331 32 2.000000000
2 260 7 10332 32 2.000000000
2 261 7 10333 32 2.000000000
2 262 7 10334 32 2.000000000
2 263 7 10335 32 2.000000000
2 264 7 10336 32 2.000000000
2 265 7 10337 32 2.000000000
2 266 7 10338 32 2.000000000
2 267 7 10339 32 2.000000000
2 268 7 10340 32 2.000000000
2 269 7 10341 32 2.000000000
2 270 7 10342 32 2.000000000
2 271 7 10343 32 2.000000000
2 272 7 10344 32 2.000000000
2 273 7 10345 32 2.000000000
2 274 7 10346 32 2.000000000
2 275 7 10347 32 2.000000000
2 276 7 10348 32 2.000000000
2 277 7 10349 32 2.000000000
2 278 7 10350 32 2.000000000
2 279 7 10351 32 2.000000000
2 280 7 10352 32 2.000000000
2 281 7 10353 32 2.000000000
2 282 7 10354 32 2.000000000
2 283 7 10355 32 2.000000000
2 284 7 10356 32 2.000000000
2 285 7 10357 32 2.000000000
2 286 7 10358 32 2.000000000
2 287 7 10359 32 2.000000000
3 8 7 10360 32 2.000000000
3 9 7 10361 32 2.000000000
3 10 7 10362 32 2.000000000
3 11 7 10363 32 2.000000000
3 12 7 10364 32 2.000000000
3 13 7 10365 32 2.000000000
3 14 7 10366 32 2.000000000
3 15 7 10367 32 2.000000000
3 16 7 10368 32 2.000000000
3 17 7 10369 32 2.000000000
3 18 7 10370 32 2.000000000
3 19 7 10371 32 2.000000000
3 20 7 10372 32 2.000000000
3 21 7 10373 32 2.000000000
3 22 7 10374 32 2.000000000
3 23 7 10375 32 2.000000000
3 24 7 10376 32 2.000000000
3 25 7 10377 32 2.000000000
3 26 7 10378 32 2.000000000
3 27 7 10379 32 2.000000000
3 28 7 10380 32 2.000000000
3 29 7 10381 32 2.000000000
3 30 7 10382 32 2.000000000
3 31 7 10383 32 2.000000000
3 256 7 10384 32 2.000000000
3 257 7 10385 32 2.000000000
3 258 7 10386 32 2.000000000
3 259 7 10387 32 2.000000000
3 260 7 10388 32 2.000000000
3 261 7 10389 32 2.000000000
3 262 7 10390 32 2.000000000
3 263 7 10391 32 2.000000000
3 264 7 10392 32 2.000000000
3 265 7 10393 32 2.000000000
3 266 7 10394 32 2.000000000
3 267 7 10395 32 2.000000000
3 268 7 10396 32 2.000000000
3 269 7 10397 32 2.000000000
3 270 7 10398 32 2.000000000
3 271 7 10399 32 2.000000000
3 272 7 10400 32 2.000000000
3 273 7 10401 32 2.000000000
3 274 7 10402 32 2.000000000
3 275 7 10403 32 2.000000000
3 276 7 10404 32 2.000000000
3 277 7 10405 32 2.000000000
3 278 7 10406 32 2.000000000
3 279 7 10407 32 2.000000000
3 280 7 10408 32 2.000000000
3 281 7 10409 32 2.000000000
3 282 7 10410 32 2.000000000
3 283 7 10411 32 2.000000000
3 284 7 10412 32 2.000000000
3 285 7 10413 32 2.000000000
3 286 7 10414 32 2.000000000
3 287 7 10415 32 2.000000000
4 8 7 10416 32 2.000000000
4 9 7 10417 32 2.000000000
4 10 7 10418 32 2.000000000
4 11 7 10419 32 2.000000000
4 12 7 10420 32 2.000000000
4 13 7 10421 32 2.000000000
4 14 7 10422 32 2.000000000
4 15 7 10423 32 2.000000000
4 16 7 10424 32 2.000000000
4 17 7 10425 32 2.000000000
4 18 7 10426 32 2.000000000
4 19 7 10427 32 2.000000000
4 20 7 10428 32 2.000000000
4 21 7 10429 32 2.000000000
4 22 7 10430 32 2.000000000
4 23 7 10431 32 2.000000000
4 24 7 10432 32 2.000000000
4 25 7 10433 32 2.000000000
4 26 7 10434 32 2.000000000
4 27 7 10435 32 2.000000000
4 28 7 10436 32 2.000000000
4 29 7 10437 32 2.000000000
4 30 7 10438 32 2.000000000
4 31 7 10439 32 2.000000000
4 256 7 10440 32 2.000000000
4 257 7 10441 32 2.000000000
4 258 7 10442 32 2.000000000
4 259 7 10443 32 2.000000000
4 260 7 10444 32 2.000000000
4 261 7 10445 32 2.000000000
4 262 7 10446 32 2.000000000
4 263 7 10447 32 2.000000000
4 264 7 10448 32 2.000000000
4 265 7 10449 32 2.000000000
4 266 7 10450 32 2.000000000
4 267 7 10451 32 2.000000000
4 268 7 10452 32 2.000000000
4 269 7 10453 32 2.000000000
4 270 7 10454 32 2.000000000
4 271 7 10455 32 2.000000000
4 272 7 10456 32 2.000000000
4 273 7 10457 32 2.000000000
4 274 7 10458 32 2.000000000
4 275 7 10459 32 2.000000000
4 276 7 10460 32 2.000000000
4 277 7 10461 32 2.000000000
4 278 7 10462 32 2.000000000
4 279 7 10463 32 2.000000000
4 280 7 10464 32 2.000000000
4 281 7 10465 32 2.000000000
4 282 7 10466 32 2.000000000
4 283 7 10467 32 2.000000000
4 284 7 10468 32 2.000000000
4 285 7 10469 32 2.000000000
4 286 7 10470 32 2.000000000
4 287 7 10471 32 2.000000000
5 8 7 10472 32 2.000000000
5 9 7 10473 32 2.000000000
5 10 7 10474 32 2.000000000
5 11 7 10475 32 2.000000000
5 12 7 10476 32 2.000000000
5 13 7 10477 32 2.000000000
5 14 7 10478 32 2.000000000
5 15 7 10479 32 2.000000000
5 16 7 10480 32 2.000000000
5 17 7 10481 32 2.000000000
5 18 7 10482 32 2.000000000
5 19 7 10483 32 2.000000000
5 20 7 10484 32 2.000000000
5 21 7 10485 32 2.000000000
5 22 7 10486 32 2.000000000
5 23 7 10487 32 2.000000000
5 24 7 10488 32 2.000000000
5 25 7 10489 32 2.000000000
5 26 7 10490 32 2.000000000
5 27 7 10491 32 2.000000000
5 28 7 10492 32 2.000000000
5 29 7 10493 32 2.000000000
5 30 7 10494 32 2.000000000
5 31 7 10495 32 2.000000000
5 256 7 10496 32 2.000000000
5 257 7 10497 32 2.000000000
5 258 7 10498 32 2.000000000
5 259 7 10499 32 2.000000000
5 260 7 10500 32 2.000000000
5 261 7 10501 32 2.000000000
5 262 7 10502 32 2.000000000
5 263 7 10503 32 2.000000000
5 264 7 10504 32 2.000000000
5 265 7 10505 32 2.000000000
5 266 7 10506 32 2.000000000
5 267 7 10507 32 2.000000000
5 268 7 10508 32 2.000000000
5 269 7 10509 32 2.000000000
5 270 7 10510 32 2.000000000
5 271 7 10511 32 2.000000000
5 272 7 10512 32 2.000000000
5 273 7 10513 32 2.000000000
5 274 7 10514 32 2.000000000
5 275 7 10515 32 2.000000000
5 276 7 10516 32 2.000000000
5 277 7 10517 32 2.000000000
5 278 7 10518 32 2.000000000
5 279 7 10519 32 2.000000000
5 280 7 10520 32 2.000000000
5 281 7 10521 32 2.000000000
5 282 7 10522 32 2.000000000
5 283 7 10523 32 2.000000000
5 284 7 10524 32 2.000000000
5 285 7 10525 32 2.000000000
5 286 7 10526 32 2.000000000
5 287 7 10527 32 2.000000000
6 8 7 10528 32 2.000000000
6 9 7 10529 32 2.000000000
6 10 7 10530 32 2.000000000
6 11 7 10531 32 2.000000000
6 12 7 10532 32 2.000000000
6 13 7 10533 32 2.000000000
6 14 7 10534 32 2.000000000
6 15 7 10535 32 2.000000000
6 16 7 10536 32 2.000000000
6 17 7 10537 32 2.000000000
6 18 7 10538 32 2.000000000
6 19 7 10539 32 2.000000000
6 20 7 10540 32 2.000000000
6 21 7 10541 32 2.000000000
6 22 7 10542 32 2.000000000
6 23 7 10543 32 2.000000000
6 24 7 10544 32 2.000000000
6 25 7 10545 32 2.000000000
6 26 7 10546 32 2.000000000
6 27 7 10547 32 2.000000000
6 28 7 10548 32 2.000000000
6 29 7 10549 32 2.000000000
6 30 7 10550 32 2.000000000
6 31 7 10551 32 2.000000000
6 256 7 10552 32 2.000000000
6 257 7 10553 32 2.000000000
6 258 7 10554 32 2.000000000
6 259 7 10555 32 2.000000000
6 260 7 10556 32 2.000000000
6 261 7 10557 32 2.000000000
6 262 7 10558 32 2.000000000
6 263 7 10559 32 2.000000000
6 264 7 10560 32 2.000000000
6 265 7 10561 32 2.000000000
6 266 7 10562 32 2.000000000
6 267 7 10563 32 2.000000000
6 268 7 10564 32 2.000000000
6 269 7 10565 32 2.000000000
6 270 7 10566 32 2.000000000
6 271 7 10567 32 2.000000000
6 272 7 10568 32 2.000000000
6 273 7 10569 32 2.000000000
6 274 7 10570 32 2.000000000
6 275 7 10571 32 2.000000000
6 276 7 10572 32 2.000000000
6 277 7 10573 32 2.000000000
6 278 7 10574 32 2.000000000
6 279 7 10575 32 2.000000000
6 280 7 10576 32 2.000000000
6 281 7 10577 32 2.000000000
6 282 7 10578 32 2.000000000
6 283 7 10579 32 2.000000000
6 284 7 10580 32 2.000000000
6 285 7 10581 32 2.000000000
6 286 7 10582 32 2.000000000
6 287 7 10583 32 2.000000000
7 8 7 10584 32 2.000000000
7 9 7 10585 32 2.000000000
7 10 7 10586 32 2.000000000
7 11 7 10587 32 2.000000000
7 12 7 10588 32 2.000000000
7 13 7 10589 32 2.000000000
7 14 7 10590 32 2.000000000
7 15 7 10591 32 2.000000000
7 16 7 10592 32 2.000000000
7 17 7 10593 32 2.000000000
7 18 7 10594 32 2.000000000
7 19 7 10595 32 2.000000000
7 20 7 10596 32 2.000000000
7 21 7 10597 32 2.000000000
7 22 7 10598 32 2.000000000
7 23 7 10599 32 2.000000000
7 24 7 10600 32 2.000000000
7 25 7 10601 32 2.000000000
7 26 7 10602 32 2.000000000
7 27 7 10603 32 2.000000000
7 28 7 10604 32 2.000000000
7 29 7 10605 32 2.000000000
7 30 7 10606 32 2.000000000
7 31 7 10607 32 2.000000000
7 256 7 10608 32 2.000000000
7 257 7 10609 32 2.000000000
7 258 7 10610 32 2.000000000
7 259 7 10611 32 2.000000000
7 260 7 10612 32 2.000000000
7 261 7 10613 32 2.000000000
7 262 7 10614 32 2.000000000
7 263 7 10615 32 2.000000000
7 264 7 10616 32 2.000000000
7 265 7 10617 32 2.000000000
7 266 7 10618 32 2.000000000
7 267 7 10619 32 2.000000000
7 268 7 10620 32 2.000000000
7 269 7 10621 32 2.000000000
7 270 7 10622 32 2.000000000
7 271 7 10623 32 2.000000000
7 272 7 10624 32 2.000000000
7 273 7 10625 32 2.000000000
7 274 7 10626 32 2.000000000
7 275 7 10627 32 2.000000000
7 276 7 10628 32 2.000000000
7 277 7 10629 32 2.000000000
7 278 7 10630 32 2.000000000
7 279 7 10631 32 2.000000000
7 280 7 10632 32 2.000000000
7 281 7 10633 32 2.000000000
7 282 7 10634 32 2.000000000
7 283 7 10635 32 2.000000000
7 284 7 10636 32 2.000000000
7 285 7 10637 32 2.000000000
7 286 7 10638 32 2.000000000
7 287 7 10639 32 2.000000000
8 0 7 10640 32 2.000000000
8 1 7 10641 32 2.000000000
8 2 7 10642 32 2.000000000
8 3 7 10643 32 2.000000000
8 4 7 10644 32 2.000000000
8 5 7 10645 32 2.000000000
8 6 7 10646 32 2.000000000
8 7 7 10647 32 2.000000000
8 16 7 10648 32 2.000000000
8 17 7 10649 32 2.000000000
8 18 7 10650 32 2.000000000
8 19 7 10651 32 2.000000000
8 20 7 10652 32 2.000000000
8 21 7 10653 32 2.000000000
8 22 7 10654 32 2.000000000
8 23 7 10655 32 2.000000000
8 24 7 10656 32 2.000000000
8 25 7 10657 32 2.000000000
8 26 7 10658 32 2.000000000
8 27 7 10659 32 2.000000000
8 28 7 10660 32 2.000000000
8 29 7 10661 32 2.000000000
8 30 7 10662 32 2.000000000
8 31 7 10663 32 2.000000000
8 256 7 10664 32 2.000000000
8 257 7 10665 32 2.000000000
8 258 7 10666 32 2.000000000
8 259 7 10667 32 2.000000000
8 260 7 10668 32 2.000000000
8 261 7 10669 32 2.000000000
8 262 7 10670 32 2.000000000
8 263 7 10671 32 2.000000000
8 264 7 10672 32 2.000000000
8 265 7 10673 32 2.000000000
8 266 7 10674 32 2.000000000
8 267 7 10675 32 2.000000000
8 268 7 10676 32 2.000000000
8 269 7 10677 32 2.000000000
8 270 7 10678 32 2.000000000
8 271 7 10679 32 2.000000000
8 272 7 10680 32 2.000000000
8 273 7 10681 32 2.000000000
8 274 7 10682 32 2.000000000
8 275 7 10683 32 2.000000000
8 276 7 10684 32 2.000000000
8 277 7 10685 32 2.000000000
8 278 7 10686 32 2.000000000
8 279 7 10687 32 2.000000000
8 280 7 10688 32 2.000000000
8 281 7 10689 32 2.000000000
8 282 7 10690 32 2.000000000
8 283 7 10691 32 2.000000000
8 284 7 10692 32 2.000000000
8 285 7 10693 32 2.000000000
8 286 7 10694 32 2.000000000
8 287 7 10695 32 2.000000000
9 0 7 10696 32 2.000000000
9 1 7 10697 32 2.000000000
9 2 7 10698 32 2.000000000
9 3 7 10699 32 2.000000000
9 4 7 10700 32 2.000000000
9 5 7 10701 32 2.000000000
9 6 7 10702 32 2.000000000
9 7 7 10703 32 2.000000000
9 16 7 10704 32 2.000000000
9 17 7 10705 32 2.000000000
9 18 7 10706 32 2.000000000
9 19 7 10707 32 2.000000000
9 20 7 10708 32 2.000000000
9 21 7 10709 32 2.000000000
9 22 7 10710 32 2.000000000
9 23 7 10711 32 2.000000000
9 24 7 10712 32 2.000000000
9 25 7 10713 32 2.000000000
9 26 7 10714 32 2.000000000
9 27 7 10715 32 2.000000000
9 28 7 10716 32 2.000000000
9 29 7 10717 32 2.000000000
9 30 7 10718 32 2.000000000
9 31 7 10719 32 2.000000000
9 256 7 10720 32 2.000000000
9 257 7 10721 32 2.000000000
9 258 7 10722 32 2.000000000
9 259 7 10723 32 2.000000000
9 260 7 10724 32 2.000000000
9 261 7 10725 32 2.000000000
9 262 7 10726 32 2.000000000
9 263 7 10727 32 2.000000000
9 264 7 10728 32 2.000000000
9 265 7 10729 32 2.000000000
9 266 7 10730 32 2.000000000
9 267 7 10731 32 2.000000000
9 268 7 10732 32 2.000000000
9 269 7 10733 32 2.000000000
9 270 7 10734 32 2.000000000
9 271 7 10735 32 2.000000000
9 272 7 10736 32 2.000000000
9 273 7 10737 32 2.000000000
9 274 7 10738 32 2.000000000
9 275 7 10739 32 2.000000000
9 276 7 10740 32 2.000000000
9 277 7 10741 32 2.000000000
9 278 7 10742 32 2.000000000
9 279 7 10743 32 2.000000000
9 280 7 10744 32 2.000000000
9 281 7 10745 32 2.000000000
9 282 7 10746 32 2.000000000
9 283 7 10747 32 2.000000000
9 284 7 10748 32 2.000000000
9 285 7 10749 32 2.000000000
9 286 7 10750 32 2.000000000
9 287 7 10751 32 2.000000000
10 0 7 10752 32 2.000000000
10 1 7 10753 32 2.000000000
10 2 7 10754 32 2.000000000
10 3 7 10755 32 2.000000000
10 4 7 10756 32 2.000000000
10 5 7 10757 32 2.000000000
10 6 7 10758 32 2.000000000
10 7 7 10759 32 2.000000000
10 16 7 10760 32 2.000000000
10 17 7 10761 32 2.000000000
10 18 7 10762 32 2.000000000
10 19 7 10763 32 2.000000000
10 20 7 10764 32 2.000000000
10 21 7 10765 32 2.000000000
10 22 7 10766 32 2.000000000
10 23 7 10767 32 2.000000000
10 24 7 10768 32 2.000000000
10 25 7 10769 32 2.000000000
10 26 7 10770 32 2.000000000
10 27 7 10771 32 2.000000000
10 28 7 10772 32 2.000000000
10 29 7 10773 32 2.000000000
10 30 7 10774 32 2.000000000
10 31 7 10775 32 2.000000000
10 256 7 10776 32 2.000000000
10 257 7 10777 32 2.000000000
10 258 7 10778 32 2.000000000
10 259 7 10779 32 2.000000000
10 260 7 10780 32 2.000000000
10 261 7 10781 32 2.000000000
10 262 7 10782 32 2.000000000
10 263 7 10783 32 2.000000000
10 264 7 10784 32 2.000000000
10 265 7 10785 32 2.000000000
10 266 7 10786 32 2.000000000
10 267 7 10787 32 2.000000000
10 268 7 10788 32 2.000000000
10 269 7 10789 32 2.000000000
10 270 7 10790 32 2.000000000
10 271 7 10791 32 2.000000000
10 272 7 10792 32 2.000000000
10 273 7 10793 32 2.000000000
10 274 7 10794 32 2.000000000
10 275 7 10795 32 2.000000000
10 276 7 10796 32 2.000000000
10 277 7 10797 32 2.000000000
10 278 7 10798 32 2.000000000
10 279 7 10799 32 2.000000000
10 280 7 10800 32 2.000000000
10 281 7 10801 32 2.000000000
10 282 7 10802 32 2.000000000
10 283 7 10803 32 2.000000000
10 284 7 10804 32 2.000000000
10 285 7 10805 32 2.000000000
10 286 7 10806 32 2.000000000
10 287 7 10807 32 2.000000000
11 0 7 10808 32 2.000000000
11 1 7 10809 32 2.000000000
11 2 7 10810 32 2.000000000
11 3 7 10811 32 2.000000000
11 4 7 10812 32 2.000000000
11 5 7 10813 32 2.000000000
11 6 7 10814 32 2.000000000
11 7 7 10815 32 2.000000000
11 16 7 10816 32 2.000000000
11 17 7 10817 32 2.000000000
11 18 7 10818 32 2.000000000
11 19 7 10819 32 2.000000000
11 20 7 10820 32 2.000000000
11 21 7 10821 32 2.000000000
11 22 7 10822 32 2.000000000
11 23 7 10823 32 2.000000000
11 24 7 10824 32 2.000000000
11 25 7 10825 32 2.000000000
11 26 7 10826 32 2.000000000
11 27 7 10827 32 2.000000000
11 28 7 10828 32 2.000000000
11 29 7 10829 32 2.000000000
11 30 7 10830 32 2.000000000
11 31 7 10831 32 2.000000000
11 256 7 10832 32 2.000000000
11 257 7 10833 32 2.000000000
11 258 7 10834 32 2.000000000
11 259 7 10835 32 2.000000000
11 260 7 10836 32 2.000000000
11 261 7 10837 32 2.000000000
11 262 7 10838 32 2.000000000
11 263 7 10839 32 2.000000000
11 264 7 10840 32 2.000000000
11 265 7 10841 32 2.000000000
11 266 7 10842 32 2.000000000
11 267 7 10843 32 2.000000000
11 268 7 10844 32 2.000000000
11 269 7 10845 32 2.000000000
11 270 7 10846 32 2.000000000
11 271 7 10847 32 2.000000000
11 272 7 10848 32 2.000000000
11 273 7 10849 32 2.000000000
11 274 7 10850 32 2.000000000
11 275 7 10851 32 2.000000000
11 276 7 10852 32 2.000000000
11 277 7 10853 32 2.000000000
11 278 7 10854 32 2.000000000
11 279 7 10855 32 2.000000000
11 280 7 10856 32 2.000000000
11 281 7 10857 32 2.000000000
11 282 7 10858 32 2.000000000
11 283 7 10859 32 2.000000000
11 284 7 10860 32 2.000000000
11 285 7 10861 32 2.000000000
11 286 7 10862 32 2.000000000
11 287 7 10863 32 2.000000000
12 0 7 10864 32 2.000000000
12 1 7 10865 32 2.000000000
12 2 7 10866 32 2.000000000
12 3 7 10867 32 2.000000000
12 4 7 10868 32 2.000000000
12 5 7 10869 32 2.000000000
12 6 7 10870 32 2.000000000
12 7 7 10871 32 2.000000000
12 16 7 10872 32 2.000000000
12 17 7 10873 32 2.000000000
12 18 7 10874 32 2.000000000
12 19 7 10875 32 2.000000000
12 20 7 10876 32 2.000000000
12 21 7 10877 32 2.000000000
12 22 7 10878 32 2.000000000
12 23 7 10879 32 2.000000000
12 24 7 10880 32 2.000000000
12 25 7 10881 32 2.000000000
12 26 7 10882 32 2.000000000
12 27 7 10883 32 2.000000000
12 28 7 10884 32 2.000000000
12 29 7 10885 32 2.000000000
12 30 7 10886 32 2.000000000
12 31 7 10887 32 2.000000000
12 256 7 10888 32 2.000000000
12 257 7 10889 32 2.000000000
12 258 7 10890 32 2.000000000
12 259 7 10891 32 2.000000000
12 260 7 10892 32 2.000000000
12 261 7 10893 32 2.000000000
12 262 7 10894 32 2.000000000
12 263 7 10895 32 2.000000000
12 264 7 10896 32 2.000000000
12 265 7 10897 32 2.000000000
12 266 7 10898 32 2.000000000
12 267 7 10899 32 2.000000000
12 268 7 10900 32 2.000000000
12 269 7 10901 32 2.000000000
12 270 7 10902 32 2.000000000
12 271 7 10903 32 2.000000000
12 272 7 10904 32 2.000000000
12 273 7 10905 32 2.000000000
12 274 7 10906 32 2.000000000
12 275 7 10907 32 2.000000000
12 276 7 10908 32 2.000000000
12 277 7 10909 32 2.000000000
12 278 7 10910 32 2.000000000
12 279 7 10911 32 2.000000000
12 280 7 10912 32 2.000000000
12 281 7 10913 32 2.000000000
12 282 7 10914 32 2.000000000
12 283 7 10915 32 2.000000000
12 284 7 10916 32 2.000000000
12 285 7 10917 32 2.000000000
12 286 7 10918 32 2.000000000
12 287 7 10919 32 2.000000000
13 0 7 10920 32 2.000000000
13 1 7 10921 32 2.000000000
13 2 7 10922 32 2.000000000
13 3 7 10923 32 2.000000000
13 4 7 10924 32 2.000000000
13 5 7 10925 32 2.000000000
13 6 7 10926 32 2.000000000
13 7 7 10927 32 2.000000000
13 16 7 10928 32 2.000000000
13 17 7 10929 32 2.000000000
13 18 7 10930 32 2.000000000
13 19 7 10931 32 2.000000000
13 20 7 10932 32 2.000000000
13 21 7 10933 32 2.000000000
13 22 7 10934 32 2.000000000
13 23 7 10935 32 2.000000000
13 24 7 10936 32 2.000000000
13 25 7 10937 32 2.000000000
13 26 7 10938 32 2.000000000
13 27 7 10939 32 2.000000000
13 28 7 10940 32 2.000000000
13 29 7 10941 32 2.000000000
13 30 7 10942 32 2.000000000
13 31 7 10943 32 2.000000000
13 256 7 10944 32 2.000000000
13 257 7 10945 32 2.000000000
13 258 7 10946 32 2.000000000
13 259 7 10947 32 2.000000000
13 260 7 10948 32 2.000000000
13 261 7 10949 32 2.000000000
13 262 7 10950 32 2.000000000
13 263 7 10951 32 2.000000000
13 264 7 10952 32 2.000000000
13 265 7 10953 32 2.000000000
13 266 7 10954 32 2.000000000
13 267 7 10955 32 2.000000000
13 268 7 10956 32 2.000000000
13 269 7 10957 32 2.000000000
13 270 7 10958 32 2.000000000
13 271 7 10959 32 2.000000000
13 272 7 10960 32 2.000000000
13 273 7 10961 32 2.000000000
13 274 7 10962 32 2.000000000
13 275 7 10963 32 2.000000000
13 276 7 10964 32 2.000000000
13 277 7 10965 32 2.000000000
13 278 7 10966 32 2.000000000
13 279 7 10967 32 2.000000000
13 280 7 10968 32 2.000000000
13 281 7 10969 32 2.000000000
13 282 7 10970 32 2.000000000
13 283 7 10971 32 2.000000000
13 284 7 10972 32 2.000000000
13 285 7 10973 32 2.000000000
13 286 7 10974 32 2.000000000
13 287 7 10975 32 2.000000000
14 0 7 10976 32 2.000000000
14 1 7 10977 32 2.000000000
14 2 7 10978 32 2.000000000
14 3 7 10979 32 2.000000000
14 4 7 10980 32 2.000000000
14 5 7 10981 32 2.000000000
14 6 7 10982 32 2.000000000
14 7 7 10983 32 2.000000000
14 16 7 10984 32 2.000000000
14 17 7 10985 32 2.000000000
14 18 7 10986 32 2.000000000
14 19 7 10987 32 2.000000000
14 20 7 10988 32 2.000000000
14 21 7 10989 32 2.000000000
14 22 7 10990 32 2.000000000
14 23 7 10991 32 2.000000000
14 24 7 10992 32 2.000000000
14 25 7 10993 32 2.000000000
14 26 7 10994 32 2.000000000
14 27 7 10995 32 2.000000000
14 28 7 10996 32 2.000000000
14 29 7 10997 32 2.000000000
14 30 7 10998 32 2.000000000
14 31 7 10999 32 2.000000000
14 256 7 11000 32 2.000000000
14 257 7 11001 32 2.000000000
14 258 7 11002 32 2.000000000
14 259 7 11003 32 2.000000000
14 260 7 11004 32 2.000000000
14 261 7 11005 32 2.000000000
14 262 7 11006 32 2.000000000
14 263 7 11007 32 2.000000000
14 264 7 11008 32 2.000000000
14 265 7 11009 32 2.000000000
14 266 7 11010 32 2.000000000
14 267 7 11011 32 2.000000000
14 268 7 11012 32 2.000000000
14 269 7 11013 32 2.000000000
14 270 7 11014 32 2.000000000
14 271 7 11015 32 2.000000000
14 272 7 11016 32 2.000000000
14 273 7 11017 32 2.000000000
14 274 7 11018 32 2.000000000
14 275 7 11019 32 2.000000000
14 276 7 11020 32 2.000000000
14 277 7 11021 32 2.000000000
14 278 7 11022 32 2.000000000
14 279 7 11023 32 2.000000000
14 280 7 11024 32 2.000000000
14 281 7 11025 32 2.000000000
14 282 7 11026 32 2.000000000
14 283 7 11027 32 2.000000000
14 284 7 11028 32 2.000000000
14 285 7 11029 32 2.000000000
14 286 7 11030 32 2.000000000
14 287 7 11031 32 2.000000000
15 0 7 11032 32 2.000000000
15 1 7 11033 32 2.000000000
15 2 7 11034 32 2.000000000
15 3 7 11035 32 2.000000000
15 4 7 11036 32 2.000000000
15 5 7 11037 32 2.000000000
15 6 7 11038 32 2.000000000
15 7 7 11039 32 2.000000000
15 16 7 11040 32 2.000000000
15 17 7 11041 32 2.000000000
15 18 7 11042 32 2.000000000
15 19 7 11043 32 2.000000000
15 20 7 11044 32 2.000000000
15 21 7 11045 32 2.000000000
15 22 7 11046 32 2.000000000
15 23 7 11047 32 2.000000000
15 24 7 11048 32 2.000000000
15 25 7 11049 32 2.000000000
15 26 7 11050 32 2.000000000
15 27 7 11051 32 2.000000000
15 28 7 11052 32 2.000000000
15 29 7 11053 32 2.000000000
15 30 7 11054 32 2.000000000
15 31 7 11055 32 2.000000000
15 256 7 11056 32 2.000000000
15 257 7 11057 32 2.000000000
15 258 7 11058 32 2.000000000
15 259 7 11059 32 2.000000000
15 260 7 11060 32 2.000000000
15 261 7 11061 32 2.000000000
15 262 7 11062 32 2.000000000
15 263 7 11063 32 2.000000000
15 264 7 11064 32 2.000000000
15 265 7 11065 32 2.000000000
15 266 7 11066 32 2.000000000
15 267 7 11067 32 2.000000000
15 268 7 11068 32 2.000000000
15 269 7 11069 32 2.000000000
15 270 7 11070 32 2.000000000
15 271 7 11071 32 2.000000000
15 272 7 11072 32 2.000000000
15 273 7 11073 32 2.000000000
15 274 7 11074 32 2.000000000
15 275 7 11075 32 2.000000000
15 276 7 11076 32 2.000000000
15 277 7 11077 32 2.000000000
15 278 7 11078 32 2.000000000
15 279 7 11079 32 2.000000000
15 280 7 11080 32 2.000000000
15 281 7 11081 32 2.000000000
15 282 7 11082 32 2.000000000
15 283 7 11083 32 2.000000000
15 284 7 11084 32 2.000000000
15 285 7 11085 32 2.000000000
15 286 7 11086 32 2.000000000
15 287 7 11087 32 2.000000000
16 0 7 11088 32 2.000000000
16 1 7 11089 32 2.000000000
16 2 7 11090 32 2.000000000
16 3 7 11091 32 2.000000000
16 4 7 11092 32 2.000000000
16 5 7 11093 32 2.000000000
16 6 7 11094 32 2.000000000
16 7 7 11095 32 2.000000000
16 8 7 11096 32 2.000000000
16 9 7 11097 32 2.000000000
16 10 7 11098 32 2.000000000
16 11 7 11099 32 2.000000000
16 12 7 11100 32 2.000000000
16 13 7 11101 32 2.000000000
16 14 7 11102 32 2.000000000
16 15 7 11103 32 2.000000000
16 24 7 11104 32 2.000000000
16 25 7 11105 32 2.000000000
16 26 7 11106 32 2.000000000
16 27 7 11107 32 2.000000000
16 28 7 11108 32 2.000000000
16 29 7 11109 32 2.000000000
16 30 7 11110 32 2.000000000
16 31 7 11111 32 2.000000000
16 256 7 11112 32 2.000000000
16 257 7 11113 32 2.000000000
16 258 7 11114 32 2.000000000
16 259 7 11115 32 2.000000000
16 260 7 11116 32 2.000000000
16 261 7 11117 32 2.000000000
16 262 7 11118 32 2.000000000
16 263 7 11119 32 2.000000000
16 264 7 11120 32 2.000000000
16 265 7 11121 32 2.000000000
16 266 7 11122 32 2.000000000
16 267 7 11123 32 2.000000000
16 268 7 11124 32 2.000000000
16 269 7 11125 32 2.000000000
16 270 7 11126 32 2.000000000
16 271 7 11127 32 2.000000000
16 272 7 11128 32 2.000000000
16 273 7 11129 32 2.000000000
16 274 7 11130 32 2.000000000
16 275 7 11131 32 2.000000000
16 276 7 11132 32 2.000000000
16 277 7 11133 32 2.000000000
16 278 7 11134 32 2.000000000
16 279 7 11135 32 2.000000000
16 280 7 11136 32 2.000000000
16 281 7 11137 32 2.000000000
16 282 7 11138 32 2.000000000
16 283 7 11139 32 2.000000000
16 284 7 11140 32 2.000000000
16 285 7 11141 32 2.000000000
16 286 7 11142 32 2.000000000
16 287 7 11143 32 2.000000000
17 0 7 11144 32 2.000000000
17 1 7 11145 32 2.000000000
17 2 7 11146 32 2.000000000
17 3 7 11147 32 2.000000000
17 4 7 11148 32 2.000000000
17 5 7 11149 32 2.000000000
17 6 7 11150 32 2.000000000
17 7 7 11151 32 2.000000000
17 8 7 11152 32 2.000000000
17 9 7 11153 32 2.000000000
17 10 7 11154 32 2.000000000
17 11 7 11155 32 2.000000000
17 12 7 11156 32 2.000000000
17 13 7 11157 32 2.000000000
17 14 7 11158 32 2.000000000
17 15 7 11159 32 2.000000000
17 24 7 11160 32 2.000000000
17 25 7 11161 32 2.000000000
17 26 7 11162 32 2.000000000
17 27 7 11163 32 2.000000000
17 28 7 11164 32 2.000000000
17 29 7 11165 32 2.000000000
17 30 7 11166 32 2.000000000
17 31 7 11167 32 2.000000000
17 256 7 11168 32 2.000000000
17 257 7 11169 32 2.000000000
17 258 7 11170 32 2.000000000
17 259 7 11171 32 2.000000000
17 260 7 11172 32 2.000000000
17 261 7 11173 32 2.000000000
17 262 7 11174 32 2.000000000
17 263 7 11175 32 2.000000000
17 264 7 11176 32 2.000000000
17 265 7 11177 32 2.000000000
17 266 7 11178 32 2.000000000
17 267 7 11179 32 2.000000000
17 268 7 11180 32 2.000000000
17 269 7 11181 32 2.000000000
17 270 7 11182 32 2.000000000
17 271 7 11183 32 2.000000000
17 272 7 11184 32 2.000000000
17 273 7 11185 32 2.000000000
17 274 7 11186 32 2.000000000
17 275 7 11187 32 2.000000000
17 276 7 11188 32 2.000000000
17 277 7 11189 32 2.000000000
17 278 7 11190 32 2.000000000
17 279 7 11191 32 2.000000000
17 280 7 11192 32 2.000000000
17 281 7 11193 32 2.000000000
17 282 7 11194 32 2.000000000
17 283 7 11195 32 2.000000000
17 284 7 11196 32 2.000000000
17 285 7 11197 32 2.000000000
17 286 7 11198 32 2.000000000
17 287 7 11199 32 2.000000000
18 0 7 11200 32 2.000000000
18 1 7 11201 32 2.000000000
18 2 7 11202 32 2.000000000
18 3 7 11203 32 2.000000000
18 4 7 11204 32 2.000000000
18 5 7 11205 32 2.000000000
18 6 7 11206 32 2.000000000
18 7 7 11207 32 2.000000000
18 8 7 11208 32 2.000000000
18 9 7 11209 32 2.000000000
18 10 7 11210 32 2.000000000
18 11 7 11211 32 2.000000000
18 12 7 11212 32 2.000000000
18 13 7 11213 32 2.000000000
18 14 7 11214 32 2.000000000
18 15 7 11215 32 2.000000000
18 24 7 11216 32 2.000000000
18 25 7 11217 32 2.000000000
18 26 7 11218 32 2.000000000
18 27 7 11219 32 2.000000000
18 28 7 11220 32 2.000000000
18 29 7 11221 32 2.000000000
18 30 7 11222 32 2.000000000
18 31 7 11223 32 2.000000000
18 256 7 11224 32 2.000000000
18 257 7 11225 32 2.000000000
18 258 7 11226 32 2.000000000
18 259 7 11227 32 2.000000000
18 260 7 11228 32 2.000000000
18 261 7 11229 32 2.000000000
18 262 7 11230 32 2.000000000
18 263 7 11231 32 2.000000000
18 264 7 11232 32 2.000000000
18 265 7 11233 32 2.000000000
18 266 7 11234 32 2.000000000
18 267 7 11235 32 2.000000000
18 268 7 11236 32 2.000000000
18 269 7 11237 32 2.000000000
18 270 7 11238 32 2.000000000
18 271 7 11239 32 2.000000000
18 272 7 11240 32 2.000000000
18 273 7 11241 32 2.000000000
18 274 7 11242 32 2.000000000
18 275 7 11243 32 2.000000000
18 276 7 11244 32 2.000000000
18 277 7 11245 32 2.000000000
18 278 7 11246 32 2.000000000
18 279 7 11247 32 2.000000000
18 280 7 11248 32 2.000000000
18 281 7 11249 32 2.000000000
18 282 7 11250 32 2.000000000
18 283 7 11251 32 2.000000000
18 284 7 11252 32 2.000000000
18 285 7 11253 32 2.000000000
18 286 7 11254 32 2.000000000
18 287 7 11255 32 2.000000000
19 0 7 11256 32 2.000000000
19 1 7 11257 32 2.000000000
19 2 7 11258 32 2.000000000
19 3 7 11259 32 2.000000000
19 4 7 11260 32 2.000000000
19 5 7 11261 32 2.000000000
19 6 7 11262 32 2.000000000
19 7 7 11263 32 2.000000000
19 8 7 11264 32 2.000000000
19 9 7 11265 32 2.000000000
19 10 7 11266 32 2.000000000
19 11 7 11267 32 2.000000000
19 12 7 11268 32 2.000000000
19 13 7 11269 32 2.000000000
19 14 7 11270 32 2.000000000
19 15 7 11271 32 2.000000000
19 24 7 11272 32 2.000000000
19 25 7 11273 32 2.000000000
19 26 7 11274 32 2.000000000
19 27 7 11275 32 2.000000000
19 28 7 11276 32 2.000000000
19 29 7 11277 32 2.000000000
19 30 7 11278 32 2.000000000
19 31 7 11279 32 2.000000000
19 256 7 11280 32 2.000000000
19 257 7 11281 32 2.000000000
19 258 7 11282 32 2.000000000
19 259 7 11283 32 2.000000000
19 260 7 11284 32 2.000000000
19 261 7 11285 32 2.000000000
19 262 7 11286 32 2.000000000
19 263 7 11287 32 2.000000000
19 264 7 11288 32 2.000000000
19 265 7 11289 32 2.000000000
19 266 7 11290 32 2.000000000
19 267 7 11291 32 2.000000000
19 268 7 11292 32 2.000000000
19 269 7 11293 32 2.000000000
19 270 7 11294 32 2.000000000
19 271 7 11295 32 2.000000000
19 272 7 11296 32 2.000000000
19 273 7 11297 32 2.000000000
19 274 7 11298 32 2.000000000
19 275 7 11299 32 2.000000000
19 276 7 11300 32 2.000000000
19 277 7 11301 32 2.000000000
19 278 7 11302 32 2.000000000
19 279 7 11303 32 2.000000000
19 280 7 11304 32 2.000000000
19 281 7 11305 32 2.000000000
19 282 7 11306 32 2.000000000
19 283 7 11307 32 2.000000000
19 284 7 11308 32 2.000000000
19 285 7 11309 32 2.000000000
19 286 7 11310 32 2.000000000
19 287 7 11311 32 2.000000000
20 0 7 11312 32 2.000000000
20 1 7 11313 32 2.000000000
20 2 7 11314 32 2.000000000
20 3 7 11315 32 2.000000000
20 4 7 11316 32 2.000000000
20 5 7 11317 32 2.000000000
20 6 7 11318 32 2.000000000
20 7 7 11319 32 2.000000000
20 8 7 11320 32 2.000000000
20 9 7 11321 32 2.000000000
20 10 7 11322 32 2.000000000
20 11 7 11323 32 2.000000000
20 12 7 11324 32 2.000000000
20 13 7 11325 32 2.000000000
20 14 7 11326 32 2.000000000
20 15 7 11327 32 2.000000000
20 24 7 11328 32 2.000000000
20 25 7 11329 32 2.000000000
20 26 7 11330 32 2.000000000
20 27 7 11331 32 2.000000000
20 28 7 11332 32 2.000000000
20 29 7 11333 32 2.000000000
20 30 7 11334 32 2.000000000
20 31 7 11335 32 2.000000000
20 256 7 11336 32 2.000000000
20 257 7 11337 32 2.000000000
20 258 7 11338 32 2.000000000
20 259 7 11339 32 2.000000000
20 260 7 11340 32 2.000000000
20 261 7 11341 32 2.000000000
20 262 7 11342 32 2.000000000
20 263 7 11343 32 2.000000000
20 264 7 11344 32 2.000000000
20 265 7 11345 32 2.000000000
20 266 7 11346 32 2.000000000
20 267 7 11347 32 2.000000000
20 268 7 11348 32 2.000000000
20 269 7 11349 32 2.000000000
20 270 7 11350 32 2.000000000
20 271 7 11351 32 2.000000000
20 272 7 11352 32 2.000000000
20 273 7 11353 32 2.000000000
20 274 7 11354 32 2.000000000
20 275 7 11355 32 2.000000000
20 276 7 11356 32 2.000000000
20 277 7 11357 32 2.000000000
20 278 7 11358 32 2.000000000
20 279 7 11359 32 2.000000000
20 280 7 11360 32 2.000000000
20 281 7 11361 32 2.000000000
20 282 7 11362 32 2.000000000
20 283 7 11363 32 2.000000000
20 284 7 11364 32 2.000000000
20 285 7 11365 32 2.000000000
20 286 7 11366 32 2.000000000
20 287 7 11367 32 2.000000000
21 0 7 11368 32 2.000000000
21 1 7 11369 32 2.000000000
21 2 7 11370 32 2.000000000
21 3 7 11371 32 2.000000000
21 4 7 11372 32 2.000000000
21 5 7 11373 32 2.000000000
21 6 7 11374 32 2.000000000
21 7 7 11375 32 2.000000000
21 8 7 11376 32 2.000000000
21 9 7 11377 32 2.000000000
21 10 7 11378 32 2.000000000
21 11 7 11379 32 2.000000000
21 12 7 11380 32 2.000000000
21 13 7 11381 32 2.000000000
21 14 7 11382 32 2.000000000
21 15 7 11383 32 2.000000000
21 24 7 11384 32 2.000000000
21 25 7 11385 32 2.000000000
21 26 7 11386 32 2.000000000
21 27 7 11387 32 2.000000000
21 28 7 11388 32 2.000000000
21 29 7 11389 32 2.000000000
21 30 7 11390 32 2.000000000
21 31 7 11391 32 2.000000000
21 256 7 11392 32 2.000000000
21 257 7 11393 32 2.000000000
21 258 7 11394 32 2.000000000
21 259 7 11395 32 2.000000000
21 260 7 11396 32 2.000000000
21 261 7 11397 32 2.000000000
21 262 7 11398 32 2.000000000
21 263 7 11399 32 2.000000000
21 264 7 11400 32 2.000000000
21 265 7 11401 32 2.000000000
21 266 7 11402 32 2.000000000
21 267 7 11403 32 2.000000000
21 268 7 11404 32 2.000000000
21 269 7 11405 32 2.000000000
21 270 7 11406 32 2.000000000
21 271 7 11407 32 2.000000000
21 272 7 11408 32 2.000000000
21 273 7 11409 32 2.000000000
21 274 7 11410 32 2.000000000
21 275 7 11411 32 2.000000000
21 276 7 11412 32 2.000000000
21 277 7 11413 32 2.000000000
21 278 7 11414 32 2.000000000
21 279 7 11415 32 2.000000000
21 280 7 11416 32 2.000000000
21 281 7 11417 32 2.000000000
21 282 7 11418 32 2.000000000
21 283 7 11419 32 2.000000000
21 284 7 11420 32 2.000000000
21 285 7 11421 32 2.000000000
21 286 7 11422 32 2.000000000
21 287 7 11423 32 2.000000000
22 0 7 11424 32 2.000000000
22 1 7 11425 32 2.000000000
22 2 7 11426 32 2.000000000
22 3 7 11427 32 2.000000000
22 4 7 11428 32 2.000000000
22 5 7 11429 32 2.000000000
22 6 7 11430 32 2.000000000
22 7 7 11431 32 2.000000000
22 8 7 11432 32 2.000000000
22 9 7 11433 32 2.000000000
22 10 7 11434 32 2.000000000
22 11 7 11435 32 2.000000000
22 12 7 11436 32 2.000000000
22 13 7 11437 32 2.000000000
22 14 7 11438 32 2.000000000
22 15 7 11439 32 2.000000000
22 24 7 11440 32 2.000000000
22 25 7 11441 32 2.000000000
22 26 7 11442 32 2.000000000
22 27 7 11443 32 2.000000000
22 28 7 11444 32 2.000000000
22 29 7 11445 32 2.000000000
22 30 7 11446 32 2.000000000
22 31 7 11447 32 2.000000000
22 256 7 11448 32 2.000000000
22 257 7 11449 32 2.000000000
22 258 7 11450 32 2.000000000
22 259 7 11451 32 2.000000000
22 260 7 11452 32 2.000000000
22 261 7 11453 32 2.000000000
22 262 7 11454 32 2.000000000
22 263 7 11455 32 2.000000000
22 264 7 11456 32 2.000000000
22 265 7 11457 32 2.000000000
22 266 7 11458 32 2.000000000
22 267 7 11459 32 2.000000000
22 268 7 11460 32 2.000000000
22 269 7 11461 32 2.000000000
22 270 7 11462 32 2.000000000
22 271 7 11463 32 2.000000000
22 272 7 11464 32 2.000000000
22 273 7 11465 32 2.000000000
22 274 7 11466 32 2.000000000
22 275 7 11467 32 2.000000000
22 276 7 11468 32 2.000000000
22 277 7 11469 32 2.000000000
22 278 7 11470 32 2.000000000
22 279 7 11471 32 2.000000000
22 280 7 11472 32 2.000000000
22 281 7 11473 32 2.000000000
22 282 7 11474 32 2.000000000
22 283 7 11475 32 2.000000000
22 284 7 11476 32 2.000000000
22 285 7 11477 32 2.000000000
22 286 7 11478 32 2.000000000
22 287 7 11479 32 2.000000000
23 0 7 11480 32 2.000000000
23 1 7 11481 32 2.000000000
23 2 7 11482 32 2.000000000
23 3 7 11483 32 2.000000000
23 4 7 11484 32 2.000000000
23 5 7 11485 32 2.000000000
23 6 7 11486 32 2.000000000
23 7 7 11487 32 2.000000000
23 8 7 11488 32 2.000000000
23 9 7 11489 32 2.000000000
23 10 7 11490 32 2.000000000
23 11 7 11491 32 2.000000000
23 12 7 11492 32 2.000000000
23 13 7 11493 32 2.000000000
23 14 7 11494 32 2.000000000
23 15 7 11495 32 2.000000000
23 24 7 11496 32 2.000000000
23 25 7 11497 32 2.000000000
23 26 7 11498 32 2.000000000
23 27 7 11499 32 2.000000000
23 28 7 11500 32 2.000000000
23 29 7 11501 32 2.000000000
23 30 7 11502 32 2.000000000
23 31 7 11503 32 2.000000000
23 256 7 11504 32 2.000000000
23 257 7 11505 32 2.000000000
23 258 7 11506 32 2.000000000
23 259 7 11507 32 2.000000000
23 260 7 11508 32 2.000000000
23 261 7 11509 32 2.000000000
23 262 7 11510 32 2.000000000
23 263 7 11511 32 2.000000000
23 264 7 11512 32 2.000000000
23 265 7 11513 32 2.000000000
23 266 7 11514 32 2.000000000
23 267 7 11515 32 2.000000000
23 268 7 11516 32 2.000000000
23 269 7 11517 32 2.000000000
23 270 7 11518 32 2.000000000
23 271 7 11519 32 2.000000000
23 272 7 11520 32 2.000000000
23 273 7 11521 32 2.000000000
23 274 7 11522 32 2.000000000
23 275 7 11523 32 2.000000000
23 276 7 11524 32 2.000000000
23 277 7 11525 32 2.000000000
23 278 7 11526 32 2.000000000
23 279 7 11527 32 2.000000000
23 280 7 11528 32 2.000000000
23 281 7 11529 32 2.000000000
23 282 7 11530 32 2.000000000
23 283 7 11531 32 2.000000000
23 284 7 11532 32 2.000000000
23 285 7 11533 32 2.000000000
23 286 7 11534 32 2.000000000
23 287 7 11535 32 2.000000000
24 0 7 11536 32 2.000000000
24 1 7 11537 32 2.000000000
24 2 7 11538 32 2.000000000
24 3 7 11539 32 2.000000000
24 4 7 11540 32 2.000000000
24 5 7 11541 32 2.000000000
24 6 7 11542 32 2.000000000
24 7 7 11543 32 2.000000000
24 8 7 11544 32 2.000000000
24 9 7 11545 32 2.000000000
24 10 7 11546 32 2.000000000
24 11 7 11547 32 2.000000000
24 12 7 11548 32 2.000000000
24 13 7 11549 32 2.000000000
24 14 7 11550 32 2.000000000
24 15 7 11551 32 2.000000000
24 16 7 11552 32 2.000000000
24 17 7 11553 32 2.000000000
24 18 7 11554 32 2.000000000
24 19 7 11555 32 2.000000000
24 20 7 11556 32 2.000000000
24 21 7 11557 32 2.000000000
24 22 7 11558 32 2.000000000
24 23 7 11559 32 2.000000000
24 256 7 11560 32 2.000000000
24 257 7 11561 32 2.000000000
24 258 7 11562 32 2.000000000
24 259 7 11563 32 2.000000000
24 260 7 11564 32 2.000000000
24 261 7 11565 32 2.000000000
24 262 7 11566 32 2.000000000
24 263 7 11567 32 2.000000000
24 264 7 11568 32 2.000000000
24 265 7 11569 32 2.000000000
24 266 7 11570 32 2.000000000
24 267 7 11571 32 2.000000000
24 268 7 11572 32 2.000000000
24 269 7 11573 32 2.000000000
24 270 7 11574 32 2.000000000
24 271 7 11575 32 2.000000000
24 272 7 11576 32 2.000000000
24 273 7 11577 32 2.000000000
24 274 7 11578 32 2.000000000
24 275 7 11579 32 2.000000000
24 276 7 11580 32 2.000000000
24 277 7 11581 32 2.000000000
24 278 7 11582 32 2.000000000
24 279 7 11583 32 2.000000000
24 280 7 11584 32 2.000000000
24 281 7 11585 32 2.000000000
24 282 7 11586 32 2.000000000
24 283 7 11587 32 2.000000000
24 284 7 11588 32 2.000000000
24 285 7 11589 32 2.000000000
24 286 7 11590 32 2.000000000
24 287 7 11591 32 2.000000000
25 0 7 11592 32 2.000000000
25 1 7 11593 32 2.000000000
25 2 7 11594 32 2.000000000
25 3 7 11595 32 2.000000000
25 4 7 11596 32 2.000000000
25 5 7 11597 32 2.000000000
25 6 7 11598 32 2.000000000
25 7 7 11599 32 2.000000000
25 8 7 11600 32 2.000000000
25 9 7 11601 32 2.000000000
25 10 7 11602 32 2.000000000
25 11 7 11603 32 2.000000000
25 12 7 11604 32 2.000000000
25 13 7 11605 32 2.000000000
25 14 7 11606 32 2.000000000
25 15 7 11607 32 2.000000000
25 16 7 11608 32 2.000000000
25 17 7 11609 32 2.000000000
25 18 7 11610 32 2.000000000
25 19 7 11611 32 2.000000000
25 20 7 11612 32 2.000000000
25 21 7 11613 32 2.000000000
25 22 7 11614 32 2.000000000
25 23 7 11615 32 2.000000000
25 256 7 11616 32 2.000000000
25 257 7 11617 32 2.000000000
25 258 7 11618 32 2.000000000
25 259 7 11619 32 2.000000000
25 260 7 11620 32 2.000000000
25 261 7 11621 32 2.000000000
25 262 7 11622 32 2.000000000
25 263 7 11623 32 2.000000000
25 264 7 11624 32 2.000000000
25 265 7 11625 32 2.000000000
25 266 7 11626 32 2.000000000
25 267 7 11627 32 2.000000000
25 268 7 11628 32 2.000000000
25 269 7 11629 32 2.000000000
25 270 7 11630 32 2.000000000
25 271 7 11631 32 2.000000000
25 272 7 11632 32 2.000000000
25 273 7 11633 32 2.000000000
25 274 7 11634 32 2.000000000
25 275 7 11635 32 2.000000000
25 276 7 11636 32 2.000000000
25 277 7 11637 32 2.000000000
25 278 7 11638 32 2.000000000
25 279 7 11639 32 2.000000000
25 280 7 11640 32 2.000000000
25 281 7 11641 32 2.000000000
25 282 7 11642 32 2.000000000
25 283 7 11643 32 2.000000000
25 284 7 11644 32 2.000000000
25 285 7 11645 32 2.000000000
25 286 7 11646 32 2.000000000
25 287 7 11647 32 2.000000000
26 0 7 11648 32 2.000000000
26 1 7 11649 32 2.000000000
26 2 7 11650 32 2.000000000
26 3 7 11651 32 2.000000000
26 4 7 11652 32 2.000000000
26 5 7 11653 32 2.000000000
26 6 7 11654 32 2.000000000
26 7 7 11655 32 2.000000000
26 8 7 11656 32 2.000000000
26 9 7 11657 32 2.000000000
26 10 7 11658 32 2.000000000
26 11 7 11659 32 2.000000000
26 12 7 11660 32 2.000000000
26 13 7 11661 32 2.000000000
26 14 7 11662 32 2.000000000
26 15 7 11663 32 2.000000000
26 16 7 11664 32 2.000000000
26 17 7 11665 32 2.000000000
26 18 7 11666 32 2.000000000
26 19 7 11667 32 2.000000000
26 20 7 11668 32 2.000000000
26 21 7 11669 32 2.000000000
26 22 7 11670 32 2.000000000
26 23 7 11671 32 2.000000000
26 256 7 11672 32 2.000000000
26 257 7 11673 32 2.000000000
26 258 7 11674 32 2.000000000
26 259 7 11675 32 2.000000000
26 260 7 11676 32 2.000000000
26 261 7 11677 32 2.000000000
26 262 7 11678 32 2.000000000
26 263 7 11679 32 2.000000000
26 264 7 11680 32 2.000000000
26 265 7 11681 32 2.000000000
26 266 7 11682 32 2.000000000
26 267 7 11683 32 2.000000000
26 268 7 11684 32 2.000000000
26 269 7 11685 32 2.000000000
26 270 7 11686 32 2.000000000
26 271 7 11687 32 2.000000000
26 272 7 11688 32 2.000000000
26 273 7 11689 32 2.000000000
26 274 7 11690 32 2.000000000
26 275 7 11691 32 2.000000000
26 276 7 11692 32 2.000000000
26 277 7 11693 32 2.000000000
26 278 7 11694 32 2.000000000
26 279 7 11695 32 2.000000000
26 280 7 11696 32 2.000000000
26 281 7 11697 32 2.000000000
26 282 7 11698 32 2.000000000
26 283 7 11699 32 2.000000000
26 284 7 11700 32 2.000000000
26 285 7 11701 32 2.000000000
26 286 7 11702 32 2.000000000
26 287 7 11703 32 2.000000000
27 0 7 11704 32 2.000000000
27 1 7 11705 32 2.000000000
27 2 7 11706 32 2.000000000
27 3 7 11707 32 2.000000000
27 4 7 11708 32 2.000000000
27 5 7 11709 32 2.000000000
27 6 7 11710 32 2.000000000
27 7 7 11711 32 2.000000000
27 8 7 11712 32 2.000000000
27 9 7 11713 32 2.000000000
27 10 7 11714 32 2.000000000
27 11 7 11715 32 2.000000000
27 12 7 11716 32 2.000000000
27 13 7 11717 32 2.000000000
27 14 7 11718 32 2.000000000
27 15 7 11719 32 2.000000000
27 16 7 11720 32 2.000000000
27 17 7 11721 32 2.000000000
27 18 7 11722 32 2.000000000
27 19 7 11723 32 2.000000000
27 20 7 11724 32 2.000000000
27 21 7 11725 32 2.000000000
27 22 7 11726 32 2.000000000
27 23 7 11727 32 2.000000000
27 256 7 11728 32 2.000000000
27 257 7 11729 32 2.000000000
27 258 7 11730 32 2.000000000
27 259 7 11731 32 2.000000000
27 260 7 11732 32 2.000000000
27 261 7 11733 32 2.000000000
27 262 7 11734 32 2.000000000
27 263 7 11735 32 2.000000000
27 264 7 11736 32 2.000000000
27 265 7 11737 32 2.000000000
27 266 7 11738 32 2.000000000
27 267 7 11739 32 2.000000000
27 268 7 11740 32 2.000000000
27 269 7 11741 32 2.000000000
27 270 7 11742 32 2.000000000
27 271 7 11743 32 2.000000000
27 272 7 11744 32 2.000000000
27 273 7 11745 32 2.000000000
27 274 7 11746 32 2.000000000
27 275 7 11747 32 2.000000000
27 276 7 11748 32 2.000000000
27 277 7 11749 32 2.000000000
27 278 7 11750 32 2.000000000
27 279 7 11751 32 2.000000000
27 280 7 11752 32 2.000000000
27 281 7 11753 32 2.000000000
27 282 7 11754 32 2.000000000
27 283 7 11755 32 2.000000000
27 284 7 11756 32 2.000000000
27 285 7 11757 32 2.000000000
27 286 7 11758 32 2.000000000
27 287 7 11759 32 2.000000000
28 0 7 11760 32 2.000000000
28 1 7 11761 32 2.000000000
28 2 7 11762 32 2.000000000
28 3 7 11763 32 2.000000000
28 4 7 11764 32 2.000000000
28 5 7 11765 32 2.000000000
28 6 7 11766 32 2.000000000
28 7 7 11767 32 2.000000000
28 8 7 11768 32 2.000000000
28 9 7 11769 32 2.000000000
28 10 7 11770 32 2.000000000
28 11 7 11771 32 2.000000000
28 12 7 11772 32 2.000000000
28 13 7 11773 32 2.000000000
28 14 7 11774 32 2.000000000
28 15 7 11775 32 2.000000000
28 16 7 11776 32 2.000000000
28 17 7 11777 32 2.000000000
28 18 7 11778 32 2.000000000
28 19 7 11779 32 2.000000000
28 20 7 11780 32 2.000000000
28 21 7 11781 32 2.000000000
28 22 7 11782 32 2.000000000
28 23 7 11783 32 2.000000000
28 256 7 11784 32 2.000000000
28 257 7 11785 32 2.000000000
28 258 7 11786 32 2.000000000
28 259 7 11787 32 2.000000000
28 260 7 11788 32 2.000000000
28 261 7 11789 32 2.000000000
28 262 7 11790 32 2.000000000
28 263 7 11791 32 2.000000000
28 264 7 11792 32 2.000000000
28 265 7 11793 32 2.000000000
28 266 7 11794 32 2.000000000
28 267 7 11795 32 2.000000000
28 268 7 11796 32 2.000000000
28 269 7 11797 32 2.000000000
28 270 7 11798 32 2.000000000
28 271 7 11799 32 2.000000000
28 272 7 11800 32 2.000000000
28 273 7 11801 32 2.000000000
28 274 7 11802 32 2.000000000
28 275 7 11803 32 2.000000000
28 276 7 11804 32 2.000000000
28 277 7 11805 32 2.000000000
28 278 7 11806 32 2.000000000
28 279 7 11807 32 2.000000000
28 280 7 11808 32 2.000000000
28 281 7 11809 32 2.000000000
28 282 7 11810 32 2.000000000
28 283 7 11811 32 2.000000000
28 284 7 11812 32 2.000000000
28 285 7 11813 32 2.000000000
28 286 7 11814 32 2.000000000
28 287 7 11815 32 2.000000000
29 0 7 11816 32 2.000000000
29 1 7 11817 32 2.000000000
29 2 7 11818 32 2.000000000
29 3 7 11819 32 2.000000000
29 4 7 11820 32 2.000000000
29 5 7 11821 32 2.000000000
29 6 7 11822 32 2.000000000
29 7 7 11823 32 2.000000000
29 8 7 11824 32 2.000000000
29 9 7 11825 32 2.000000000
29 10 7 11826 32 2.000000000
29 11 7 11827 32 2.000000000
29 12 7 11828 32 2.000000000
29 13 7 11829 32 2.000000000
29 14 7 11830 32 2.000000000
29 15 7 11831 32 2.000000000
29 16 7 11832 32 2.000000000
29 17 7 11833 32 2.000000000
29 18 7 11834 32 2.000000000
29 19 7 11835 32 2.000000000
29 20 7 11836 32 2.000000000
29 21 7 11837 32 2.000000000
29 22 7 11838 32 2.000000000
29 23 7 11839 32 2.000000000
29 256 7 11840 32 2.000000000
29 257 7 11841 32 2.000000000
29 258 7 11842 32 2.000000000
29 259 7 11843 32 2.000000000
29 260 7 11844 32 2.000000000
29 261 7 11845 32 2.000000000
29 262 7 11846 32 2.000000000
29 263 7 11847 32 2.000000000
29 264 7 11848 32 2.000000000
29 265 7 11849 32 2.000000000
29 266 7 11850 32 2.000000000
29 267 7 11851 32 2.000000000
29 268 7 11852 32 2.000000000
29 269 7 11853 32 2.000000000
29 270 7 11854 32 2.000000000
29 271 7 11855 32 2.000000000
29 272 7 11856 32 2.000000000
29 273 7 11857 32 2.000000000
29 274 7 11858 32 2.000000000
29 275 7 11859 32 2.000000000
29 276 7 11860 32 2.000000000
29 277 7 11861 32 2.000000000
29 278 7 11862 32 2.000000000
29 279 7 11863 32 2.000000000
29 280 7 11864 32 2.000000000
29 281 7 11865 32 2.000000000
29 282 7 11866 32 2.000000000
29 283 7 11867 32 2.000000000
29 284 7 11868 32 2.000000000
29 285 7 11869 32 2.000000000
29 286 7 11870 32 2.000000000
29 287 7 11871 32 2.000000000
30 0 7 11872 32 2.000000000
30 1 7 11873 32 2.000000000
30 2 7 11874 32 2.000000000
30 3 7 11875 32 2.000000000
30 4 7 11876 32 2.000000000
30 5 7 11877 32 2.000000000
30 6 7 11878 32 2.000000000
30 7 7 11879 32 2.000000000
30 8 7 11880 32 2.000000000
30 9 7 11881 32 2.000000000
30 10 7 11882 32 2.000000000
30 11 7 11883 32 2.000000000
30 12 7 11884 32 2.000000000
30 13 7 11885 32 2.000000000
30 14 7 11886 32 2.000000000
30 15 7 11887 32 2.000000000
30 16 7 11888 32 2.000000000
30 17 7 11889 32 2.000000000
30 18 7 11890 32 2.000000000
30 19 7 11891 32 2.000000000
30 20 7 11892 32 2.000000000
30 21 7 11893 32 2.000000000
30 22 7 11894 32 2.000000000
30 23 7 11895 32 2.000000000
30 256 7 11896 32 2.000000000
30 257 7 11897 32 2.000000000
30 258 7 11898 32 2.000000000
30 259 7 11899 32 2.000000000
30 260 7 11900 32 2.000000000
30 261 7 11901 32 2.000000000
30 262 7 11902 32 2.000000000
30 263 7 11903 32 2.000000000
30 264 7 11904 32 2.000000000
30 265 7 11905 32 2.000000000
30 266 7 11906 32 2.000000000
30 267 7 11907 32 2.000000000
30 268 7 11908 32 2.000000000
30 269 7 11909 32 2.000000000
30 270 7 11910 32 2.000000000
30 271 7 11911 32 2.000000000
30 272 7 11912 32 2.000000000
30 273 7 11913 32 2.000000000
30 274 7 11914 32 2.000000000
30 275 7 11915 32 2.000000000
30 276 7 11916 32 2.000000000
30 277 7 11917 32 2.000000000
30 278 7 11918 32 2.000000000
30 279 7 11919 32 2.000000000
30 280 7 11920 32 2.000000000
30 281 7 11921 32 2.000000000
30 282 7 11922 32 2.000000000
30 283 7 11923 32 2.000000000
30 284 7 11924 32 2.000000000
30 285 7 11925 32 2.000000000
30 286 7 11926 32 2.000000000
30 287 7 11927 32 2.000000000
31 0 7 11928 32 2.000000000
31 1 7 11929 32 2.000000000
31 2 7 11930 32 2.000000000
31 3 7 11931 32 2.000000000
31 4 7 11932 32 2.000000000
31 5 7 11933 32 2.000000000
31 6 7 11934 32 2.000000000
31 7 7 11935 32 2.000000000
31 8 7 11936 32 2.000000000
31 9 7 11937 32 2.000000000
31 10 7 11938 32 2.000000000
31 11 7 11939 32 2.000000000
31 12 7 11940 32 2.000000000
31 13 7 11941 32 2.000000000
31 14 7 11942 32 2.000000000
31 15 7 11943 32 2.000000000
31 16 7 11944 32 2.000000000
31 17 7 11945 32 2.000000000
31 18 7 11946 32 2.000000000
31 19 7 11947 32 2.000000000
31 20 7 11948 32 2.000000000
31 21 7 11949 32 2.000000000
31 22 7 11950 32 2.000000000
31 23 7 11951 32 2.000000000
31 256 7 11952 32 2.000000000
31 257 7 11953 32 2.000000000
31 258 7 11954 32 2.000000000
31 259 7 11955 32 2.000000000
31 260 7 11956 32 2.000000000
31 261 7 11957 32 2.000000000
31 262 7 11958 32 2.000000000
31 263 7 11959 32 2.000000000
31 264 7 11960 32 2.000000000
31 265 7 11961 32 2.000000000
31 266 7 11962 32 2.000000000
31 267 7 11963 32 2.000000000
31 268 7 11964 32 2.000000000
31 269 7 11965 32 2.000000000
31 270 7 11966 32 2.000000000
31 271 7 11967 32 2.000000000
31 272 7 11968 32 2.000000000
31 273 7 11969 32 2.000000000
31 274 7 11970 32 2.000000000
31 275 7 11971 32 2.000000000
31 276 7 11972 32 2.000000000
31 277 7 11973 32 2.000000000
31 278 7 11974 32 2.000000000
31 279 7 11975 32 2.000000000
31 280 7 11976 32 2.000000000
31 281 7 11977 32 2.000000000
31 282 7 11978 32 2.000000000
31 283 7 11979 32 2.000000000
31 284 7 11980 32 2.000000000
31 285 7 11981 32 2.000000000
31 286 7 11982 32 2.000000000
31 287 7 11983 32 2.000000000
0 512 7 11984 32 2.000000000
1 513 7 11985 32 2.000000000
2 514 7 11986 32 2.000000000
3 515 7 11987 32 2.000000000
4 516 7 11988 32 2.000000000
5 517 7 11989 32 2.000000000
6 518 7 11990 32 2.000000000
7 519 7 11991 32 2.000000000
8 520 7 11992 32 2.000000000
9 521 7 11993 32 2.000000000
10 522 7 11994 32 2.000000000
11 523 7 11995 32 2.000000000
12 524 7 11996 32 2.000000000
13 525 7 11997 32 2.000000000
14 526 7 11998 32 2.000000000
15 527 7 11999 32 2.000000000
16 528 7 12000 32 2.000000000
17 529 7 12001 32 2.000000000
18 530 7 12002 32 2.000000000
19 531 7 12003 32 2.000000000
20 532 7 12004 32 2.000000000
21 533 7 12005 32 2.000000000
22 534 7 12006 32 2.000000000
23 535 7 12007 32 2.000000000
24 536 7 12008 32 2.000000000
25 537 7 12009 32 2.000000000
26 538 7 12010 32 2.000000000
27 539 7 12011 32 2.000000000
28 540 7 12012 32 2.000000000
29 541 7 12013 32 2.000000000
30 542 7 12014 32 2.000000000
31 543 7 12015 32 2.000000000
