2016
0 128 7 10000 256 2.000000000
1 129 7 10001 256 2.000000000
2 130 7 10002 256 2.000000000
3 131 7 10003 256 2.000000000
4 132 7 10004 256 2.000000000
5 133 7 10005 256 2.000000000
6 134 7 10006 256 2.000000000
7 135 7 10007 256 2.000000000
8 136 7 10008 256 2.000000000
9 137 7 10009 256 2.000000000
10 138 7 10010 256 2.000000000
11 139 7 10011 256 2.000000000
12 140 7 10012 256 2.000000000
13 141 7 10013 256 2.000000000
14 142 7 10014 256 2.000000000
15 143 7 10015 256 2.000000000
16 144 7 10016 256 2.000000000
17 145 7 10017 256 2.000000000
18 146 7 10018 256 2.000000000
19 147 7 10019 256 2.000000000
20 148 7 10020 256 2.000000000
21 149 7 10021 256 2.000000000
22 150 7 10022 256 2.000000000
23 151 7 10023 256 2.000000000
24 152 7 10024 256 2.000000000
25 153 7 10025 256 2.000000000
26 154 7 10026 256 2.000000000
27 155 7 10027 256 2.000000000
28 156 7 10028 256 2.000000000
29 157 7 10029 256 2.000000000
30 158 7 10030 256 2.000000000
31 159 7 10031 256 2.000000000
0 1024 7 10032 256 2.000000000
8 1032 7 10033 256 2.000000000
16 1040 7 10034 256 2.000000000
24 1048 7 10035 256 2.000000000
0 512 7 10036 256 2.000000000
8 520 7 10037 256 2.000000000
16 528 7 10038 256 2.000000000
24 536 7 10039 256 2.000000000
0 256 7 10040 256 2.000000000
8 264 7 10041 256 2.000000000
16 272 7 10042 256 2.000000000
24 280 7 10043 256 2.000000000
0 16 7 10044 256 2.000000000
16 0 7 10045 256 2.000000000
8 24 7 10046 256 2.000000000
24 8 7 10047 256 2.000000000
0 8 7 10048 256 2.000000000
8 0 7 10049 256 2.000000000
16 24 7 10050 256 2.000000000
24 16 7 10051 256 2.000000000
1 1025 7 10052 256 2.000000000
9 1033 7 10053 256 2.000000000
17 1041 7 10054 256 2.000000000
25 1049 7 10055 256 2.000000000
1 513 7 10056 256 2.000000000
9 521 7 10057 256 2.000000000
17 529 7 10058 256 2.000000000
25 537 7 10059 256 2.000000000
1 257 7 10060 256 2.000000000
9 265 7 10061 256 2.000000000
17 273 7 10062 256 2.000000000
25 281 7 10063 256 2.000000000
1 17 7 10064 256 2.000000000
17 1 7 10065 256 2.000000000
9 25 7 10066 256 2.000000000
25 9 7 10067 256 2.000000000
1 9 7 10068 256 2.000000000
9 1 7 10069 256 2.000000000
17 25 7 10070 256 2.000000000
25 17 7 10071 256 2.000000000
2 1026 7 10072 256 2.000000000
10 1034 7 10073 256 2.000000000
18 1042 7 10074 256 2.000000000
26 1050 7 10075 256 2.000000000
2 514 7 10076 256 2.000000000
10 522 7 10077 256 2.000000000
18 530 7 10078 256 2.000000000
26 538 7 10079 256 2.000000000
2 258 7 10080 256 2.000000000
10 266 7 10081 256 2.000000000
18 274 7 10082 256 2.000000000
26 282 7 10083 256 2.000000000
2 18 7 10084 256 2.000000000
18 2 7 10085 256 2.000000000
10 26 7 10086 256 2.000000000
26 10 7 10087 256 2.000000000
2 10 7 10088 256 2.000000000
10 2 7 10089 256 2.000000000
18 26 7 10090 256 2.000000000
26 18 7 10091 256 2.000000000
3 1027 7 10092 256 2.000000000
11 1035 7 10093 256 2.000000000
19 1043 7 10094 256 2.000000000
27 1051 7 10095 256 2.000000000
3 515 7 10096 256 2.000000000
11 523 7 10097 256 2.000000000
19 531 7 10098 256 2.000000000
27 539 7 10099 256 2.000000000
3 259 7 10100 256 2.000000000
11 267 7 10101 256 2.000000000
19 275 7 10102 256 2.000000000
27 283 7 10103 256 2.000000000
3 19 7 10104 256 2.000000000
19 3 7 10105 256 2.000000000
11 27 7 10106 256 2.000000000
27 11 7 10107 256 2.000000000
3 11 7 10108 256 2.000000000
11 3 7 10109 256 2.000000000
19 27 7 10110 256 2.000000000
27 19 7 10111 256 2.000000000
4 1028 7 10112 256 2.000000000
12 1036 7 10113 256 2.000000000
20 1044 7 10114 256 2.000000000
28 1052 7 10115 256 2.000000000
4 516 7 10116 256 2.000000000
12 524 7 10117 256 2.000000000
20 532 7 10118 256 2.000000000
28 540 7 10119 256 2.000000000
4 260 7 10120 256 2.000000000
12 268 7 10121 256 2.000000000
20 276 7 10122 256 2.000000000
28 284 7 10123 256 2.000000000
4 20 7 10124 256 2.000000000
20 4 7 10125 256 2.000000000
12 28 7 10126 256 2.000000000
28 12 7 10127 256 2.000000000
4 12 7 10128 256 2.000000000
12 4 7 10129 256 2.000000000
20 28 7 10130 256 2.000000000
28 20 7 10131 256 2.000000000
5 1029 7 10132 256 2.000000000
13 1037 7 10133 256 2.000000000
21 1045 7 10134 256 2.000000000
29 1053 7 10135 256 2.000000000
5 517 7 10136 256 2.000000000
13 525 7 10137 256 2.000000000
21 533 7 10138 256 2.000000000
29 541 7 10139 256 2.000000000
5 261 7 10140 256 2.000000000
13 269 7 10141 256 2.000000000
21 277 7 10142 256 2.000000000
29 285 7 10143 256 2.000000000
5 21 7 10144 256 2.000000000
21 5 7 10145 256 2.000000000
13 29 7 10146 256 2.000000000
29 13 7 10147 256 2.000000000
5 13 7 10148 256 2.000000000
13 5 7 10149 256 2.000000000
21 29 7 10150 256 2.000000000
29 21 7 10151 256 2.000000000
6 1030 7 10152 256 2.000000000
14 1038 7 10153 256 2.000000000
22 1046 7 10154 256 2.000000000
30 1054 7 10155 256 2.000000000
6 518 7 10156 256 2.000000000
14 526 7 10157 256 2.000000000
22 534 7 10158 256 2.000000000
30 542 7 10159 256 2.000000000
6 262 7 10160 256 2.000000000
14 270 7 10161 256 2.000000000
22 278 7 10162 256 2.000000000
30 286 7 10163 256 2.000000000
6 22 7 10164 256 2.000000000
22 6 7 10165 256 2.000000000
14 30 7 10166 256 2.000000000
30 14 7 10167 256 2.000000000
6 14 7 10168 256 2.000000000
14 6 7 10169 256 2.000000000
22 30 7 10170 256 2.000000000
30 22 7 10171 256 2.000000000
7 1031 7 10172 256 2.000000000
15 1039 7 10173 256 2.000000000
23 1047 7 10174 256 2.000000000
31 1055 7 10175 256 2.000000000
7 519 7 10176 256 2.000000000
15 527 7 10177 256 2.000000000
23 535 7 10178 256 2.000000000
31 543 7 10179 256 2.000000000
7 263 7 10180 256 2.000000000
15 271 7 10181 256 2.000000000
23 279 7 10182 256 2.000000000
31 287 7 10183 256 2.000000000
7 23 7 10184 256 2.000000000
23 7 7 10185 256 2.000000000
15 31 7 10186 256 2.000000000
31 15 7 10187 256 2.000000000
7 15 7 10188 256 2.000000000
15 7 7 10189 256 2.000000000
23 31 7 10190 256 2.000000000
31 23 7 10191 256 2.000000000
0 8 7 10192 256 2.000000000
0 9 7 10193 256 2.000000000
0 10 7 10194 256 2.000000000
0 11 7 10195 256 2.000000000
0 12 7 10196 256 2.000000000
0 13 7 10197 256 2.000000000
0 14 7 10198 256 2.000000000
0 15 7 10199 256 2.000000000
0 16 7 10200 256 2.000000000
0 17 7 10201 256 2.000000000
0 18 7 10202 256 2.000000000
0 19 7 10203 256 2.000000000
0 20 7 10204 256 2.000000000
0 21 7 10205 256 2.000000000
0 22 7 10206 256 2.000000000
0 23 7 10207 256 2.000000000
0 24 7 10208 256 2.000000000
0 25 7 10209 256 2.000000000
0 26 7 10210 256 2.000000000
0 27 7 10211 256 2.000000000
0 28 7 10212 256 2.000000000
0 29 7 10213 256 2.000000000
0 30 7 10214 256 2.000000000
0 31 7 10215 256 2.000000000
0 256 7 10216 256 2.000000000
0 257 7 10217 256 2.000000000
0 258 7 10218 256 2.000000000
0 259 7 10219 256 2.000000000
0 260 7 10220 256 2.000000000
0 261 7 10221 256 2.000000000
0 262 7 10222 256 2.000000000
0 263 7 10223 256 2.000000000
0 264 7 10224 256 2.000000000
0 265 7 10225 256 2.000000000
0 266 7 10226 256 2.000000000
0 267 7 10227 256 2.000000000
0 268 7 10228 256 2.000000000
0 269 7 10229 256 2.000000000
0 270 7 10230 256 2.000000000
0 271 7 10231 256 2.000000000
0 272 7 10232 256 2.000000000
0 273 7 10233 256 2.000000000
0 274 7 10234 256 2.000000000
0 275 7 10235 256 2.000000000
0 276 7 10236 256 2.000000000
0 277 7 10237 256 2.000000000
0 278 7 10238 256 2.000000000
0 279 7 10239 256 2.000000000
0 280 7 10240 256 2.000000000
0 281 7 10241 256 2.000000000
0 282 7 10242 256 2.000000000
0 283 7 10243 256 2.000000000
0 284 7 10244 256 2.000000000
0 285 7 10245 256 2.000000000
0 286 7 10246 256 2.000000000
0 287 7 10247 256 2.000000000
1 8 7 10248 256 2.000000000
1 9 7 10249 256 2.000000000
1 10 7 10250 256 2.000000000
1 11 7 10251 256 2.000000000
1 12 7 10252 256 2.000000000
1 13 7 10253 256 2.000000000
1 14 7 10254 256 2.000000000
1 15 7 10255 256 2.000000000
1 16 7 10256 256 2.000000000
1 17 7 10257 256 2.000000000
1 18 7 10258 256 2.000000000
1 19 7 10259 256 2.000000000
1 20 7 10260 256 2.000000000
1 21 7 10261 256 2.000000000
1 22 7 10262 256 2.000000000
1 23 7 10263 256 2.000000000
1 24 7 10264 256 2.000000000
1 25 7 10265 256 2.000000000
1 26 7 10266 256 2.000000000
1 27 7 10267 256 2.000000000
1 28 7 10268 256 2.000000000
1 29 7 10269 256 2.000000000
1 30 7 10270 256 2.000000000
1 31 7 10271 256 2.000000000
1 256 7 10272 256 2.000000000
1 257 7 10273 256 2.000000000
1 258 7 10274 256 2.000000000
1 259 7 10275 256 2.000000000
1 260 7 10276 256 2.000000000
1 261 7 10277 256 2.000000000
1 262 7 10278 256 2.000000000
1 263 7 10279 256 2.000000000
1 264 7 10280 256 2.000000000
1 265 7 10281 256 2.000000000
1 266 7 10282 256 2.000000000
1 267 7 10283 256 2.000000000
1 268 7 10284 256 2.000000000
1 269 7 10285 256 2.000000000
1 270 7 10286 256 2.000000000
1 271 7 10287 256 2.000000000
1 272 7 10288 256 2.000000000
1 273 7 10289 256 2.000000000
1 274 7 10290 256 2.000000000
1 275 7 10291 256 2.000000000
1 276 7 10292 256 2.000000000
1 277 7 10293 256 2.000000000
1 278 7 10294 256 2.000000000
1 279 7 10295 256 2.000000000
1 280 7 10296 256 2.000000000
1 281 7 10297 256 2.000000000
1 282 7 10298 256 2.000000000
1 283 7 10299 256 2.000000000
1 284 7 10300 256 2.000000000
1 285 7 10301 256 2.000000000
1 286 7 10302 256 2.000000000
1 287 7 10303 256 2.000000000
2 8 7 10304 256 2.000000000
2 9 7 10305 256 2.000000000
2 10 7 10306 256 2.000000000
2 11 7 10307 256 2.000000000
2 12 7 10308 256 2.000000000
2 13 7 10309 256 2.000000000
2 14 7 10310 256 2.000000000
2 15 7 10311 256 2.000000000
2 16 7 10312 256 2.000000000
2 17 7 10313 256 2.000000000
2 18 7 10314 256 2.000000000
2 19 7 10315 256 2.000000000
2 20 7 10316 256 2.000000000
2 21 7 10317 256 2.000000000
2 22 7 10318 256 2.000000000
2 23 7 10319 256 2.000000000
2 24 7 10320 256 2.000000000
2 25 7 10321 256 2.000000000
2 26 7 10322 256 2.000000000
2 27 7 10323 256 2.000000000
2 28 7 10324 256 2.000000000
2 29 7 10325 256 2.000000000
2 30 7 10326 256 2.000000000
2 31 7 10327 256 2.000000000
2 256 7 10328 256 2.000000000
2 257 7 10329 256 2.000000000
2 258 7 10330 256 2.000000000
2 259 7 10331 256 2.000000000
2 260 7 10332 256 2.000000000
2 261 7 10333 256 2.000000000
2 262 7 10334 256 2.000000000
2 263 7 10335 256 2.000000000
2 264 7 10336 256 2.000000000
2 265 7 10337 256 2.000000000
2 266 7 10338 256 2.000000000
2 267 7 10339 256 2.000000000
2 268 7 10340 256 2.000000000
2 269 7 10341 256 2.000000000
2 270 7 10342 256 2.000000000
2 271 7 10343 256 2.000000000
2 272 7 10344 256 2.000000000
2 273 7 10345 256 2.000000000
2 274 7 10346 256 2.000000000
2 275 7 10347 256 2.000000000
2 276 7 10348 256 2.000000000
2 277 7 10349 256 2.000000000
2 278 7 10350 256 2.000000000
2 279 7 10351 256 2.000000000
2 280 7 10352 256 2.000000000
2 281 7 10353 256 2.000000000
2 282 7 10354 256 2.000000000
2 283 7 10355 256 2.000000000
2 284 7 10356 256 2.000000000
2 285 7 10357 256 2.000000000
2 286 7 10358 256 2.000000000
2 287 7 10359 256 2.000000000
3 8 7 10360 256 2.000000000
3 9 7 10361 256 2.000000000
3 10 7 10362 256 2.000000000
3 11 7 10363 256 2.000000000
3 12 7 10364 256 2.000000000
3 13 7 10365 256 2.000000000
3 14 7 10366 256 2.000000000
3 15 7 10367 256 2.000000000
3 16 7 10368 256 2.000000000
3 17 7 10369 256 2.000000000
3 18 7 10370 256 2.000000000
3 19 7 10371 256 2.000000000
3 20 7 10372 256 2.000000000
3 21 7 10373 256 2.000000000
3 22 7 10374 256 2.000000000
3 23 7 10375 256 2.000000000
3 24 7 10376 256 2.000000000
3 25 7 10377 256 2.000000000
3 26 7 10378 256 2.000000000
3 27 7 10379 256 2.000000000
3 28 7 10380 256 2.000000000
3 29 7 10381 256 2.000000000
3 30 7 10382 256 2.000000000
3 31 7 10383 256 2.000000000
3 256 7 10384 256 2.000000000
3 257 7 10385 256 2.000000000
3 258 7 10386 256 2.000000000
3 259 7 10387 256 2.000000000
3 260 7 10388 256 2.000000000
3 261 7 10389 256 2.000000000
3 262 7 10390 256 2.000000000
3 263 7 10391 256 2.000000000
3 264 7 10392 256 2.000000000
3 265 7 10393 256 2.000000000
3 266 7 10394 256 2.000000000
3 267 7 10395 256 2.000000000
3 268 7 10396 256 2.000000000
3 269 7 10397 256 2.000000000
3 270 7 10398 256 2.000000000
3 271 7 10399 256 2.000000000
3 272 7 10400 256 2.000000000
3 273 7 10401 256 2.000000000
3 274 7 10402 256 2.000000000
3 275 7 10403 256 2.000000000
3 276 7 10404 256 2.000000000
3 277 7 10405 256 2.000000000
3 278 7 10406 256 2.000000000
3 279 7 10407 256 2.000000000
3 280 7 10408 256 2.000000000
3 281 7 10409 256 2.000000000
3 282 7 10410 256 2.000000000
3 283 7 10411 256 2.000000000
3 284 7 10412 256 2.000000000
3 285 7 10413 256 2.000000000
3 286 7 10414 256 2.000000000
3 287 7 10415 256 2.000000000
4 8 7 10416 256 2.000000000
4 9 7 10417 256 2.000000000
4 10 7 10418 256 2.000000000
4 11 7 10419 256 2.000000000
4 12 7 10420 256 2.000000000
4 13 7 10421 256 2.000000000
4 14 7 10422 256 2.000000000
4 15 7 10423 256 2.000000000
4 16 7 10424 256 2.000000000
4 17 7 10425 256 2.000000000
4 18 7 10426 256 2.000000000
4 19 7 10427 256 2.000000000
4 20 7 10428 256 2.000000000
4 21 7 10429 256 2.000000000
4 22 7 10430 256 2.000000000
4 23 7 10431 256 2.000000000
4 24 7 10432 256 2.000000000
4 25 7 10433 256 2.000000000
4 26 7 10434 256 2.000000000
4 27 7 10435 256 2.000000000
4 28 7 10436 256 2.000000000
4 29 7 10437 256 2.000000000
4 30 7 10438 256 2.000000000
4 31 7 10439 256 2.000000000
4 256 7 10440 256 2.000000000
4 257 7 10441 256 2.000000000
4 258 7 10442 256 2.000000000
4 259 7 10443 256 2.000000000
4 260 7 10444 256 2.000000000
4 261 7 10445 256 2.000000000
4 262 7 10446 256 2.000000000
4 263 7 10447 256 2.000000000
4 264 7 10448 256 2.000000000
4 265 7 10449 256 2.000000000
4 266 7 10450 256 2.000000000
4 267 7 10451 256 2.000000000
4 268 7 10452 256 2.000000000
4 269 7 10453 256 2.000000000
4 270 7 10454 256 2.000000000
4 271 7 10455 256 2.000000000
4 272 7 10456 256 2.000000000
4 273 7 10457 256 2.000000000
4 274 7 10458 256 2.000000000
4 275 7 10459 256 2.000000000
4 276 7 10460 256 2.000000000
4 277 7 10461 256 2.000000000
4 278 7 10462 256 2.000000000
4 279 7 10463 256 2.000000000
4 280 7 10464 256 2.000000000
4 281 7 10465 256 2.000000000
4 282 7 10466 256 2.000000000
4 283 7 10467 256 2.000000000
4 284 7 10468 256 2.000000000
4 285 7 10469 256 2.000000000
4 286 7 10470 256 2.000000000
4 287 7 10471 256 2.000000000
5 8 7 10472 256 2.000000000
5 9 7 10473 256 2.000000000
5 10 7 10474 256 2.000000000
5 11 7 10475 256 2.000000000
5 12 7 10476 256 2.000000000
5 13 7 10477 256 2.000000000
5 14 7 10478 256 2.000000000
5 15 7 10479 256 2.000000000
5 16 7 10480 256 2.000000000
5 17 7 10481 256 2.000000000
5 18 7 10482 256 2.000000000
5 19 7 10483 256 2.000000000
5 20 7 10484 256 2.000000000
5 21 7 10485 256 2.000000000
5 22 7 10486 256 2.000000000
5 23 7 10487 256 2.000000000
5 24 7 10488 256 2.000000000
5 25 7 10489 256 2.000000000
5 26 7 10490 256 2.000000000
5 27 7 10491 256 2.000000000
5 28 7 10492 256 2.000000000
5 29 7 10493 256 2.000000000
5 30 7 10494 256 2.000000000
5 31 7 10495 256 2.000000000
5 256 7 10496 256 2.000000000
5 257 7 10497 256 2.000000000
5 258 7 10498 256 2.000000000
5 259 7 10499 256 2.000000000
5 260 7 10500 256 2.000000000
5 261 7 10501 256 2.000000000
5 262 7 10502 256 2.000000000
5 263 7 10503 256 2.000000000
5 264 7 10504 256 2.000000000
5 265 7 10505 256 2.000000000
5 266 7 10506 256 2.000000000
5 267 7 10507 256 2.000000000
5 268 7 10508 256 2.000000000
5 269 7 10509 256 2.000000000
5 270 7 10510 256 2.000000000
5 271 7 10511 256 2.000000000
5 272 7 10512 256 2.000000000
5 273 7 10513 256 2.000000000
5 274 7 10514 256 2.000000000
5 275 7 10515 256 2.000000000
5 276 7 10516 256 2.000000000
5 277 7 10517 256 2.000000000
5 278 7 10518 256 2.000000000
5 279 7 10519 256 2.000000000
5 280 7 10520 256 2.000000000
5 281 7 10521 256 2.000000000
5 282 7 10522 256 2.000000000
5 283 7 10523 256 2.000000000
5 284 7 10524 256 2.000000000
5 285 7 10525 256 2.000000000
5 286 7 10526 256 2.000000000
5 287 7 10527 256 2.000000000
6 8 7 10528 256 2.000000000
6 9 7 10529 256 2.000000000
6 10 7 10530 256 2.000000000
6 11 7 10531 256 2.000000000
6 12 7 10532 256 2.000000000
6 13 7 10533 256 2.000000000
6 14 7 10534 256 2.000000000
6 15 7 10535 256 2.000000000
6 16 7 10536 256 2.000000000
6 17 7 10537 256 2.000000000
6 18 7 10538 256 2.000000000
6 19 7 10539 256 2.000000000
6 20 7 10540 256 2.000000000
6 21 7 10541 256 2.000000000
6 22 7 10542 256 2.000000000
6 23 7 10543 256 2.000000000
6 24 7 10544 256 2.000000000
6 25 7 10545 256 2.000000000
6 26 7 10546 256 2.000000000
6 27 7 10547 256 2.000000000
6 28 7 10548 256 2.000000000
6 29 7 10549 256 2.000000000
6 30 7 10550 256 2.000000000
6 31 7 10551 256 2.000000000
6 256 7 10552 256 2.000000000
6 257 7 10553 256 2.000000000
6 258 7 10554 256 2.000000000
6 259 7 10555 256 2.000000000
6 260 7 10556 256 2.000000000
6 261 7 10557 256 2.000000000
6 262 7 10558 256 2.000000000
6 263 7 10559 256 2.000000000
6 264 7 10560 256 2.000000000
6 265 7 10561 256 2.000000000
6 266 7 10562 256 2.000000000
6 267 7 10563 256 2.000000000
6 268 7 10564 256 2.000000000
6 269 7 10565 256 2.000000000
6 270 7 10566 256 2.000000000
6 271 7 10567 256 2.000000000
6 272 7 10568 256 2.000000000
6 273 7 10569 256 2.000000000
6 274 7 10570 256 2.000000000
6 275 7 10571 256 2.000000000
6 276 7 10572 256 2.000000000
6 277 7 10573 256 2.000000000
6 278 7 10574 256 2.000000000
6 279 7 10575 256 2.000000000
6 280 7 10576 256 2.000000000
6 281 7 10577 256 2.000000000
6 282 7 10578 256 2.000000000
6 283 7 10579 256 2.000000000
6 284 7 10580 256 2.000000000
6 285 7 10581 256 2.000000000
6 286 7 10582 256 2.000000000
6 287 7 10583 256 2.000000000
7 8 7 10584 256 2.000000000
7 9 7 10585 256 2.000000000
7 10 7 10586 256 2.000000000
7 11 7 10587 256 2.000000000
7 12 7 10588 256 2.000000000
7 13 7 10589 256 2.000000000
7 14 7 10590 256 2.000000000
7 15 7 10591 256 2.000000000
7 16 7 10592 256 2.000000000
7 17 7 10593 256 2.000000000
7 18 7 10594 256 2.000000000
7 19 7 10595 256 2.000000000
7 20 7 10596 256 2.000000000
7 21 7 10597 256 2.000000000
7 22 7 10598 256 2.000000000
7 23 7 10599 256 2.000000000
7 24 7 10600 256 2.000000000
7 25 7 10601 256 2.000000000
7 26 7 10602 256 2.000000000
7 27 7 10603 256 2.000000000
7 28 7 10604 256 2.000000000
7 29 7 10605 256 2.000000000
7 30 7 10606 256 2.000000000
7 31 7 10607 256 2.000000000
7 256 7 10608 256 2.000000000
7 257 7 10609 256 2.000000000
7 258 7 10610 256 2.000000000
7 259 7 10611 256 2.000000000
7 260 7 10612 256 2.000000000
7 261 7 10613 256 2.000000000
7 262 7 10614 256 2.000000000
7 263 7 10615 256 2.000000000
7 264 7 10616 256 2.000000000
7 265 7 10617 256 2.000000000
7 266 7 10618 256 2.000000000
7 267 7 10619 256 2.000000000
7 268 7 10620 256 2.000000000
7 269 7 10621 256 2.000000000
7 270 7 10622 256 2.000000000
7 271 7 10623 256 2.000000000
7 272 7 10624 256 2.000000000
7 273 7 10625 256 2.000000000
7 274 7 10626 256 2.000000000
7 275 7 10627 256 2.000000000
7 276 7 10628 256 2.000000000
7 277 7 10629 256 2.000000000
7 278 7 10630 256 2.000000000
7 279 7 10631 256 2.000000000
7 280 7 10632 256 2.000000000
7 281 7 10633 256 2.000000000
7 282 7 10634 256 2.000000000
7 283 7 10635 256 2.000000000
7 284 7 10636 256 2.000000000
7 285 7 10637 256 2.000000000
7 286 7 10638 256 2.000000000
7 287 7 10639 256 2.000000000
8 0 7 10640 256 2.000000000
8 1 7 10641 256 2.000000000
8 2 7 10642 256 2.000000000
8 3 7 10643 256 2.000000000
8 4 7 10644 256 2.000000000
8 5 7 10645 256 2.000000000
8 6 7 10646 256 2.000000000
8 7 7 10647 256 2.000000000
8 16 7 10648 256 2.000000000
8 17 7 10649 256 2.000000000
8 18 7 10650 256 2.000000000
8 19 7 10651 256 2.000000000
8 20 7 10652 256 2.000000000
8 21 7 10653 256 2.000000000
8 22 7 10654 256 2.000000000
8 23 7 10655 256 2.000000000
8 24 7 10656 256 2.000000000
8 25 7 10657 256 2.000000000
8 26 7 10658 256 2.000000000
8 27 7 10659 256 2.000000000
8 28 7 10660 256 2.000000000
8 29 7 10661 256 2.000000000
8 30 7 10662 256 2.000000000
8 31 7 10663 256 2.000000000
8 256 7 10664 256 2.000000000
8 257 7 10665 256 2.000000000
8 258 7 10666 256 2.000000000
8 259 7 10667 256 2.000000000
8 260 7 10668 256 2.000000000
8 261 7 10669 256 2.000000000
8 262 7 10670 256 2.000000000
8 263 7 10671 256 2.000000000
8 264 7 10672 256 2.000000000
8 265 7 10673 256 2.000000000
8 266 7 10674 256 2.000000000
8 267 7 10675 256 2.000000000
8 268 7 10676 256 2.000000000
8 269 7 10677 256 2.000000000
8 270 7 10678 256 2.000000000
8 271 7 10679 256 2.000000000
8 272 7 10680 256 2.000000000
8 273 7 10681 256 2.000000000
8 274 7 10682 256 2.000000000
8 275 7 10683 256 2.000000000
8 276 7 10684 256 2.000000000
8 277 7 10685 256 2.000000000
8 278 7 10686 256 2.000000000
8 279 7 10687 256 2.000000000
8 280 7 10688 256 2.000000000
8 281 7 10689 256 2.000000000
8 282 7 10690 256 2.000000000
8 283 7 10691 256 2.000000000
8 284 7 10692 256 2.000000000
8 285 7 10693 256 2.000000000
8 286 7 10694 256 2.000000000
8 287 7 10695 256 2.000000000
9 0 7 10696 256 2.000000000
9 1 7 10697 256 2.000000000
9 2 7 10698 256 2.000000000
9 3 7 10699 256 2.000000000
9 4 7 10700 256 2.000000000
9 5 7 10701 256 2.000000000
9 6 7 10702 256 2.000000000
9 7 7 10703 256 2.000000000
9 16 7 10704 256 2.000000000
9 17 7 10705 256 2.000000000
9 18 7 10706 256 2.000000000
9 19 7 10707 256 2.000000000
9 20 7 10708 256 2.000000000
9 21 7 10709 256 2.000000000
9 22 7 10710 256 2.000000000
9 23 7 10711 256 2.000000000
9 24 7 10712 256 2.000000000
9 25 7 10713 256 2.000000000
9 26 7 10714 256 2.000000000
9 27 7 10715 256 2.000000000
9 28 7 10716 256 2.000000000
9 29 7 10717 256 2.000000000
9 30 7 10718 256 2.000000000
9 31 7 10719 256 2.000000000
9 256 7 10720 256 2.000000000
9 257 7 10721 256 2.000000000
9 258 7 10722 256 2.000000000
9 259 7 10723 256 2.000000000
9 260 7 10724 256 2.000000000
9 261 7 10725 256 2.000000000
9 262 7 10726 256 2.000000000
9 263 7 10727 256 2.000000000
9 264 7 10728 256 2.000000000
9 265 7 10729 256 2.000000000
9 266 7 10730 256 2.000000000
9 267 7 10731 256 2.000000000
9 268 7 10732 256 2.000000000
9 269 7 10733 256 2.000000000
9 270 7 10734 256 2.000000000
9 271 7 10735 256 2.000000000
9 272 7 10736 256 2.000000000
9 273 7 10737 256 2.000000000
9 274 7 10738 256 2.000000000
9 275 7 10739 256 2.000000000
9 276 7 10740 256 2.000000000
9 277 7 10741 256 2.000000000
9 278 7 10742 256 2.000000000
9 279 7 10743 256 2.000000000
9 280 7 10744 256 2.000000000
9 281 7 10745 256 2.000000000
9 282 7 10746 256 2.000000000
9 283 7 10747 256 2.000000000
9 284 7 10748 256 2.000000000
9 285 7 10749 256 2.000000000
9 286 7 10750 256 2.000000000
9 287 7 10751 256 2.000000000
10 0 7 10752 256 2.000000000
10 1 7 10753 256 2.000000000
10 2 7 10754 256 2.000000000
10 3 7 10755 256 2.000000000
10 4 7 10756 256 2.000000000
10 5 7 10757 256 2.000000000
10 6 7 10758 256 2.000000000
10 7 7 10759 256 2.000000000
10 16 7 10760 256 2.000000000
10 17 7 10761 256 2.000000000
10 18 7 10762 256 2.000000000
10 19 7 10763 256 2.000000000
10 20 7 10764 256 2.000000000
10 21 7 10765 256 2.000000000
10 22 7 10766 256 2.000000000
10 23 7 10767 256 2.000000000
10 24 7 10768 256 2.000000000
10 25 7 10769 256 2.000000000
10 26 7 10770 256 2.000000000
10 27 7 10771 256 2.000000000
10 28 7 10772 256 2.000000000
10 29 7 10773 256 2.000000000
10 30 7 10774 256 2.000000000
10 31 7 10775 256 2.000000000
10 256 7 10776 256 2.000000000
10 257 7 10777 256 2.000000000
10 258 7 10778 256 2.000000000
10 259 7 10779 256 2.000000000
10 260 7 10780 256 2.000000000
10 261 7 10781 256 2.000000000
10 262 7 10782 256 2.000000000
10 263 7 10783 256 2.000000000
10 264 7 10784 256 2.000000000
10 265 7 10785 256 2.000000000
10 266 7 10786 256 2.000000000
10 267 7 10787 256 2.000000000
10 268 7 10788 256 2.000000000
10 269 7 10789 256 2.000000000
10 270 7 10790 256 2.000000000
10 271 7 10791 256 2.000000000
10 272 7 10792 256 2.000000000
10 273 7 10793 256 2.000000000
10 274 7 10794 256 2.000000000
10 275 7 10795 256 2.000000000
10 276 7 10796 256 2.000000000
10 277 7 10797 256 2.000000000
10 278 7 10798 256 2.000000000
10 279 7 10799 256 2.000000000
10 280 7 10800 256 2.000000000
10 281 7 10801 256 2.000000000
10 282 7 10802 256 2.000000000
10 283 7 10803 256 2.000000000
10 284 7 10804 256 2.000000000
10 285 7 10805 256 2.000000000
10 286 7 10806 256 2.000000000
10 287 7 10807 256 2.000000000
11 0 7 10808 256 2.000000000
11 1 7 10809 256 2.000000000
11 2 7 10810 256 2.000000000
11 3 7 10811 256 2.000000000
11 4 7 10812 256 2.000000000
11 5 7 10813 256 2.000000000
11 6 7 10814 256 2.000000000
11 7 7 10815 256 2.000000000
11 16 7 10816 256 2.000000000
11 17 7 10817 256 2.000000000
11 18 7 10818 256 2.000000000
11 19 7 10819 256 2.000000000
11 20 7 10820 256 2.000000000
11 21 7 10821 256 2.000000000
11 22 7 10822 256 2.000000000
11 23 7 10823 256 2.000000000
11 24 7 10824 256 2.000000000
11 25 7 10825 256 2.000000000
11 26 7 10826 256 2.000000000
11 27 7 10827 256 2.000000000
11 28 7 10828 256 2.000000000
11 29 7 10829 256 2.000000000
11 30 7 10830 256 2.000000000
11 31 7 10831 256 2.000000000
11 256 7 10832 256 2.000000000
11 257 7 10833 256 2.000000000
11 258 7 10834 256 2.000000000
11 259 7 10835 256 2.000000000
11 260 7 10836 256 2.000000000
11 261 7 10837 256 2.000000000
11 262 7 10838 256 2.000000000
11 263 7 10839 256 2.000000000
11 264 7 10840 256 2.000000000
11 265 7 10841 256 2.000000000
11 266 7 10842 256 2.000000000
11 267 7 10843 256 2.000000000
11 268 7 10844 256 2.000000000
11 269 7 10845 256 2.000000000
11 270 7 10846 256 2.000000000
11 271 7 10847 256 2.000000000
11 272 7 10848 256 2.000000000
11 273 7 10849 256 2.000000000
11 274 7 10850 256 2.000000000
11 275 7 10851 256 2.000000000
11 276 7 10852 256 2.000000000
11 277 7 10853 256 2.000000000
11 278 7 10854 256 2.000000000
11 279 7 10855 256 2.000000000
11 280 7 10856 256 2.000000000
11 281 7 10857 256 2.000000000
11 282 7 10858 256 2.000000000
11 283 7 10859 256 2.000000000
11 284 7 10860 256 2.000000000
11 285 7 10861 256 2.000000000
11 286 7 10862 256 2.000000000
11 287 7 10863 256 2.000000000
12 0 7 10864 256 2.000000000
12 1 7 10865 256 2.000000000
12 2 7 10866 256 2.000000000
12 3 7 10867 256 2.000000000
12 4 7 10868 256 2.000000000
12 5 7 10869 256 2.000000000
12 6 7 10870 256 2.000000000
12 7 7 10871 256 2.000000000
12 16 7 10872 256 2.000000000
12 17 7 10873 256 2.000000000
12 18 7 10874 256 2.000000000
12 19 7 10875 256 2.000000000
12 20 7 10876 256 2.000000000
12 21 7 10877 256 2.000000000
12 22 7 10878 256 2.000000000
12 23 7 10879 256 2.000000000
12 24 7 10880 256 2.000000000
12 25 7 10881 256 2.000000000
12 26 7 10882 256 2.000000000
12 27 7 10883 256 2.000000000
12 28 7 10884 256 2.000000000
12 29 7 10885 256 2.000000000
12 30 7 10886 256 2.000000000
12 31 7 10887 256 2.000000000
12 256 7 10888 256 2.000000000
12 257 7 10889 256 2.000000000
12 258 7 10890 256 2.000000000
12 259 7 10891 256 2.000000000
12 260 7 10892 256 2.000000000
12 261 7 10893 256 2.000000000
12 262 7 10894 256 2.000000000
12 263 7 10895 256 2.000000000
12 264 7 10896 256 2.000000000
12 265 7 10897 256 2.000000000
12 266 7 10898 256 2.000000000
12 267 7 10899 256 2.000000000
12 268 7 10900 256 2.000000000
12 269 7 10901 256 2.000000000
12 270 7 10902 256 2.000000000
12 271 7 10903 256 2.000000000
12 272 7 10904 256 2.000000000
12 273 7 10905 256 2.000000000
12 274 7 10906 256 2.000000000
12 275 7 10907 256 2.000000000
12 276 7 10908 256 2.000000000
12 277 7 10909 256 2.000000000
12 278 7 10910 256 2.000000000
12 279 7 10911 256 2.000000000
12 280 7 10912 256 2.000000000
12 281 7 10913 256 2.000000000
12 282 7 10914 256 2.000000000
12 283 7 10915 256 2.000000000
12 284 7 10916 256 2.000000000
12 285 7 10917 256 2.000000000
12 286 7 10918 256 2.000000000
12 287 7 10919 256 2.000000000
13 0 7 10920 256 2.000000000
13 1 7 10921 256 2.000000000
13 2 7 10922 256 2.000000000
13 3 7 10923 256 2.000000000
13 4 7 10924 256 2.000000000
13 5 7 10925 256 2.000000000
13 6 7 10926 256 2.000000000
13 7 7 10927 256 2.000000000
13 16 7 10928 256 2.000000000
13 17 7 10929 256 2.000000000
13 18 7 10930 256 2.000000000
13 19 7 10931 256 2.000000000
13 20 7 10932 256 2.000000000
13 21 7 10933 256 2.000000000
13 22 7 10934 256 2.000000000
13 23 7 10935 256 2.000000000
13 24 7 10936 256 2.000000000
13 25 7 10937 256 2.000000000
13 26 7 10938 256 2.000000000
13 27 7 10939 256 2.000000000
13 28 7 10940 256 2.000000000
13 29 7 10941 256 2.000000000
13 30 7 10942 256 2.000000000
13 31 7 10943 256 2.000000000
13 256 7 10944 256 2.000000000
13 257 7 10945 256 2.000000000
13 258 7 10946 256 2.000000000
13 259 7 10947 256 2.000000000
13 260 7 10948 256 2.000000000
13 261 7 10949 256 2.000000000
13 262 7 10950 256 2.000000000
13 263 7 10951 256 2.000000000
13 264 7 10952 256 2.000000000
13 265 7 10953 256 2.000000000
13 266 7 10954 256 2.000000000
13 267 7 10955 256 2.000000000
13 268 7 10956 256 2.000000000
13 269 7 10957 256 2.000000000
13 270 7 10958 256 2.000000000
13 271 7 10959 256 2.000000000
13 272 7 10960 256 2.000000000
13 273 7 10961 256 2.000000000
13 274 7 10962 256 2.000000000
13 275 7 10963 256 2.000000000
13 276 7 10964 256 2.000000000
13 277 7 10965 256 2.000000000
13 278 7 10966 256 2.000000000
13 279 7 10967 256 2.000000000
13 280 7 10968 256 2.000000000
13 281 7 10969 256 2.000000000
13 282 7 10970 256 2.000000000
13 283 7 10971 256 2.000000000
13 284 7 10972 256 2.000000000
13 285 7 10973 256 2.000000000
13 286 7 10974 256 2.000000000
13 287 7 10975 256 2.000000000
14 0 7 10976 256 2.000000000
14 1 7 10977 256 2.000000000
14 2 7 10978 256 2.000000000
14 3 7 10979 256 2.000000000
14 4 7 10980 256 2.000000000
14 5 7 10981 256 2.000000000
14 6 7 10982 256 2.000000000
14 7 7 10983 256 2.000000000
14 16 7 10984 256 2.000000000
14 17 7 10985 256 2.000000000
14 18 7 10986 256 2.000000000
14 19 7 10987 256 2.000000000
14 20 7 10988 256 2.000000000
14 21 7 10989 256 2.000000000
14 22 7 10990 256 2.000000000
14 23 7 10991 256 2.000000000
14 24 7 10992 256 2.000000000
14 25 7 10993 256 2.000000000
14 26 7 10994 256 2.000000000
14 27 7 10995 256 2.000000000
14 28 7 10996 256 2.000000000
14 29 7 10997 256 2.000000000
14 30 7 10998 256 2.000000000
14 31 7 10999 256 2.000000000
14 256 7 11000 256 2.000000000
14 257 7 11001 256 2.000000000
14 258 7 11002 256 2.000000000
14 259 7 11003 256 2.000000000
14 260 7 11004 256 2.000000000
14 261 7 11005 256 2.000000000
14 262 7 11006 256 2.000000000
14 263 7 11007 256 2.000000000
14 264 7 11008 256 2.000000000
14 265 7 11009 256 2.000000000
14 266 7 11010 256 2.000000000
14 267 7 11011 256 2.000000000
14 268 7 11012 256 2.000000000
14 269 7 11013 256 2.000000000
14 270 7 11014 256 2.000000000
14 271 7 11015 256 2.000000000
14 272 7 11016 256 2.000000000
14 273 7 11017 256 2.000000000
14 274 7 11018 256 2.000000000
14 275 7 11019 256 2.000000000
14 276 7 11020 256 2.000000000
14 277 7 11021 256 2.000000000
14 278 7 11022 256 2.000000000
14 279 7 11023 256 2.000000000
14 280 7 11024 256 2.000000000
14 281 7 11025 256 2.000000000
14 282 7 11026 256 2.000000000
14 283 7 11027 256 2.000000000
14 284 7 11028 256 2.000000000
14 285 7 11029 256 2.000000000
14 286 7 11030 256 2.000000000
14 287 7 11031 256 2.000000000
15 0 7 11032 256 2.000000000
15 1 7 11033 256 2.000000000
15 2 7 11034 256 2.000000000
15 3 7 11035 256 2.000000000
15 4 7 11036 256 2.000000000
15 5 7 11037 256 2.000000000
15 6 7 11038 256 2.000000000
15 7 7 11039 256 2.000000000
15 16 7 11040 256 2.000000000
15 17 7 11041 256 2.000000000
15 18 7 11042 256 2.000000000
15 19 7 11043 256 2.000000000
15 20 7 11044 256 2.000000000
15 21 7 11045 256 2.000000000
15 22 7 11046 256 2.000000000
15 23 7 11047 256 2.000000000
15 24 7 11048 256 2.000000000
15 25 7 11049 256 2.000000000
15 26 7 11050 256 2.000000000
15 27 7 11051 256 2.000000000
15 28 7 11052 256 2.000000000
15 29 7 11053 256 2.000000000
15 30 7 11054 256 2.000000000
15 31 7 11055 256 2.000000000
15 256 7 11056 256 2.000000000
15 257 7 11057 256 2.000000000
15 258 7 11058 256 2.000000000
15 259 7 11059 256 2.000000000
15 260 7 11060 256 2.000000000
15 261 7 11061 256 2.000000000
15 262 7 11062 256 2.000000000
15 263 7 11063 256 2.000000000
15 264 7 11064 256 2.000000000
15 265 7 11065 256 2.000000000
15 266 7 11066 256 2.000000000
15 267 7 11067 256 2.000000000
15 268 7 11068 256 2.000000000
15 269 7 11069 256 2.000000000
15 270 7 11070 256 2.000000000
15 271 7 11071 256 2.000000000
15 272 7 11072 256 2.000000000
15 273 7 11073 256 2.000000000
15 274 7 11074 256 2.000000000
15 275 7 11075 256 2.000000000
15 276 7 11076 256 2.000000000
15 277 7 11077 256 2.000000000
15 278 7 11078 256 2.000000000
15 279 7 11079 256 2.000000000
15 280 7 11080 256 2.000000000
15 281 7 11081 256 2.000000000
15 282 7 11082 256 2.000000000
15 283 7 11083 256 2.000000000
15 284 7 11084 256 2.000000000
15 285 7 11085 256 2.000000000
15 286 7 11086 256 2.000000000
15 287 7 11087 256 2.000000000
16 0 7 11088 256 2.000000000
16 1 7 11089 256 2.000000000
16 2 7 11090 256 2.000000000
16 3 7 11091 256 2.000000000
16 4 7 11092 256 2.000000000
16 5 7 11093 256 2.000000000
16 6 7 11094 256 2.000000000
16 7 7 11095 256 2.000000000
16 8 7 11096 256 2.000000000
16 9 7 11097 256 2.000000000
16 10 7 11098 256 2.000000000
16 11 7 11099 256 2.000000000
16 12 7 11100 256 2.000000000
16 13 7 11101 256 2.000000000
16 14 7 11102 256 2.000000000
16 15 7 11103 256 2.000000000
16 24 7 11104 256 2.000000000
16 25 7 11105 256 2.000000000
16 26 7 11106 256 2.000000000
16 27 7 11107 256 2.000000000
16 28 7 11108 256 2.000000000
16 29 7 11109 256 2.000000000
16 30 7 11110 256 2.000000000
16 31 7 11111 256 2.000000000
16 256 7 11112 256 2.000000000
16 257 7 11113 256 2.000000000
16 258 7 11114 256 2.000000000
16 259 7 11115 256 2.000000000
16 260 7 11116 256 2.000000000
16 261 7 11117 256 2.000000000
16 262 7 11118 256 2.000000000
16 263 7 11119 256 2.000000000
16 264 7 11120 256 2.000000000
16 265 7 11121 256 2.000000000
16 266 7 11122 256 2.000000000
16 267 7 11123 256 2.000000000
16 268 7 11124 256 2.000000000
16 269 7 11125 256 2.000000000
16 270 7 11126 256 2.000000000
16 271 7 11127 256 2.000000000
16 272 7 11128 256 2.000000000
16 273 7 11129 256 2.000000000
16 274 7 11130 256 2.000000000
16 275 7 11131 256 2.000000000
16 276 7 11132 256 2.000000000
16 277 7 11133 256 2.000000000
16 278 7 11134 256 2.000000000
16 279 7 11135 256 2.000000000
16 280 7 11136 256 2.000000000
16 281 7 11137 256 2.000000000
16 282 7 11138 256 2.000000000
16 283 7 11139 256 2.000000000
16 284 7 11140 256 2.000000000
16 285 7 11141 256 2.000000000
16 286 7 11142 256 2.000000000
16 287 7 11143 256 2.000000000
17 0 7 11144 256 2.000000000
17 1 7 11145 256 2.000000000
17 2 7 11146 256 2.000000000
17 3 7 11147 256 2.000000000
17 4 7 11148 256 2.000000000
17 5 7 11149 256 2.000000000
17 6 7 11150 256 2.000000000
17 7 7 11151 256 2.000000000
17 8 7 11152 256 2.000000000
17 9 7 11153 256 2.000000000
17 10 7 11154 256 2.000000000
17 11 7 11155 256 2.000000000
17 12 7 11156 256 2.000000000
17 13 7 11157 256 2.000000000
17 14 7 11158 256 2.000000000
17 15 7 11159 256 2.000000000
17 24 7 11160 256 2.000000000
17 25 7 11161 256 2.000000000
17 26 7 11162 256 2.000000000
17 27 7 11163 256 2.000000000
17 28 7 11164 256 2.000000000
17 29 7 11165 256 2.000000000
17 30 7 11166 256 2.000000000
17 31 7 11167 256 2.000000000
17 256 7 11168 256 2.000000000
17 257 7 11169 256 2.000000000
17 258 7 11170 256 2.000000000
17 259 7 11171 256 2.000000000
17 260 7 11172 256 2.000000000
17 261 7 11173 256 2.000000000
17 262 7 11174 256 2.000000000
17 263 7 11175 256 2.000000000
17 264 7 11176 256 2.000000000
17 265 7 11177 256 2.000000000
17 266 7 11178 256 2.000000000
17 267 7 11179 256 2.000000000
17 268 7 11180 256 2.000000000
17 269 7 11181 256 2.000000000
17 270 7 11182 256 2.000000000
17 271 7 11183 256 2.000000000
17 272 7 11184 256 2.000000000
17 273 7 11185 256 2.000000000
17 274 7 11186 256 2.000000000
17 275 7 11187 256 2.000000000
17 276 7 11188 256 2.000000000
17 277 7 11189 256 2.000000000
17 278 7 11190 256 2.000000000
17 279 7 11191 256 2.000000000
17 280 7 11192 256 2.000000000
17 281 7 11193 256 2.000000000
17 282 7 11194 256 2.000000000
17 283 7 11195 256 2.000000000
17 284 7 11196 256 2.000000000
17 285 7 11197 256 2.000000000
17 286 7 11198 256 2.000000000
17 287 7 11199 256 2.000000000
18 0 7 11200 256 2.000000000
18 1 7 11201 256 2.000000000
18 2 7 11202 256 2.000000000
18 3 7 11203 256 2.000000000
18 4 7 11204 256 2.000000000
18 5 7 11205 256 2.000000000
18 6 7 11206 256 2.000000000
18 7 7 11207 256 2.000000000
18 8 7 11208 256 2.000000000
18 9 7 11209 256 2.000000000
18 10 7 11210 256 2.000000000
18 11 7 11211 256 2.000000000
18 12 7 11212 256 2.000000000
18 13 7 11213 256 2.000000000
18 14 7 11214 256 2.000000000
18 15 7 11215 256 2.000000000
18 24 7 11216 256 2.000000000
18 25 7 11217 256 2.000000000
18 26 7 11218 256 2.000000000
18 27 7 11219 256 2.000000000
18 28 7 11220 256 2.000000000
18 29 7 11221 256 2.000000000
18 30 7 11222 256 2.000000000
18 31 7 11223 256 2.000000000
18 256 7 11224 256 2.000000000
18 257 7 11225 256 2.000000000
18 258 7 11226 256 2.000000000
18 259 7 11227 256 2.000000000
18 260 7 11228 256 2.000000000
18 261 7 11229 256 2.000000000
18 262 7 11230 256 2.000000000
18 263 7 11231 256 2.000000000
18 264 7 11232 256 2.000000000
18 265 7 11233 256 2.000000000
18 266 7 11234 256 2.000000000
18 267 7 11235 256 2.000000000
18 268 7 11236 256 2.000000000
18 269 7 11237 256 2.000000000
18 270 7 11238 256 2.000000000
18 271 7 11239 256 2.000000000
18 272 7 11240 256 2.000000000
18 273 7 11241 256 2.000000000
18 274 7 11242 256 2.000000000
18 275 7 11243 256 2.000000000
18 276 7 11244 256 2.000000000
18 277 7 11245 256 2.000000000
18 278 7 11246 256 2.000000000
18 279 7 11247 256 2.000000000
18 280 7 11248 256 2.000000000
18 281 7 11249 256 2.000000000
18 282 7 11250 256 2.000000000
18 283 7 11251 256 2.000000000
18 284 7 11252 256 2.000000000
18 285 7 11253 256 2.000000000
18 286 7 11254 256 2.000000000
18 287 7 11255 256 2.000000000
19 0 7 11256 256 2.000000000
19 1 7 11257 256 2.000000000
19 2 7 11258 256 2.000000000
19 3 7 11259 256 2.000000000
19 4 7 11260 256 2.000000000
19 5 7 11261 256 2.000000000
19 6 7 11262 256 2.000000000
19 7 7 11263 256 2.000000000
19 8 7 11264 256 2.000000000
19 9 7 11265 256 2.000000000
19 10 7 11266 256 2.000000000
19 11 7 11267 256 2.000000000
19 12 7 11268 256 2.000000000
19 13 7 11269 256 2.000000000
19 14 7 11270 256 2.000000000
19 15 7 11271 256 2.000000000
19 24 7 11272 256 2.000000000
19 25 7 11273 256 2.000000000
19 26 7 11274 256 2.000000000
19 27 7 11275 256 2.000000000
19 28 7 11276 256 2.000000000
19 29 7 11277 256 2.000000000
19 30 7 11278 256 2.000000000
19 31 7 11279 256 2.000000000
19 256 7 11280 256 2.000000000
19 257 7 11281 256 2.000000000
19 258 7 11282 256 2.000000000
19 259 7 11283 256 2.000000000
19 260 7 11284 256 2.000000000
19 261 7 11285 256 2.000000000
19 262 7 11286 256 2.000000000
19 263 7 11287 256 2.000000000
19 264 7 11288 256 2.000000000
19 265 7 11289 256 2.000000000
19 266 7 11290 256 2.000000000
19 267 7 11291 256 2.000000000
19 268 7 11292 256 2.000000000
19 269 7 11293 256 2.000000000
19 270 7 11294 256 2.000000000
19 271 7 11295 256 2.000000000
19 272 7 11296 256 2.000000000
19 273 7 11297 256 2.000000000
19 274 7 11298 256 2.000000000
19 275 7 11299 256 2.000000000
19 276 7 11300 256 2.000000000
19 277 7 11301 256 2.000000000
19 278 7 11302 256 2.000000000
19 279 7 11303 256 2.000000000
19 280 7 11304 256 2.000000000
19 281 7 11305 256 2.000000000
19 282 7 11306 256 2.000000000
19 283 7 11307 256 2.000000000
19 284 7 11308 256 2.000000000
19 285 7 11309 256 2.000000000
19 286 7 11310 256 2.000000000
19 287 7 11311 256 2.000000000
20 0 7 11312 256 2.000000000
20 1 7 11313 256 2.000000000
20 2 7 11314 256 2.000000000
20 3 7 11315 256 2.000000000
20 4 7 11316 256 2.000000000
20 5 7 11317 256 2.000000000
20 6 7 11318 256 2.000000000
20 7 7 11319 256 2.000000000
20 8 7 11320 256 2.000000000
20 9 7 11321 256 2.000000000
20 10 7 11322 256 2.000000000
20 11 7 11323 256 2.000000000
20 12 7 11324 256 2.000000000
20 13 7 11325 256 2.000000000
20 14 7 11326 256 2.000000000
20 15 7 11327 256 2.000000000
20 24 7 11328 256 2.000000000
20 25 7 11329 256 2.000000000
20 26 7 11330 256 2.000000000
20 27 7 11331 256 2.000000000
20 28 7 11332 256 2.000000000
20 29 7 11333 256 2.000000000
20 30 7 11334 256 2.000000000
20 31 7 11335 256 2.000000000
20 256 7 11336 256 2.000000000
20 257 7 11337 256 2.000000000
20 258 7 11338 256 2.000000000
20 259 7 11339 256 2.000000000
20 260 7 11340 256 2.000000000
20 261 7 11341 256 2.000000000
20 262 7 11342 256 2.000000000
20 263 7 11343 256 2.000000000
20 264 7 11344 256 2.000000000
20 265 7 11345 256 2.000000000
20 266 7 11346 256 2.000000000
20 267 7 11347 256 2.000000000
20 268 7 11348 256 2.000000000
20 269 7 11349 256 2.000000000
20 270 7 11350 256 2.000000000
20 271 7 11351 256 2.000000000
20 272 7 11352 256 2.000000000
20 273 7 11353 256 2.000000000
20 274 7 11354 256 2.000000000
20 275 7 11355 256 2.000000000
20 276 7 11356 256 2.000000000
20 277 7 11357 256 2.000000000
20 278 7 11358 256 2.000000000
20 279 7 11359 256 2.000000000
20 280 7 11360 256 2.000000000
20 281 7 11361 256 2.000000000
20 282 7 11362 256 2.000000000
20 283 7 11363 256 2.000000000
20 284 7 11364 256 2.000000000
20 285 7 11365 256 2.000000000
20 286 7 11366 256 2.000000000
20 287 7 11367 256 2.000000000
21 0 7 11368 256 2.000000000
21 1 7 11369 256 2.000000000
21 2 7 11370 256 2.000000000
21 3 7 11371 256 2.000000000
21 4 7 11372 256 2.000000000
21 5 7 11373 256 2.000000000
21 6 7 11374 256 2.000000000
21 7 7 11375 256 2.000000000
21 8 7 11376 256 2.000000000
21 9 7 11377 256 2.000000000
21 10 7 11378 256 2.000000000
21 11 7 11379 256 2.000000000
21 12 7 11380 256 2.000000000
21 13 7 11381 256 2.000000000
21 14 7 11382 256 2.000000000
21 15 7 11383 256 2.000000000
21 24 7 11384 256 2.000000000
21 25 7 11385 256 2.000000000
21 26 7 11386 256 2.000000000
21 27 7 11387 256 2.000000000
21 28 7 11388 256 2.000000000
21 29 7 11389 256 2.000000000
21 30 7 11390 256 2.000000000
21 31 7 11391 256 2.000000000
21 256 7 11392 256 2.000000000
21 257 7 11393 256 2.000000000
21 258 7 11394 256 2.000000000
21 259 7 11395 256 2.000000000
21 260 7 11396 256 2.000000000
21 261 7 11397 256 2.000000000
21 262 7 11398 256 2.000000000
21 263 7 11399 256 2.000000000
21 264 7 11400 256 2.000000000
21 265 7 11401 256 2.000000000
21 266 7 11402 256 2.000000000
21 267 7 11403 256 2.000000000
21 268 7 11404 256 2.000000000
21 269 7 11405 256 2.000000000
21 270 7 11406 256 2.000000000
21 271 7 11407 256 2.000000000
21 272 7 11408 256 2.000000000
21 273 7 11409 256 2.000000000
21 274 7 11410 256 2.000000000
21 275 7 11411 256 2.000000000
21 276 7 11412 256 2.000000000
21 277 7 11413 256 2.000000000
21 278 7 11414 256 2.000000000
21 279 7 11415 256 2.000000000
21 280 7 11416 256 2.000000000
21 281 7 11417 256 2.000000000
21 282 7 11418 256 2.000000000
21 283 7 11419 256 2.000000000
21 284 7 11420 256 2.000000000
21 285 7 11421 256 2.000000000
21 286 7 11422 256 2.000000000
21 287 7 11423 256 2.000000000
22 0 7 11424 256 2.000000000
22 1 7 11425 256 2.000000000
22 2 7 11426 256 2.000000000
22 3 7 11427 256 2.000000000
22 4 7 11428 256 2.000000000
22 5 7 11429 256 2.000000000
22 6 7 11430 256 2.000000000
22 7 7 11431 256 2.000000000
22 8 7 11432 256 2.000000000
22 9 7 11433 256 2.000000000
22 10 7 11434 256 2.000000000
22 11 7 11435 256 2.000000000
22 12 7 11436 256 2.000000000
22 13 7 11437 256 2.000000000
22 14 7 11438 256 2.000000000
22 15 7 11439 256 2.000000000
22 24 7 11440 256 2.000000000
22 25 7 11441 256 2.000000000
22 26 7 11442 256 2.000000000
22 27 7 11443 256 2.000000000
22 28 7 11444 256 2.000000000
22 29 7 11445 256 2.000000000
22 30 7 11446 256 2.000000000
22 31 7 11447 256 2.000000000
22 256 7 11448 256 2.000000000
22 257 7 11449 256 2.000000000
22 258 7 11450 256 2.000000000
22 259 7 11451 256 2.000000000
22 260 7 11452 256 2.000000000
22 261 7 11453 256 2.000000000
22 262 7 11454 256 2.000000000
22 263 7 11455 256 2.000000000
22 264 7 11456 256 2.000000000
22 265 7 11457 256 2.000000000
22 266 7 11458 256 2.000000000
22 267 7 11459 256 2.000000000
22 268 7 11460 256 2.000000000
22 269 7 11461 256 2.000000000
22 270 7 11462 256 2.000000000
22 271 7 11463 256 2.000000000
22 272 7 11464 256 2.000000000
22 273 7 11465 256 2.000000000
22 274 7 11466 256 2.000000000
22 275 7 11467 256 2.000000000
22 276 7 11468 256 2.000000000
22 277 7 11469 256 2.000000000
22 278 7 11470 256 2.000000000
22 279 7 11471 256 2.000000000
22 280 7 11472 256 2.000000000
22 281 7 11473 256 2.000000000
22 282 7 11474 256 2.000000000
22 283 7 11475 256 2.000000000
22 284 7 11476 256 2.000000000
22 285 7 11477 256 2.000000000
22 286 7 11478 256 2.000000000
22 287 7 11479 256 2.000000000
23 0 7 11480 256 2.000000000
23 1 7 11481 256 2.000000000
23 2 7 11482 256 2.000000000
23 3 7 11483 256 2.000000000
23 4 7 11484 256 2.000000000
23 5 7 11485 256 2.000000000
23 6 7 11486 256 2.000000000
23 7 7 11487 256 2.000000000
23 8 7 11488 256 2.000000000
23 9 7 11489 256 2.000000000
23 10 7 11490 256 2.000000000
23 11 7 11491 256 2.000000000
23 12 7 11492 256 2.000000000
23 13 7 11493 256 2.000000000
23 14 7 11494 256 2.000000000
23 15 7 11495 256 2.000000000
23 24 7 11496 256 2.000000000
23 25 7 11497 256 2.000000000
23 26 7 11498 256 2.000000000
23 27 7 11499 256 2.000000000
23 28 7 11500 256 2.000000000
23 29 7 11501 256 2.000000000
23 30 7 11502 256 2.000000000
23 31 7 11503 256 2.000000000
23 256 7 11504 256 2.000000000
23 257 7 11505 256 2.000000000
23 258 7 11506 256 2.000000000
23 259 7 11507 256 2.000000000
23 260 7 11508 256 2.000000000
23 261 7 11509 256 2.000000000
23 262 7 11510 256 2.000000000
23 263 7 11511 256 2.000000000
23 264 7 11512 256 2.000000000
23 265 7 11513 256 2.000000000
23 266 7 11514 256 2.000000000
23 267 7 11515 256 2.000000000
23 268 7 11516 256 2.000000000
23 269 7 11517 256 2.000000000
23 270 7 11518 256 2.000000000
23 271 7 11519 256 2.000000000
23 272 7 11520 256 2.000000000
23 273 7 11521 256 2.000000000
23 274 7 11522 256 2.000000000
23 275 7 11523 256 2.000000000
23 276 7 11524 256 2.000000000
23 277 7 11525 256 2.000000000
23 278 7 11526 256 2.000000000
23 279 7 11527 256 2.000000000
23 280 7 11528 256 2.000000000
23 281 7 11529 256 2.000000000
23 282 7 11530 256 2.000000000
23 283 7 11531 256 2.000000000
23 284 7 11532 256 2.000000000
23 285 7 11533 256 2.000000000
23 286 7 11534 256 2.000000000
23 287 7 11535 256 2.000000000
24 0 7 11536 256 2.000000000
24 1 7 11537 256 2.000000000
24 2 7 11538 256 2.000000000
24 3 7 11539 256 2.000000000
24 4 7 11540 256 2.000000000
24 5 7 11541 256 2.000000000
24 6 7 11542 256 2.000000000
24 7 7 11543 256 2.000000000
24 8 7 11544 256 2.000000000
24 9 7 11545 256 2.000000000
24 10 7 11546 256 2.000000000
24 11 7 11547 256 2.000000000
24 12 7 11548 256 2.000000000
24 13 7 11549 256 2.000000000
24 14 7 11550 256 2.000000000
24 15 7 11551 256 2.000000000
24 16 7 11552 256 2.000000000
24 17 7 11553 256 2.000000000
24 18 7 11554 256 2.000000000
24 19 7 11555 256 2.000000000
24 20 7 11556 256 2.000000000
24 21 7 11557 256 2.000000000
24 22 7 11558 256 2.000000000
24 23 7 11559 256 2.000000000
24 256 7 11560 256 2.000000000
24 257 7 11561 256 2.000000000
24 258 7 11562 256 2.000000000
24 259 7 11563 256 2.000000000
24 260 7 11564 256 2.000000000
24 261 7 11565 256 2.000000000
24 262 7 11566 256 2.000000000
24 263 7 11567 256 2.000000000
24 264 7 11568 256 2.000000000
24 265 7 11569 256 2.000000000
24 266 7 11570 256 2.000000000
24 267 7 11571 256 2.000000000
24 268 7 11572 256 2.000000000
24 269 7 11573 256 2.000000000
24 270 7 11574 256 2.000000000
24 271 7 11575 256 2.000000000
24 272 7 11576 256 2.000000000
24 273 7 11577 256 2.000000000
24 274 7 11578 256 2.000000000
24 275 7 11579 256 2.000000000
24 276 7 11580 256 2.000000000
24 277 7 11581 256 2.000000000
24 278 7 11582 256 2.000000000
24 279 7 11583 256 2.000000000
24 280 7 11584 256 2.000000000
24 281 7 11585 256 2.000000000
24 282 7 11586 256 2.000000000
24 283 7 11587 256 2.000000000
24 284 7 11588 256 2.000000000
24 285 7 11589 256 2.000000000
24 286 7 11590 256 2.000000000
24 287 7 11591 256 2.000000000
25 0 7 11592 256 2.000000000
25 1 7 11593 256 2.000000000
25 2 7 11594 256 2.000000000
25 3 7 11595 256 2.000000000
25 4 7 11596 256 2.000000000
25 5 7 11597 256 2.000000000
25 6 7 11598 256 2.000000000
25 7 7 11599 256 2.000000000
25 8 7 11600 256 2.000000000
25 9 7 11601 256 2.000000000
25 10 7 11602 256 2.000000000
25 11 7 11603 256 2.000000000
25 12 7 11604 256 2.000000000
25 13 7 11605 256 2.000000000
25 14 7 11606 256 2.000000000
25 15 7 11607 256 2.000000000
25 16 7 11608 256 2.000000000
25 17 7 11609 256 2.000000000
25 18 7 11610 256 2.000000000
25 19 7 11611 256 2.000000000
25 20 7 11612 256 2.000000000
25 21 7 11613 256 2.000000000
25 22 7 11614 256 2.000000000
25 23 7 11615 256 2.000000000
25 256 7 11616 256 2.000000000
25 257 7 11617 256 2.000000000
25 258 7 11618 256 2.000000000
25 259 7 11619 256 2.000000000
25 260 7 11620 256 2.000000000
25 261 7 11621 256 2.000000000
25 262 7 11622 256 2.000000000
25 263 7 11623 256 2.000000000
25 264 7 11624 256 2.000000000
25 265 7 11625 256 2.000000000
25 266 7 11626 256 2.000000000
25 267 7 11627 256 2.000000000
25 268 7 11628 256 2.000000000
25 269 7 11629 256 2.000000000
25 270 7 11630 256 2.000000000
25 271 7 11631 256 2.000000000
25 272 7 11632 256 2.000000000
25 273 7 11633 256 2.000000000
25 274 7 11634 256 2.000000000
25 275 7 11635 256 2.000000000
25 276 7 11636 256 2.000000000
25 277 7 11637 256 2.000000000
25 278 7 11638 256 2.000000000
25 279 7 11639 256 2.000000000
25 280 7 11640 256 2.000000000
25 281 7 11641 256 2.000000000
25 282 7 11642 256 2.000000000
25 283 7 11643 256 2.000000000
25 284 7 11644 256 2.000000000
25 285 7 11645 256 2.000000000
25 286 7 11646 256 2.000000000
25 287 7 11647 256 2.000000000
26 0 7 11648 256 2.000000000
26 1 7 11649 256 2.000000000
26 2 7 11650 256 2.000000000
26 3 7 11651 256 2.000000000
26 4 7 11652 256 2.000000000
26 5 7 11653 256 2.000000000
26 6 7 11654 256 2.000000000
26 7 7 11655 256 2.000000000
26 8 7 11656 256 2.000000000
26 9 7 11657 256 2.000000000
26 10 7 11658 256 2.000000000
26 11 7 11659 256 2.000000000
26 12 7 11660 256 2.000000000
26 13 7 11661 256 2.000000000
26 14 7 11662 256 2.000000000
26 15 7 11663 256 2.000000000
26 16 7 11664 256 2.000000000
26 17 7 11665 256 2.000000000
26 18 7 11666 256 2.000000000
26 19 7 11667 256 2.000000000
26 20 7 11668 256 2.000000000
26 21 7 11669 256 2.000000000
26 22 7 11670 256 2.000000000
26 23 7 11671 256 2.000000000
26 256 7 11672 256 2.000000000
26 257 7 11673 256 2.000000000
26 258 7 11674 256 2.000000000
26 259 7 11675 256 2.000000000
26 260 7 11676 256 2.000000000
26 261 7 11677 256 2.000000000
26 262 7 11678 256 2.000000000
26 263 7 11679 256 2.000000000
26 264 7 11680 256 2.000000000
26 265 7 11681 256 2.000000000
26 266 7 11682 256 2.000000000
26 267 7 11683 256 2.000000000
26 268 7 11684 256 2.000000000
26 269 7 11685 256 2.000000000
26 270 7 11686 256 2.000000000
26 271 7 11687 256 2.000000000
26 272 7 11688 256 2.000000000
26 273 7 11689 256 2.000000000
26 274 7 11690 256 2.000000000
26 275 7 11691 256 2.000000000
26 276 7 11692 256 2.000000000
26 277 7 11693 256 2.000000000
26 278 7 11694 256 2.000000000
26 279 7 11695 256 2.000000000
26 280 7 11696 256 2.000000000
26 281 7 11697 256 2.000000000
26 282 7 11698 256 2.000000000
26 283 7 11699 256 2.000000000
26 284 7 11700 256 2.000000000
26 285 7 11701 256 2.000000000
26 286 7 11702 256 2.000000000
26 287 7 11703 256 2.000000000
27 0 7 11704 256 2.000000000
27 1 7 11705 256 2.000000000
27 2 7 11706 256 2.000000000
27 3 7 11707 256 2.000000000
27 4 7 11708 256 2.000000000
27 5 7 11709 256 2.000000000
27 6 7 11710 256 2.000000000
27 7 7 11711 256 2.000000000
27 8 7 11712 256 2.000000000
27 9 7 11713 256 2.000000000
27 10 7 11714 256 2.000000000
27 11 7 11715 256 2.000000000
27 12 7 11716 256 2.000000000
27 13 7 11717 256 2.000000000
27 14 7 11718 256 2.000000000
27 15 7 11719 256 2.000000000
27 16 7 11720 256 2.000000000
27 17 7 11721 256 2.000000000
27 18 7 11722 256 2.000000000
27 19 7 11723 256 2.000000000
27 20 7 11724 256 2.000000000
27 21 7 11725 256 2.000000000
27 22 7 11726 256 2.000000000
27 23 7 11727 256 2.000000000
27 256 7 11728 256 2.000000000
27 257 7 11729 256 2.000000000
27 258 7 11730 256 2.000000000
27 259 7 11731 256 2.000000000
27 260 7 11732 256 2.000000000
27 261 7 11733 256 2.000000000
27 262 7 11734 256 2.000000000
27 263 7 11735 256 2.000000000
27 264 7 11736 256 2.000000000
27 265 7 11737 256 2.000000000
27 266 7 11738 256 2.000000000
27 267 7 11739 256 2.000000000
27 268 7 11740 256 2.000000000
27 269 7 11741 256 2.000000000
27 270 7 11742 256 2.000000000
27 271 7 11743 256 2.000000000
27 272 7 11744 256 2.000000000
27 273 7 11745 256 2.000000000
27 274 7 11746 256 2.000000000
27 275 7 11747 256 2.000000000
27 276 7 11748 256 2.000000000
27 277 7 11749 256 2.000000000
27 278 7 11750 256 2.000000000
27 279 7 11751 256 2.000000000
27 280 7 11752 256 2.000000000
27 281 7 11753 256 2.000000000
27 282 7 11754 256 2.000000000
27 283 7 11755 256 2.000000000
27 284 7 11756 256 2.000000000
27 285 7 11757 256 2.000000000
27 286 7 11758 256 2.000000000
27 287 7 11759 256 2.000000000
28 0 7 11760 256 2.000000000
28 1 7 11761 256 2.000000000
28 2 7 11762 256 2.000000000
28 3 7 11763 256 2.000000000
28 4 7 11764 256 2.000000000
28 5 7 11765 256 2.000000000
28 6 7 11766 256 2.000000000
28 7 7 11767 256 2.000000000
28 8 7 11768 256 2.000000000
28 9 7 11769 256 2.000000000
28 10 7 11770 256 2.000000000
28 11 7 11771 256 2.000000000
28 12 7 11772 256 2.000000000
28 13 7 11773 256 2.000000000
28 14 7 11774 256 2.000000000
28 15 7 11775 256 2.000000000
28 16 7 11776 256 2.000000000
28 17 7 11777 256 2.000000000
28 18 7 11778 256 2.000000000
28 19 7 11779 256 2.000000000
28 20 7 11780 256 2.000000000
28 21 7 11781 256 2.000000000
28 22 7 11782 256 2.000000000
28 23 7 11783 256 2.000000000
28 256 7 11784 256 2.000000000
28 257 7 11785 256 2.000000000
28 258 7 11786 256 2.000000000
28 259 7 11787 256 2.000000000
28 260 7 11788 256 2.000000000
28 261 7 11789 256 2.000000000
28 262 7 11790 256 2.000000000
28 263 7 11791 256 2.000000000
28 264 7 11792 256 2.000000000
28 265 7 11793 256 2.000000000
28 266 7 11794 256 2.000000000
28 267 7 11795 256 2.000000000
28 268 7 11796 256 2.000000000
28 269 7 11797 256 2.000000000
28 270 7 11798 256 2.000000000
28 271 7 11799 256 2.000000000
28 272 7 11800 256 2.000000000
28 273 7 11801 256 2.000000000
28 274 7 11802 256 2.000000000
28 275 7 11803 256 2.000000000
28 276 7 11804 256 2.000000000
28 277 7 11805 256 2.000000000
28 278 7 11806 256 2.000000000
28 279 7 11807 256 2.000000000
28 280 7 11808 256 2.000000000
28 281 7 11809 256 2.000000000
28 282 7 11810 256 2.000000000
28 283 7 11811 256 2.000000000
28 284 7 11812 256 2.000000000
28 285 7 11813 256 2.000000000
28 286 7 11814 256 2.000000000
28 287 7 11815 256 2.000000000
29 0 7 11816 256 2.000000000
29 1 7 11817 256 2.000000000
29 2 7 11818 256 2.000000000
29 3 7 11819 256 2.000000000
29 4 7 11820 256 2.000000000
29 5 7 11821 256 2.000000000
29 6 7 11822 256 2.000000000
29 7 7 11823 256 2.000000000
29 8 7 11824 256 2.000000000
29 9 7 11825 256 2.000000000
29 10 7 11826 256 2.000000000
29 11 7 11827 256 2.000000000
29 12 7 11828 256 2.000000000
29 13 7 11829 256 2.000000000
29 14 7 11830 256 2.000000000
29 15 7 11831 256 2.000000000
29 16 7 11832 256 2.000000000
29 17 7 11833 256 2.000000000
29 18 7 11834 256 2.000000000
29 19 7 11835 256 2.000000000
29 20 7 11836 256 2.000000000
29 21 7 11837 256 2.000000000
29 22 7 11838 256 2.000000000
29 23 7 11839 256 2.000000000
29 256 7 11840 256 2.000000000
29 257 7 11841 256 2.000000000
29 258 7 11842 256 2.000000000
29 259 7 11843 256 2.000000000
29 260 7 11844 256 2.000000000
29 261 7 11845 256 2.000000000
29 262 7 11846 256 2.000000000
29 263 7 11847 256 2.000000000
29 264 7 11848 256 2.000000000
29 265 7 11849 256 2.000000000
29 266 7 11850 256 2.000000000
29 267 7 11851 256 2.000000000
29 268 7 11852 256 2.000000000
29 269 7 11853 256 2.000000000
29 270 7 11854 256 2.000000000
29 271 7 11855 256 2.000000000
29 272 7 11856 256 2.000000000
29 273 7 11857 256 2.000000000
29 274 7 11858 256 2.000000000
29 275 7 11859 256 2.000000000
29 276 7 11860 256 2.000000000
29 277 7 11861 256 2.000000000
29 278 7 11862 256 2.000000000
29 279 7 11863 256 2.000000000
29 280 7 11864 256 2.000000000
29 281 7 11865 256 2.000000000
29 282 7 11866 256 2.000000000
29 283 7 11867 256 2.000000000
29 284 7 11868 256 2.000000000
29 285 7 11869 256 2.000000000
29 286 7 11870 256 2.000000000
29 287 7 11871 256 2.000000000
30 0 7 11872 256 2.000000000
30 1 7 11873 256 2.000000000
30 2 7 11874 256 2.000000000
30 3 7 11875 256 2.000000000
30 4 7 11876 256 2.000000000
30 5 7 11877 256 2.000000000
30 6 7 11878 256 2.000000000
30 7 7 11879 256 2.000000000
30 8 7 11880 256 2.000000000
30 9 7 11881 256 2.000000000
30 10 7 11882 256 2.000000000
30 11 7 11883 256 2.000000000
30 12 7 11884 256 2.000000000
30 13 7 11885 256 2.000000000
30 14 7 11886 256 2.000000000
30 15 7 11887 256 2.000000000
30 16 7 11888 256 2.000000000
30 17 7 11889 256 2.000000000
30 18 7 11890 256 2.000000000
30 19 7 11891 256 2.000000000
30 20 7 11892 256 2.000000000
30 21 7 11893 256 2.000000000
30 22 7 11894 256 2.000000000
30 23 7 11895 256 2.000000000
30 256 7 11896 256 2.000000000
30 257 7 11897 256 2.000000000
30 258 7 11898 256 2.000000000
30 259 7 11899 256 2.000000000
30 260 7 11900 256 2.000000000
30 261 7 11901 256 2.000000000
30 262 7 11902 256 2.000000000
30 263 7 11903 256 2.000000000
30 264 7 11904 256 2.000000000
30 265 7 11905 256 2.000000000
30 266 7 11906 256 2.000000000
30 267 7 11907 256 2.000000000
30 268 7 11908 256 2.000000000
30 269 7 11909 256 2.000000000
30 270 7 11910 256 2.000000000
30 271 7 11911 256 2.000000000
30 272 7 11912 256 2.000000000
30 273 7 11913 256 2.000000000
30 274 7 11914 256 2.000000000
30 275 7 11915 256 2.000000000
30 276 7 11916 256 2.000000000
30 277 7 11917 256 2.000000000
30 278 7 11918 256 2.000000000
30 279 7 11919 256 2.000000000
30 280 7 11920 256 2.000000000
30 281 7 11921 256 2.000000000
30 282 7 11922 256 2.000000000
30 283 7 11923 256 2.000000000
30 284 7 11924 256 2.000000000
30 285 7 11925 256 2.000000000
30 286 7 11926 256 2.000000000
30 287 7 11927 256 2.000000000
31 0 7 11928 256 2.000000000
31 1 7 11929 256 2.000000000
31 2 7 11930 256 2.000000000
31 3 7 11931 256 2.000000000
31 4 7 11932 256 2.000000000
31 5 7 11933 256 2.000000000
31 6 7 11934 256 2.000000000
31 7 7 11935 256 2.000000000
31 8 7 11936 256 2.000000000
31 9 7 11937 256 2.000000000
31 10 7 11938 256 2.000000000
31 11 7 11939 256 2.000000000
31 12 7 11940 256 2.000000000
31 13 7 11941 256 2.000000000
31 14 7 11942 256 2.000000000
31 15 7 11943 256 2.000000000
31 16 7 11944 256 2.000000000
31 17 7 11945 256 2.000000000
31 18 7 11946 256 2.000000000
31 19 7 11947 256 2.000000000
31 20 7 11948 256 2.000000000
31 21 7 11949 256 2.000000000
31 22 7 11950 256 2.000000000
31 23 7 11951 256 2.000000000
31 256 7 11952 256 2.000000000
31 257 7 11953 256 2.000000000
31 258 7 11954 256 2.000000000
31 259 7 11955 256 2.000000000
31 260 7 11956 256 2.000000000
31 261 7 11957 256 2.000000000
31 262 7 11958 256 2.000000000
31 263 7 11959 256 2.000000000
31 264 7 11960 256 2.000000000
31 265 7 11961 256 2.000000000
31 266 7 11962 256 2.000000000
31 267 7 11963 256 2.000000000
31 268 7 11964 256 2.000000000
31 269 7 11965 256 2.000000000
31 270 7 11966 256 2.000000000
31 271 7 11967 256 2.000000000
31 272 7 11968 256 2.000000000
31 273 7 11969 256 2.000000000
31 274 7 11970 256 2.000000000
31 275 7 11971 256 2.000000000
31 276 7 11972 256 2.000000000
31 277 7 11973 256 2.000000000
31 278 7 11974 256 2.000000000
31 279 7 11975 256 2.000000000
31 280 7 11976 256 2.000000000
31 281 7 11977 256 2.000000000
31 282 7 11978 256 2.000000000
31 283 7 11979 256 2.000000000
31 284 7 11980 256 2.000000000
31 285 7 11981 256 2.000000000
31 286 7 11982 256 2.000000000
31 287 7 11983 256 2.000000000
0 512 7 11984 256 2.000000000
1 513 7 11985 256 2.000000000
2 514 7 11986 256 2.000000000
3 515 7 11987 256 2.000000000
4 516 7 11988 256 2.000000000
5 517 7 11989 256 2.000000000
6 518 7 11990 256 2.000000000
7 519 7 11991 256 2.000000000
8 520 7 11992 256 2.000000000
9 521 7 11993 256 2.000000000
10 522 7 11994 256 2.000000000
11 523 7 11995 256 2.000000000
12 524 7 11996 256 2.000000000
13 525 7 11997 256 2.000000000
14 526 7 11998 256 2.000000000
15 527 7 11999 256 2.000000000
16 528 7 12000 256 2.000000000
17 529 7 12001 256 2.000000000
18 530 7 12002 256 2.000000000
19 531 7 12003 256 2.000000000
20 532 7 12004 256 2.000000000
21 533 7 12005 256 2.000000000
22 534 7 12006 256 2.000000000
23 535 7 12007 256 2.000000000
24 536 7 12008 256 2.000000000
25 537 7 12009 256 2.000000000
26 538 7 12010 256 2.000000000
27 539 7 12011 256 2.000000000
28 540 7 12012 256 2.000000000
29 541 7 12013 256 2.000000000
30 542 7 12014 256 2.000000000
31 543 7 12015 256 2.000000000
