702
0 1 7 10000 1 2.000000000
0 2 7 10000 1 2.000000000
0 3 7 10000 1 2.000000000
0 4 7 10000 1 2.000000000
0 5 7 10000 1 2.000000000
0 6 7 10000 1 2.000000000
0 7 7 10000 1 2.000000000
0 8 7 10000 1 2.000000000
0 9 7 10000 1 2.000000000
0 10 7 10000 1 2.000000000
0 11 7 10000 1 2.000000000
0 12 7 10000 1 2.000000000
0 13 7 10000 1 2.000000000
0 14 7 10000 1 2.000000000
0 15 7 10000 1 2.000000000
0 16 7 10000 1 2.000000000
0 17 7 10000 1 2.000000000
0 18 7 10000 1 2.000000000
0 19 7 10000 1 2.000000000
0 20 7 10000 1 2.000000000
0 21 7 10000 1 2.000000000
0 22 7 10000 1 2.000000000
0 23 7 10000 1 2.000000000
0 24 7 10000 1 2.000000000
0 25 7 10000 1 2.000000000
0 26 7 10000 1 2.000000000
1 0 7 10000 1 2.000000000
1 2 7 10001 1 2.000000000
1 3 7 10001 1 2.000000000
1 4 7 10001 1 2.000000000
1 5 7 10001 1 2.000000000
1 6 7 10001 1 2.000000000
1 7 7 10001 1 2.000000000
1 8 7 10001 1 2.000000000
1 9 7 10001 1 2.000000000
1 10 7 10001 1 2.000000000
1 11 7 10001 1 2.000000000
1 12 7 10001 1 2.000000000
1 13 7 10001 1 2.000000000
1 14 7 10001 1 2.000000000
1 15 7 10001 1 2.000000000
1 16 7 10001 1 2.000000000
1 17 7 10001 1 2.000000000
1 18 7 10001 1 2.000000000
1 19 7 10001 1 2.000000000
1 20 7 10001 1 2.000000000
1 21 7 10001 1 2.000000000
1 22 7 10001 1 2.000000000
1 23 7 10001 1 2.000000000
1 24 7 10001 1 2.000000000
1 25 7 10001 1 2.000000000
1 26 7 10001 1 2.000000000
2 0 7 10001 1 2.000000000
2 1 7 10001 1 2.000000000
2 3 7 10002 1 2.000000000
2 4 7 10002 1 2.000000000
2 5 7 10002 1 2.000000000
2 6 7 10002 1 2.000000000
2 7 7 10002 1 2.000000000
2 8 7 10002 1 2.000000000
2 9 7 10002 1 2.000000000
2 10 7 10002 1 2.000000000
2 11 7 10002 1 2.000000000
2 12 7 10002 1 2.000000000
2 13 7 10002 1 2.000000000
2 14 7 10002 1 2.000000000
2 15 7 10002 1 2.000000000
2 16 7 10002 1 2.000000000
2 17 7 10002 1 2.000000000
2 18 7 10002 1 2.000000000
2 19 7 10002 1 2.000000000
2 20 7 10002 1 2.000000000
2 21 7 10002 1 2.000000000
2 22 7 10002 1 2.000000000
2 23 7 10002 1 2.000000000
2 24 7 10002 1 2.000000000
2 25 7 10002 1 2.000000000
2 26 7 10002 1 2.000000000
3 0 7 10002 1 2.000000000
3 1 7 10002 1 2.000000000
3 2 7 10002 1 2.000000000
3 4 7 10003 1 2.000000000
3 5 7 10003 1 2.000000000
3 6 7 10003 1 2.000000000
3 7 7 10003 1 2.000000000
3 8 7 10003 1 2.000000000
3 9 7 10003 1 2.000000000
3 10 7 10003 1 2.000000000
3 11 7 10003 1 2.000000000
3 12 7 10003 1 2.000000000
3 13 7 10003 1 2.000000000
3 14 7 10003 1 2.000000000
3 15 7 10003 1 2.000000000
3 16 7 10003 1 2.000000000
3 17 7 10003 1 2.000000000
3 18 7 10003 1 2.000000000
3 19 7 10003 1 2.000000000
3 20 7 10003 1 2.000000000
3 21 7 10003 1 2.000000000
3 22 7 10003 1 2.000000000
3 23 7 10003 1 2.000000000
3 24 7 10003 1 2.000000000
3 25 7 10003 1 2.000000000
3 26 7 10003 1 2.000000000
4 0 7 10003 1 2.000000000
4 1 7 10003 1 2.000000000
4 2 7 10003 1 2.000000000
4 3 7 10003 1 2.000000000
4 5 7 10004 1 2.000000000
4 6 7 10004 1 2.000000000
4 7 7 10004 1 2.000000000
4 8 7 10004 1 2.000000000
4 9 7 10004 1 2.000000000
4 10 7 10004 1 2.000000000
4 11 7 10004 1 2.000000000
4 12 7 10004 1 2.000000000
4 13 7 10004 1 2.000000000
4 14 7 10004 1 2.000000000
4 15 7 10004 1 2.000000000
4 16 7 10004 1 2.000000000
4 17 7 10004 1 2.000000000
4 18 7 10004 1 2.000000000
4 19 7 10004 1 2.000000000
4 20 7 10004 1 2.000000000
4 21 7 10004 1 2.000000000
4 22 7 10004 1 2.000000000
4 23 7 10004 1 2.000000000
4 24 7 10004 1 2.000000000
4 25 7 10004 1 2.000000000
4 26 7 10004 1 2.000000000
5 0 7 10004 1 2.000000000
5 1 7 10004 1 2.000000000
5 2 7 10004 1 2.000000000
5 3 7 10004 1 2.000000000
5 4 7 10004 1 2.000000000
5 6 7 10005 1 2.000000000
5 7 7 10005 1 2.000000000
5 8 7 10005 1 2.000000000
5 9 7 10005 1 2.000000000
5 10 7 10005 1 2.000000000
5 11 7 10005 1 2.000000000
5 12 7 10005 1 2.000000000
5 13 7 10005 1 2.000000000
5 14 7 10005 1 2.000000000
5 15 7 10005 1 2.000000000
5 16 7 10005 1 2.000000000
5 17 7 10005 1 2.000000000
5 18 7 10005 1 2.000000000
5 19 7 10005 1 2.000000000
5 20 7 10005 1 2.000000000
5 21 7 10005 1 2.000000000
5 22 7 10005 1 2.000000000
5 23 7 10005 1 2.000000000
5 24 7 10005 1 2.000000000
5 25 7 10005 1 2.000000000
5 26 7 10005 1 2.000000000
6 0 7 10005 1 2.000000000
6 1 7 10005 1 2.000000000
6 2 7 10005 1 2.000000000
6 3 7 10005 1 2.000000000
6 4 7 10005 1 2.000000000
6 5 7 10005 1 2.000000000
6 7 7 10006 1 2.000000000
6 8 7 10006 1 2.000000000
6 9 7 10006 1 2.000000000
6 10 7 10006 1 2.000000000
6 11 7 10006 1 2.000000000
6 12 7 10006 1 2.000000000
6 13 7 10006 1 2.000000000
6 14 7 10006 1 2.000000000
6 15 7 10006 1 2.000000000
6 16 7 10006 1 2.000000000
6 17 7 10006 1 2.000000000
6 18 7 10006 1 2.000000000
6 19 7 10006 1 2.000000000
6 20 7 10006 1 2.000000000
6 21 7 10006 1 2.000000000
6 22 7 10006 1 2.000000000
6 23 7 10006 1 2.000000000
6 24 7 10006 1 2.000000000
6 25 7 10006 1 2.000000000
6 26 7 10006 1 2.000000000
7 0 7 10006 1 2.000000000
7 1 7 10006 1 2.000000000
7 2 7 10006 1 2.000000000
7 3 7 10006 1 2.000000000
7 4 7 10006 1 2.000000000
7 5 7 10006 1 2.000000000
7 6 7 10006 1 2.000000000
7 8 7 10007 1 2.000000000
7 9 7 10007 1 2.000000000
7 10 7 10007 1 2.000000000
7 11 7 10007 1 2.000000000
7 12 7 10007 1 2.000000000
7 13 7 10007 1 2.000000000
7 14 7 10007 1 2.000000000
7 15 7 10007 1 2.000000000
7 16 7 10007 1 2.000000000
7 17 7 10007 1 2.000000000
7 18 7 10007 1 2.000000000
7 19 7 10007 1 2.000000000
7 20 7 10007 1 2.000000000
7 21 7 10007 1 2.000000000
7 22 7 10007 1 2.000000000
7 23 7 10007 1 2.000000000
7 24 7 10007 1 2.000000000
7 25 7 10007 1 2.000000000
7 26 7 10007 1 2.000000000
8 0 7 10007 1 2.000000000
8 1 7 10007 1 2.000000000
8 2 7 10007 1 2.000000000
8 3 7 10007 1 2.000000000
8 4 7 10007 1 2.000000000
8 5 7 10007 1 2.000000000
8 6 7 10007 1 2.000000000
8 7 7 10007 1 2.000000000
8 9 7 10008 1 2.000000000
8 10 7 10008 1 2.000000000
8 11 7 10008 1 2.000000000
8 12 7 10008 1 2.000000000
8 13 7 10008 1 2.000000000
8 14 7 10008 1 2.000000000
8 15 7 10008 1 2.000000000
8 16 7 10008 1 2.000000000
8 17 7 10008 1 2.000000000
8 18 7 10008 1 2.000000000
8 19 7 10008 1 2.000000000
8 20 7 10008 1 2.000000000
8 21 7 10008 1 2.000000000
8 22 7 10008 1 2.000000000
8 23 7 10008 1 2.000000000
8 24 7 10008 1 2.000000000
8 25 7 10008 1 2.000000000
8 26 7 10008 1 2.000000000
9 0 7 10008 1 2.000000000
9 1 7 10008 1 2.000000000
9 2 7 10008 1 2.000000000
9 3 7 10008 1 2.000000000
9 4 7 10008 1 2.000000000
9 5 7 10008 1 2.000000000
9 6 7 10008 1 2.000000000
9 7 7 10008 1 2.000000000
9 8 7 10008 1 2.000000000
9 10 7 10009 1 2.000000000
9 11 7 10009 1 2.000000000
9 12 7 10009 1 2.000000000
9 13 7 10009 1 2.000000000
9 14 7 10009 1 2.000000000
9 15 7 10009 1 2.000000000
9 16 7 10009 1 2.000000000
9 17 7 10009 1 2.000000000
9 18 7 10009 1 2.000000000
9 19 7 10009 1 2.000000000
9 20 7 10009 1 2.000000000
9 21 7 10009 1 2.000000000
9 22 7 10009 1 2.000000000
9 23 7 10009 1 2.000000000
9 24 7 10009 1 2.000000000
9 25 7 10009 1 2.000000000
9 26 7 10009 1 2.000000000
10 0 7 10009 1 2.000000000
10 1 7 10009 1 2.000000000
10 2 7 10009 1 2.000000000
10 3 7 10009 1 2.000000000
10 4 7 10009 1 2.000000000
10 5 7 10009 1 2.000000000
10 6 7 10009 1 2.000000000
10 7 7 10009 1 2.000000000
10 8 7 10009 1 2.000000000
10 9 7 10009 1 2.000000000
10 11 7 10010 1 2.000000000
10 12 7 10010 1 2.000000000
10 13 7 10010 1 2.000000000
10 14 7 10010 1 2.000000000
10 15 7 10010 1 2.000000000
10 16 7 10010 1 2.000000000
10 17 7 10010 1 2.000000000
10 18 7 10010 1 2.000000000
10 19 7 10010 1 2.000000000
10 20 7 10010 1 2.000000000
10 21 7 10010 1 2.000000000
10 22 7 10010 1 2.000000000
10 23 7 10010 1 2.000000000
10 24 7 10010 1 2.000000000
10 25 7 10010 1 2.000000000
10 26 7 10010 1 2.000000000
11 0 7 10010 1 2.000000000
11 1 7 10010 1 2.000000000
11 2 7 10010 1 2.000000000
11 3 7 10010 1 2.000000000
11 4 7 10010 1 2.000000000
11 5 7 10010 1 2.000000000
11 6 7 10010 1 2.000000000
11 7 7 10010 1 2.000000000
11 8 7 10010 1 2.000000000
11 9 7 10010 1 2.000000000
11 10 7 10010 1 2.000000000
11 12 7 10011 1 2.000000000
11 13 7 10011 1 2.000000000
11 14 7 10011 1 2.000000000
11 15 7 10011 1 2.000000000
11 16 7 10011 1 2.000000000
11 17 7 10011 1 2.000000000
11 18 7 10011 1 2.000000000
11 19 7 10011 1 2.000000000
11 20 7 10011 1 2.000000000
11 21 7 10011 1 2.000000000
11 22 7 10011 1 2.000000000
11 23 7 10011 1 2.000000000
11 24 7 10011 1 2.000000000
11 25 7 10011 1 2.000000000
11 26 7 10011 1 2.000000000
12 0 7 10011 1 2.000000000
12 1 7 10011 1 2.000000000
12 2 7 10011 1 2.000000000
12 3 7 10011 1 2.000000000
12 4 7 10011 1 2.000000000
12 5 7 10011 1 2.000000000
12 6 7 10011 1 2.000000000
12 7 7 10011 1 2.000000000
12 8 7 10011 1 2.000000000
12 9 7 10011 1 2.000000000
12 10 7 10011 1 2.000000000
12 11 7 10011 1 2.000000000
12 13 7 10012 1 2.000000000
12 14 7 10012 1 2.000000000
12 15 7 10012 1 2.000000000
12 16 7 10012 1 2.000000000
12 17 7 10012 1 2.000000000
12 18 7 10012 1 2.000000000
12 19 7 10012 1 2.000000000
12 20 7 10012 1 2.000000000
12 21 7 10012 1 2.000000000
12 22 7 10012 1 2.000000000
12 23 7 10012 1 2.000000000
12 24 7 10012 1 2.000000000
12 25 7 10012 1 2.000000000
12 26 7 10012 1 2.000000000
13 0 7 10012 1 2.000000000
13 1 7 10012 1 2.000000000
13 2 7 10012 1 2.000000000
13 3 7 10012 1 2.000000000
13 4 7 10012 1 2.000000000
13 5 7 10012 1 2.000000000
13 6 7 10012 1 2.000000000
13 7 7 10012 1 2.000000000
13 8 7 10012 1 2.000000000
13 9 7 10012 1 2.000000000
13 10 7 10012 1 2.000000000
13 11 7 10012 1 2.000000000
13 12 7 10012 1 2.000000000
13 14 7 10013 1 2.000000000
13 15 7 10013 1 2.000000000
13 16 7 10013 1 2.000000000
13 17 7 10013 1 2.000000000
13 18 7 10013 1 2.000000000
13 19 7 10013 1 2.000000000
13 20 7 10013 1 2.000000000
13 21 7 10013 1 2.000000000
13 22 7 10013 1 2.000000000
13 23 7 10013 1 2.000000000
13 24 7 10013 1 2.000000000
13 25 7 10013 1 2.000000000
13 26 7 10013 1 2.000000000
14 0 7 10013 1 2.000000000
14 1 7 10013 1 2.000000000
14 2 7 10013 1 2.000000000
14 3 7 10013 1 2.000000000
14 4 7 10013 1 2.000000000
14 5 7 10013 1 2.000000000
14 6 7 10013 1 2.000000000
14 7 7 10013 1 2.000000000
14 8 7 10013 1 2.000000000
14 9 7 10013 1 2.000000000
14 10 7 10013 1 2.000000000
14 11 7 10013 1 2.000000000
14 12 7 10013 1 2.000000000
14 13 7 10013 1 2.000000000
14 15 7 10014 1 2.000000000
14 16 7 10014 1 2.000000000
14 17 7 10014 1 2.000000000
14 18 7 10014 1 2.000000000
14 19 7 10014 1 2.000000000
14 20 7 10014 1 2.000000000
14 21 7 10014 1 2.000000000
14 22 7 10014 1 2.000000000
14 23 7 10014 1 2.000000000
14 24 7 10014 1 2.000000000
14 25 7 10014 1 2.000000000
14 26 7 10014 1 2.000000000
15 0 7 10014 1 2.000000000
15 1 7 10014 1 2.000000000
15 2 7 10014 1 2.000000000
15 3 7 10014 1 2.000000000
15 4 7 10014 1 2.000000000
15 5 7 10014 1 2.000000000
15 6 7 10014 1 2.000000000
15 7 7 10014 1 2.000000000
15 8 7 10014 1 2.000000000
15 9 7 10014 1 2.000000000
15 10 7 10014 1 2.000000000
15 11 7 10014 1 2.000000000
15 12 7 10014 1 2.000000000
15 13 7 10014 1 2.000000000
15 14 7 10014 1 2.000000000
15 16 7 10015 1 2.000000000
15 17 7 10015 1 2.000000000
15 18 7 10015 1 2.000000000
15 19 7 10015 1 2.000000000
15 20 7 10015 1 2.000000000
15 21 7 10015 1 2.000000000
15 22 7 10015 1 2.000000000
15 23 7 10015 1 2.000000000
15 24 7 10015 1 2.000000000
15 25 7 10015 1 2.000000000
15 26 7 10015 1 2.000000000
16 0 7 10015 1 2.000000000
16 1 7 10015 1 2.000000000
16 2 7 10015 1 2.000000000
16 3 7 10015 1 2.000000000
16 4 7 10015 1 2.000000000
16 5 7 10015 1 2.000000000
16 6 7 10015 1 2.000000000
16 7 7 10015 1 2.000000000
16 8 7 10015 1 2.000000000
16 9 7 10015 1 2.000000000
16 10 7 10015 1 2.000000000
16 11 7 10015 1 2.000000000
16 12 7 10015 1 2.000000000
16 13 7 10015 1 2.000000000
16 14 7 10015 1 2.000000000
16 15 7 10015 1 2.000000000
16 17 7 10016 1 2.000000000
16 18 7 10016 1 2.000000000
16 19 7 10016 1 2.000000000
16 20 7 10016 1 2.000000000
16 21 7 10016 1 2.000000000
16 22 7 10016 1 2.000000000
16 23 7 10016 1 2.000000000
16 24 7 10016 1 2.000000000
16 25 7 10016 1 2.000000000
16 26 7 10016 1 2.000000000
17 0 7 10016 1 2.000000000
17 1 7 10016 1 2.000000000
17 2 7 10016 1 2.000000000
17 3 7 10016 1 2.000000000
17 4 7 10016 1 2.000000000
17 5 7 10016 1 2.000000000
17 6 7 10016 1 2.000000000
17 7 7 10016 1 2.000000000
17 8 7 10016 1 2.000000000
17 9 7 10016 1 2.000000000
17 10 7 10016 1 2.000000000
17 11 7 10016 1 2.000000000
17 12 7 10016 1 2.000000000
17 13 7 10016 1 2.000000000
17 14 7 10016 1 2.000000000
17 15 7 10016 1 2.000000000
17 16 7 10016 1 2.000000000
17 18 7 10017 1 2.000000000
17 19 7 10017 1 2.000000000
17 20 7 10017 1 2.000000000
17 21 7 10017 1 2.000000000
17 22 7 10017 1 2.000000000
17 23 7 10017 1 2.000000000
17 24 7 10017 1 2.000000000
17 25 7 10017 1 2.000000000
17 26 7 10017 1 2.000000000
18 0 7 10017 1 2.000000000
18 1 7 10017 1 2.000000000
18 2 7 10017 1 2.000000000
18 3 7 10017 1 2.000000000
18 4 7 10017 1 2.000000000
18 5 7 10017 1 2.000000000
18 6 7 10017 1 2.000000000
18 7 7 10017 1 2.000000000
18 8 7 10017 1 2.000000000
18 9 7 10017 1 2.000000000
18 10 7 10017 1 2.000000000
18 11 7 10017 1 2.000000000
18 12 7 10017 1 2.000000000
18 13 7 10017 1 2.000000000
18 14 7 10017 1 2.000000000
18 15 7 10017 1 2.000000000
18 16 7 10017 1 2.000000000
18 17 7 10017 1 2.000000000
18 19 7 10018 1 2.000000000
18 20 7 10018 1 2.000000000
18 21 7 10018 1 2.000000000
18 22 7 10018 1 2.000000000
18 23 7 10018 1 2.000000000
18 24 7 10018 1 2.000000000
18 25 7 10018 1 2.000000000
18 26 7 10018 1 2.000000000
19 0 7 10018 1 2.000000000
19 1 7 10018 1 2.000000000
19 2 7 10018 1 2.000000000
19 3 7 10018 1 2.000000000
19 4 7 10018 1 2.000000000
19 5 7 10018 1 2.000000000
19 6 7 10018 1 2.000000000
19 7 7 10018 1 2.000000000
19 8 7 10018 1 2.000000000
19 9 7 10018 1 2.000000000
19 10 7 10018 1 2.000000000
19 11 7 10018 1 2.000000000
19 12 7 10018 1 2.000000000
19 13 7 10018 1 2.000000000
19 14 7 10018 1 2.000000000
19 15 7 10018 1 2.000000000
19 16 7 10018 1 2.000000000
19 17 7 10018 1 2.000000000
19 18 7 10018 1 2.000000000
19 20 7 10019 1 2.000000000
19 21 7 10019 1 2.000000000
19 22 7 10019 1 2.000000000
19 23 7 10019 1 2.000000000
19 24 7 10019 1 2.000000000
19 25 7 10019 1 2.000000000
19 26 7 10019 1 2.000000000
20 0 7 10019 1 2.000000000
20 1 7 10019 1 2.000000000
20 2 7 10019 1 2.000000000
20 3 7 10019 1 2.000000000
20 4 7 10019 1 2.000000000
20 5 7 10019 1 2.000000000
20 6 7 10019 1 2.000000000
20 7 7 10019 1 2.000000000
20 8 7 10019 1 2.000000000
20 9 7 10019 1 2.000000000
20 10 7 10019 1 2.000000000
20 11 7 10019 1 2.000000000
20 12 7 10019 1 2.000000000
20 13 7 10019 1 2.000000000
20 14 7 10019 1 2.000000000
20 15 7 10019 1 2.000000000
20 16 7 10019 1 2.000000000
20 17 7 10019 1 2.000000000
20 18 7 10019 1 2.000000000
20 19 7 10019 1 2.000000000
20 21 7 10020 1 2.000000000
20 22 7 10020 1 2.000000000
20 23 7 10020 1 2.000000000
20 24 7 10020 1 2.000000000
20 25 7 10020 1 2.000000000
20 26 7 10020 1 2.000000000
21 0 7 10020 1 2.000000000
21 1 7 10020 1 2.000000000
21 2 7 10020 1 2.000000000
21 3 7 10020 1 2.000000000
21 4 7 10020 1 2.000000000
21 5 7 10020 1 2.000000000
21 6 7 10020 1 2.000000000
21 7 7 10020 1 2.000000000
21 8 7 10020 1 2.000000000
21 9 7 10020 1 2.000000000
21 10 7 10020 1 2.000000000
21 11 7 10020 1 2.000000000
21 12 7 10020 1 2.000000000
21 13 7 10020 1 2.000000000
21 14 7 10020 1 2.000000000
21 15 7 10020 1 2.000000000
21 16 7 10020 1 2.000000000
21 17 7 10020 1 2.000000000
21 18 7 10020 1 2.000000000
21 19 7 10020 1 2.000000000
21 20 7 10020 1 2.000000000
21 22 7 10021 1 2.000000000
21 23 7 10021 1 2.000000000
21 24 7 10021 1 2.000000000
21 25 7 10021 1 2.000000000
21 26 7 10021 1 2.000000000
22 0 7 10021 1 2.000000000
22 1 7 10021 1 2.000000000
22 2 7 10021 1 2.000000000
22 3 7 10021 1 2.000000000
22 4 7 10021 1 2.000000000
22 5 7 10021 1 2.000000000
22 6 7 10021 1 2.000000000
22 7 7 10021 1 2.000000000
22 8 7 10021 1 2.000000000
22 9 7 10021 1 2.000000000
22 10 7 10021 1 2.000000000
22 11 7 10021 1 2.000000000
22 12 7 10021 1 2.000000000
22 13 7 10021 1 2.000000000
22 14 7 10021 1 2.000000000
22 15 7 10021 1 2.000000000
22 16 7 10021 1 2.000000000
22 17 7 10021 1 2.000000000
22 18 7 10021 1 2.000000000
22 19 7 10021 1 2.000000000
22 20 7 10021 1 2.000000000
22 21 7 10021 1 2.000000000
22 23 7 10022 1 2.000000000
22 24 7 10022 1 2.000000000
22 25 7 10022 1 2.000000000
22 26 7 10022 1 2.000000000
23 0 7 10022 1 2.000000000
23 1 7 10022 1 2.000000000
23 2 7 10022 1 2.000000000
23 3 7 10022 1 2.000000000
23 4 7 10022 1 2.000000000
23 5 7 10022 1 2.000000000
23 6 7 10022 1 2.000000000
23 7 7 10022 1 2.000000000
23 8 7 10022 1 2.000000000
23 9 7 10022 1 2.000000000
23 10 7 10022 1 2.000000000
23 11 7 10022 1 2.000000000
23 12 7 10022 1 2.000000000
23 13 7 10022 1 2.000000000
23 14 7 10022 1 2.000000000
23 15 7 10022 1 2.000000000
23 16 7 10022 1 2.000000000
23 17 7 10022 1 2.000000000
23 18 7 10022 1 2.000000000
23 19 7 10022 1 2.000000000
23 20 7 10022 1 2.000000000
23 21 7 10022 1 2.000000000
23 22 7 10022 1 2.000000000
23 24 7 10023 1 2.000000000
23 25 7 10023 1 2.000000000
23 26 7 10023 1 2.000000000
24 0 7 10023 1 2.000000000
24 1 7 10023 1 2.000000000
24 2 7 10023 1 2.000000000
24 3 7 10023 1 2.000000000
24 4 7 10023 1 2.000000000
24 5 7 10023 1 2.000000000
24 6 7 10023 1 2.000000000
24 7 7 10023 1 2.000000000
24 8 7 10023 1 2.000000000
24 9 7 10023 1 2.000000000
24 10 7 10023 1 2.000000000
24 11 7 10023 1 2.000000000
24 12 7 10023 1 2.000000000
24 13 7 10023 1 2.000000000
24 14 7 10023 1 2.000000000
24 15 7 10023 1 2.000000000
24 16 7 10023 1 2.000000000
24 17 7 10023 1 2.000000000
24 18 7 10023 1 2.000000000
24 19 7 10023 1 2.000000000
24 20 7 10023 1 2.000000000
24 21 7 10023 1 2.000000000
24 22 7 10023 1 2.000000000
24 23 7 10023 1 2.000000000
24 25 7 10024 1 2.000000000
24 26 7 10024 1 2.000000000
25 0 7 10024 1 2.000000000
25 1 7 10024 1 2.000000000
25 2 7 10024 1 2.000000000
25 3 7 10024 1 2.000000000
25 4 7 10024 1 2.000000000
25 5 7 10024 1 2.000000000
25 6 7 10024 1 2.000000000
25 7 7 10024 1 2.000000000
25 8 7 10024 1 2.000000000
25 9 7 10024 1 2.000000000
25 10 7 10024 1 2.000000000
25 11 7 10024 1 2.000000000
25 12 7 10024 1 2.000000000
25 13 7 10024 1 2.000000000
25 14 7 10024 1 2.000000000
25 15 7 10024 1 2.000000000
25 16 7 10024 1 2.000000000
25 17 7 10024 1 2.000000000
25 18 7 10024 1 2.000000000
25 19 7 10024 1 2.000000000
25 20 7 10024 1 2.000000000
25 21 7 10024 1 2.000000000
25 22 7 10024 1 2.000000000
25 23 7 10024 1 2.000000000
25 24 7 10024 1 2.000000000
25 26 7 10025 1 2.000000000
26 0 7 10025 1 2.000000000
26 1 7 10025 1 2.000000000
26 2 7 10025 1 2.000000000
26 3 7 10025 1 2.000000000
26 4 7 10025 1 2.000000000
26 5 7 10025 1 2.000000000
26 6 7 10025 1 2.000000000
26 7 7 10025 1 2.000000000
26 8 7 10025 1 2.000000000
26 9 7 10025 1 2.000000000
26 10 7 10025 1 2.000000000
26 11 7 10025 1 2.000000000
26 12 7 10025 1 2.000000000
26 13 7 10025 1 2.000000000
26 14 7 10025 1 2.000000000
26 15 7 10025 1 2.000000000
26 16 7 10025 1 2.000000000
26 17 7 10025 1 2.000000000
26 18 7 10025 1 2.000000000
26 19 7 10025 1 2.000000000
26 20 7 10025 1 2.000000000
26 21 7 10025 1 2.000000000
26 22 7 10025 1 2.000000000
26 23 7 10025 1 2.000000000
26 24 7 10025 1 2.000000000
26 25 7 10025 1 2.000000000
