1290
0 1 7 10000 1 2.000000000
0 2 7 10001 1 2.000000000
0 3 7 10002 1 2.000000000
0 4 7 10003 1 2.000000000
0 5 7 10004 1 2.000000000
0 6 7 10005 1 2.000000000
0 7 7 10006 1 2.000000000
0 8 7 10007 1 2.000000000
0 9 7 10008 1 2.000000000
0 10 7 10009 1 2.000000000
0 11 7 10010 1 2.000000000
0 12 7 10011 1 2.000000000
0 13 7 10012 1 2.000000000
0 14 7 10013 1 2.000000000
0 15 7 10014 1 2.000000000
0 16 7 10015 1 2.000000000
0 17 7 10016 1 2.000000000
0 18 7 10017 1 2.000000000
0 19 7 10018 1 2.000000000
0 20 7 10019 1 2.000000000
0 21 7 10020 1 2.000000000
0 22 7 10021 1 2.000000000
0 23 7 10022 1 2.000000000
0 24 7 10023 1 2.000000000
0 25 7 10024 1 2.000000000
0 26 7 10025 1 2.000000000
0 27 7 10026 1 2.000000000
0 28 7 10027 1 2.000000000
0 29 7 10028 1 2.000000000
0 30 7 10029 1 2.000000000
0 31 7 10030 1 2.000000000
0 32 7 10031 1 2.000000000
0 33 7 10032 1 2.000000000
0 34 7 10033 1 2.000000000
0 35 7 10034 1 2.000000000
0 36 7 10035 1 2.000000000
0 37 7 10036 1 2.000000000
0 38 7 10037 1 2.000000000
0 39 7 10038 1 2.000000000
0 40 7 10039 1 2.000000000
0 41 7 10040 1 2.000000000
0 42 7 10041 1 2.000000000
0 43 7 10042 1 2.000000000
0 44 7 10043 1 2.000000000
0 45 7 10044 1 2.000000000
0 46 7 10045 1 2.000000000
0 47 7 10046 1 2.000000000
0 48 7 10047 1 2.000000000
0 49 7 10048 1 2.000000000
0 50 7 10049 1 2.000000000
0 51 7 10050 1 2.000000000
0 52 7 10051 1 2.000000000
0 53 7 10052 1 2.000000000
0 54 7 10053 1 2.000000000
0 55 7 10054 1 2.000000000
0 56 7 10055 1 2.000000000
0 57 7 10056 1 2.000000000
0 58 7 10057 1 2.000000000
0 59 7 10058 1 2.000000000
0 60 7 10059 1 2.000000000
0 61 7 10060 1 2.000000000
0 62 7 10061 1 2.000000000
0 63 7 10062 1 2.000000000
0 64 7 10063 1 2.000000000
0 65 7 10064 1 2.000000000
0 66 7 10065 1 2.000000000
0 67 7 10066 1 2.000000000
0 68 7 10067 1 2.000000000
0 69 7 10068 1 2.000000000
0 70 7 10069 1 2.000000000
0 71 7 10070 1 2.000000000
0 72 7 10071 1 2.000000000
0 73 7 10072 1 2.000000000
0 74 7 10073 1 2.000000000
0 75 7 10074 1 2.000000000
0 76 7 10075 1 2.000000000
0 77 7 10076 1 2.000000000
0 78 7 10077 1 2.000000000
0 79 7 10078 1 2.000000000
0 80 7 10079 1 2.000000000
0 81 7 10080 1 2.000000000
0 82 7 10081 1 2.000000000
0 83 7 10082 1 2.000000000
0 84 7 10083 1 2.000000000
0 85 7 10084 1 2.000000000
0 86 7 10085 1 2.000000000
0 87 7 10086 1 2.000000000
0 88 7 10087 1 2.000000000
0 89 7 10088 1 2.000000000
0 90 7 10089 1 2.000000000
0 91 7 10090 1 2.000000000
0 92 7 10091 1 2.000000000
0 93 7 10092 1 2.000000000
0 94 7 10093 1 2.000000000
0 95 7 10094 1 2.000000000
0 96 7 10095 1 2.000000000
0 97 7 10096 1 2.000000000
0 98 7 10097 1 2.000000000
0 99 7 10098 1 2.000000000
0 100 7 10099 1 2.000000000
0 101 7 10100 1 2.000000000
0 102 7 10101 1 2.000000000
0 103 7 10102 1 2.000000000
0 104 7 10103 1 2.000000000
0 105 7 10104 1 2.000000000
0 106 7 10105 1 2.000000000
0 107 7 10106 1 2.000000000
0 108 7 10107 1 2.000000000
0 109 7 10108 1 2.000000000
0 110 7 10109 1 2.000000000
0 111 7 10110 1 2.000000000
0 112 7 10111 1 2.000000000
0 113 7 10112 1 2.000000000
0 114 7 10113 1 2.000000000
0 115 7 10114 1 2.000000000
0 116 7 10115 1 2.000000000
0 117 7 10116 1 2.000000000
0 118 7 10117 1 2.000000000
0 119 7 10118 1 2.000000000
0 120 7 10119 1 2.000000000
0 121 7 10120 1 2.000000000
0 122 7 10121 1 2.000000000
0 123 7 10122 1 2.000000000
0 124 7 10123 1 2.000000000
0 125 7 10124 1 2.000000000
0 126 7 10125 1 2.000000000
0 127 7 10126 1 2.000000000
0 128 7 10127 1 2.000000000
0 129 7 10128 1 2.000000000
0 130 7 10129 1 2.000000000
0 131 7 10130 1 2.000000000
0 132 7 10131 1 2.000000000
0 133 7 10132 1 2.000000000
0 134 7 10133 1 2.000000000
0 135 7 10134 1 2.000000000
0 136 7 10135 1 2.000000000
0 137 7 10136 1 2.000000000
0 138 7 10137 1 2.000000000
0 139 7 10138 1 2.000000000
0 140 7 10139 1 2.000000000
0 141 7 10140 1 2.000000000
0 142 7 10141 1 2.000000000
0 143 7 10142 1 2.000000000
0 144 7 10143 1 2.000000000
0 145 7 10144 1 2.000000000
0 146 7 10145 1 2.000000000
0 147 7 10146 1 2.000000000
0 148 7 10147 1 2.000000000
0 149 7 10148 1 2.000000000
0 150 7 10149 1 2.000000000
0 151 7 10150 1 2.000000000
0 152 7 10151 1 2.000000000
0 153 7 10152 1 2.000000000
0 154 7 10153 1 2.000000000
0 155 7 10154 1 2.000000000
0 156 7 10155 1 2.000000000
0 157 7 10156 1 2.000000000
0 158 7 10157 1 2.000000000
0 159 7 10158 1 2.000000000
0 160 7 10159 1 2.000000000
0 161 7 10160 1 2.000000000
0 162 7 10161 1 2.000000000
0 163 7 10162 1 2.000000000
0 164 7 10163 1 2.000000000
0 165 7 10164 1 2.000000000
0 166 7 10165 1 2.000000000
0 167 7 10166 1 2.000000000
0 168 7 10167 1 2.000000000
0 169 7 10168 1 2.000000000
0 170 7 10169 1 2.000000000
0 171 7 10170 1 2.000000000
0 172 7 10171 1 2.000000000
0 173 7 10172 1 2.000000000
0 174 7 10173 1 2.000000000
0 175 7 10174 1 2.000000000
0 176 7 10175 1 2.000000000
0 177 7 10176 1 2.000000000
0 178 7 10177 1 2.000000000
0 179 7 10178 1 2.000000000
0 180 7 10179 1 2.000000000
0 181 7 10180 1 2.000000000
0 182 7 10181 1 2.000000000
0 183 7 10182 1 2.000000000
0 184 7 10183 1 2.000000000
0 185 7 10184 1 2.000000000
0 186 7 10185 1 2.000000000
0 187 7 10186 1 2.000000000
0 188 7 10187 1 2.000000000
0 189 7 10188 1 2.000000000
0 190 7 10189 1 2.000000000
0 191 7 10190 1 2.000000000
0 192 7 10191 1 2.000000000
0 193 7 10192 1 2.000000000
0 194 7 10193 1 2.000000000
0 195 7 10194 1 2.000000000
0 196 7 10195 1 2.000000000
0 197 7 10196 1 2.000000000
0 198 7 10197 1 2.000000000
0 199 7 10198 1 2.000000000
0 200 7 10199 1 2.000000000
0 201 7 10200 1 2.000000000
0 202 7 10201 1 2.000000000
0 203 7 10202 1 2.000000000
0 204 7 10203 1 2.000000000
0 205 7 10204 1 2.000000000
0 206 7 10205 1 2.000000000
0 207 7 10206 1 2.000000000
0 208 7 10207 1 2.000000000
0 209 7 10208 1 2.000000000
0 210 7 10209 1 2.000000000
0 211 7 10210 1 2.000000000
0 212 7 10211 1 2.000000000
0 213 7 10212 1 2.000000000
0 214 7 10213 1 2.000000000
0 215 7 10214 1 2.000000000
1 0 7 10215 1 2.000000000
1 2 7 10216 1 2.000000000
1 3 7 10217 1 2.000000000
1 4 7 10218 1 2.000000000
1 5 7 10219 1 2.000000000
1 6 7 10220 1 2.000000000
1 7 7 10221 1 2.000000000
1 8 7 10222 1 2.000000000
1 9 7 10223 1 2.000000000
1 10 7 10224 1 2.000000000
1 11 7 10225 1 2.000000000
1 12 7 10226 1 2.000000000
1 13 7 10227 1 2.000000000
1 14 7 10228 1 2.000000000
1 15 7 10229 1 2.000000000
1 16 7 10230 1 2.000000000
1 17 7 10231 1 2.000000000
1 18 7 10232 1 2.000000000
1 19 7 10233 1 2.000000000
1 20 7 10234 1 2.000000000
1 21 7 10235 1 2.000000000
1 22 7 10236 1 2.000000000
1 23 7 10237 1 2.000000000
1 24 7 10238 1 2.000000000
1 25 7 10239 1 2.000000000
1 26 7 10240 1 2.000000000
1 27 7 10241 1 2.000000000
1 28 7 10242 1 2.000000000
1 29 7 10243 1 2.000000000
1 30 7 10244 1 2.000000000
1 31 7 10245 1 2.000000000
1 32 7 10246 1 2.000000000
1 33 7 10247 1 2.000000000
1 34 7 10248 1 2.000000000
1 35 7 10249 1 2.000000000
1 36 7 10250 1 2.000000000
1 37 7 10251 1 2.000000000
1 38 7 10252 1 2.000000000
1 39 7 10253 1 2.000000000
1 40 7 10254 1 2.000000000
1 41 7 10255 1 2.000000000
1 42 7 10256 1 2.000000000
1 43 7 10257 1 2.000000000
1 44 7 10258 1 2.000000000
1 45 7 10259 1 2.000000000
1 46 7 10260 1 2.000000000
1 47 7 10261 1 2.000000000
1 48 7 10262 1 2.000000000
1 49 7 10263 1 2.000000000
1 50 7 10264 1 2.000000000
1 51 7 10265 1 2.000000000
1 52 7 10266 1 2.000000000
1 53 7 10267 1 2.000000000
1 54 7 10268 1 2.000000000
1 55 7 10269 1 2.000000000
1 56 7 10270 1 2.000000000
1 57 7 10271 1 2.000000000
1 58 7 10272 1 2.000000000
1 59 7 10273 1 2.000000000
1 60 7 10274 1 2.000000000
1 61 7 10275 1 2.000000000
1 62 7 10276 1 2.000000000
1 63 7 10277 1 2.000000000
1 64 7 10278 1 2.000000000
1 65 7 10279 1 2.000000000
1 66 7 10280 1 2.000000000
1 67 7 10281 1 2.000000000
1 68 7 10282 1 2.000000000
1 69 7 10283 1 2.000000000
1 70 7 10284 1 2.000000000
1 71 7 10285 1 2.000000000
1 72 7 10286 1 2.000000000
1 73 7 10287 1 2.000000000
1 74 7 10288 1 2.000000000
1 75 7 10289 1 2.000000000
1 76 7 10290 1 2.000000000
1 77 7 10291 1 2.000000000
1 78 7 10292 1 2.000000000
1 79 7 10293 1 2.000000000
1 80 7 10294 1 2.000000000
1 81 7 10295 1 2.000000000
1 82 7 10296 1 2.000000000
1 83 7 10297 1 2.000000000
1 84 7 10298 1 2.000000000
1 85 7 10299 1 2.000000000
1 86 7 10300 1 2.000000000
1 87 7 10301 1 2.000000000
1 88 7 10302 1 2.000000000
1 89 7 10303 1 2.000000000
1 90 7 10304 1 2.000000000
1 91 7 10305 1 2.000000000
1 92 7 10306 1 2.000000000
1 93 7 10307 1 2.000000000
1 94 7 10308 1 2.000000000
1 95 7 10309 1 2.000000000
1 96 7 10310 1 2.000000000
1 97 7 10311 1 2.000000000
1 98 7 10312 1 2.000000000
1 99 7 10313 1 2.000000000
1 100 7 10314 1 2.000000000
1 101 7 10315 1 2.000000000
1 102 7 10316 1 2.000000000
1 103 7 10317 1 2.000000000
1 104 7 10318 1 2.000000000
1 105 7 10319 1 2.000000000
1 106 7 10320 1 2.000000000
1 107 7 10321 1 2.000000000
1 108 7 10322 1 2.000000000
1 109 7 10323 1 2.000000000
1 110 7 10324 1 2.000000000
1 111 7 10325 1 2.000000000
1 112 7 10326 1 2.000000000
1 113 7 10327 1 2.000000000
1 114 7 10328 1 2.000000000
1 115 7 10329 1 2.000000000
1 116 7 10330 1 2.000000000
1 117 7 10331 1 2.000000000
1 118 7 10332 1 2.000000000
1 119 7 10333 1 2.000000000
1 120 7 10334 1 2.000000000
1 121 7 10335 1 2.000000000
1 122 7 10336 1 2.000000000
1 123 7 10337 1 2.000000000
1 124 7 10338 1 2.000000000
1 125 7 10339 1 2.000000000
1 126 7 10340 1 2.000000000
1 127 7 10341 1 2.000000000
1 128 7 10342 1 2.000000000
1 129 7 10343 1 2.000000000
1 130 7 10344 1 2.000000000
1 131 7 10345 1 2.000000000
1 132 7 10346 1 2.000000000
1 133 7 10347 1 2.000000000
1 134 7 10348 1 2.000000000
1 135 7 10349 1 2.000000000
1 136 7 10350 1 2.000000000
1 137 7 10351 1 2.000000000
1 138 7 10352 1 2.000000000
1 139 7 10353 1 2.000000000
1 140 7 10354 1 2.000000000
1 141 7 10355 1 2.000000000
1 142 7 10356 1 2.000000000
1 143 7 10357 1 2.000000000
1 144 7 10358 1 2.000000000
1 145 7 10359 1 2.000000000
1 146 7 10360 1 2.000000000
1 147 7 10361 1 2.000000000
1 148 7 10362 1 2.000000000
1 149 7 10363 1 2.000000000
1 150 7 10364 1 2.000000000
1 151 7 10365 1 2.000000000
1 152 7 10366 1 2.000000000
1 153 7 10367 1 2.000000000
1 154 7 10368 1 2.000000000
1 155 7 10369 1 2.000000000
1 156 7 10370 1 2.000000000
1 157 7 10371 1 2.000000000
1 158 7 10372 1 2.000000000
1 159 7 10373 1 2.000000000
1 160 7 10374 1 2.000000000
1 161 7 10375 1 2.000000000
1 162 7 10376 1 2.000000000
1 163 7 10377 1 2.000000000
1 164 7 10378 1 2.000000000
1 165 7 10379 1 2.000000000
1 166 7 10380 1 2.000000000
1 167 7 10381 1 2.000000000
1 168 7 10382 1 2.000000000
1 169 7 10383 1 2.000000000
1 170 7 10384 1 2.000000000
1 171 7 10385 1 2.000000000
1 172 7 10386 1 2.000000000
1 173 7 10387 1 2.000000000
1 174 7 10388 1 2.000000000
1 175 7 10389 1 2.000000000
1 176 7 10390 1 2.000000000
1 177 7 10391 1 2.000000000
1 178 7 10392 1 2.000000000
1 179 7 10393 1 2.000000000
1 180 7 10394 1 2.000000000
1 181 7 10395 1 2.000000000
1 182 7 10396 1 2.000000000
1 183 7 10397 1 2.000000000
1 184 7 10398 1 2.000000000
1 185 7 10399 1 2.000000000
1 186 7 10400 1 2.000000000
1 187 7 10401 1 2.000000000
1 188 7 10402 1 2.000000000
1 189 7 10403 1 2.000000000
1 190 7 10404 1 2.000000000
1 191 7 10405 1 2.000000000
1 192 7 10406 1 2.000000000
1 193 7 10407 1 2.000000000
1 194 7 10408 1 2.000000000
1 195 7 10409 1 2.000000000
1 196 7 10410 1 2.000000000
1 197 7 10411 1 2.000000000
1 198 7 10412 1 2.000000000
1 199 7 10413 1 2.000000000
1 200 7 10414 1 2.000000000
1 201 7 10415 1 2.000000000
1 202 7 10416 1 2.000000000
1 203 7 10417 1 2.000000000
1 204 7 10418 1 2.000000000
1 205 7 10419 1 2.000000000
1 206 7 10420 1 2.000000000
1 207 7 10421 1 2.000000000
1 208 7 10422 1 2.000000000
1 209 7 10423 1 2.000000000
1 210 7 10424 1 2.000000000
1 211 7 10425 1 2.000000000
1 212 7 10426 1 2.000000000
1 213 7 10427 1 2.000000000
1 214 7 10428 1 2.000000000
1 215 7 10429 1 2.000000000
2 0 7 10430 1 2.000000000
2 1 7 10431 1 2.000000000
2 3 7 10432 1 2.000000000
2 4 7 10433 1 2.000000000
2 5 7 10434 1 2.000000000
2 6 7 10435 1 2.000000000
2 7 7 10436 1 2.000000000
2 8 7 10437 1 2.000000000
2 9 7 10438 1 2.000000000
2 10 7 10439 1 2.000000000
2 11 7 10440 1 2.000000000
2 12 7 10441 1 2.000000000
2 13 7 10442 1 2.000000000
2 14 7 10443 1 2.000000000
2 15 7 10444 1 2.000000000
2 16 7 10445 1 2.000000000
2 17 7 10446 1 2.000000000
2 18 7 10447 1 2.000000000
2 19 7 10448 1 2.000000000
2 20 7 10449 1 2.000000000
2 21 7 10450 1 2.000000000
2 22 7 10451 1 2.000000000
2 23 7 10452 1 2.000000000
2 24 7 10453 1 2.000000000
2 25 7 10454 1 2.000000000
2 26 7 10455 1 2.000000000
2 27 7 10456 1 2.000000000
2 28 7 10457 1 2.000000000
2 29 7 10458 1 2.000000000
2 30 7 10459 1 2.000000000
2 31 7 10460 1 2.000000000
2 32 7 10461 1 2.000000000
2 33 7 10462 1 2.000000000
2 34 7 10463 1 2.000000000
2 35 7 10464 1 2.000000000
2 36 7 10465 1 2.000000000
2 37 7 10466 1 2.000000000
2 38 7 10467 1 2.000000000
2 39 7 10468 1 2.000000000
2 40 7 10469 1 2.000000000
2 41 7 10470 1 2.000000000
2 42 7 10471 1 2.000000000
2 43 7 10472 1 2.000000000
2 44 7 10473 1 2.000000000
2 45 7 10474 1 2.000000000
2 46 7 10475 1 2.000000000
2 47 7 10476 1 2.000000000
2 48 7 10477 1 2.000000000
2 49 7 10478 1 2.000000000
2 50 7 10479 1 2.000000000
2 51 7 10480 1 2.000000000
2 52 7 10481 1 2.000000000
2 53 7 10482 1 2.000000000
2 54 7 10483 1 2.000000000
2 55 7 10484 1 2.000000000
2 56 7 10485 1 2.000000000
2 57 7 10486 1 2.000000000
2 58 7 10487 1 2.000000000
2 59 7 10488 1 2.000000000
2 60 7 10489 1 2.000000000
2 61 7 10490 1 2.000000000
2 62 7 10491 1 2.000000000
2 63 7 10492 1 2.000000000
2 64 7 10493 1 2.000000000
2 65 7 10494 1 2.000000000
2 66 7 10495 1 2.000000000
2 67 7 10496 1 2.000000000
2 68 7 10497 1 2.000000000
2 69 7 10498 1 2.000000000
2 70 7 10499 1 2.000000000
2 71 7 10500 1 2.000000000
2 72 7 10501 1 2.000000000
2 73 7 10502 1 2.000000000
2 74 7 10503 1 2.000000000
2 75 7 10504 1 2.000000000
2 76 7 10505 1 2.000000000
2 77 7 10506 1 2.000000000
2 78 7 10507 1 2.000000000
2 79 7 10508 1 2.000000000
2 80 7 10509 1 2.000000000
2 81 7 10510 1 2.000000000
2 82 7 10511 1 2.000000000
2 83 7 10512 1 2.000000000
2 84 7 10513 1 2.000000000
2 85 7 10514 1 2.000000000
2 86 7 10515 1 2.000000000
2 87 7 10516 1 2.000000000
2 88 7 10517 1 2.000000000
2 89 7 10518 1 2.000000000
2 90 7 10519 1 2.000000000
2 91 7 10520 1 2.000000000
2 92 7 10521 1 2.000000000
2 93 7 10522 1 2.000000000
2 94 7 10523 1 2.000000000
2 95 7 10524 1 2.000000000
2 96 7 10525 1 2.000000000
2 97 7 10526 1 2.000000000
2 98 7 10527 1 2.000000000
2 99 7 10528 1 2.000000000
2 100 7 10529 1 2.000000000
2 101 7 10530 1 2.000000000
2 102 7 10531 1 2.000000000
2 103 7 10532 1 2.000000000
2 104 7 10533 1 2.000000000
2 105 7 10534 1 2.000000000
2 106 7 10535 1 2.000000000
2 107 7 10536 1 2.000000000
2 108 7 10537 1 2.000000000
2 109 7 10538 1 2.000000000
2 110 7 10539 1 2.000000000
2 111 7 10540 1 2.000000000
2 112 7 10541 1 2.000000000
2 113 7 10542 1 2.000000000
2 114 7 10543 1 2.000000000
2 115 7 10544 1 2.000000000
2 116 7 10545 1 2.000000000
2 117 7 10546 1 2.000000000
2 118 7 10547 1 2.000000000
2 119 7 10548 1 2.000000000
2 120 7 10549 1 2.000000000
2 121 7 10550 1 2.000000000
2 122 7 10551 1 2.000000000
2 123 7 10552 1 2.000000000
2 124 7 10553 1 2.000000000
2 125 7 10554 1 2.000000000
2 126 7 10555 1 2.000000000
2 127 7 10556 1 2.000000000
2 128 7 10557 1 2.000000000
2 129 7 10558 1 2.000000000
2 130 7 10559 1 2.000000000
2 131 7 10560 1 2.000000000
2 132 7 10561 1 2.000000000
2 133 7 10562 1 2.000000000
2 134 7 10563 1 2.000000000
2 135 7 10564 1 2.000000000
2 136 7 10565 1 2.000000000
2 137 7 10566 1 2.000000000
2 138 7 10567 1 2.000000000
2 139 7 10568 1 2.000000000
2 140 7 10569 1 2.000000000
2 141 7 10570 1 2.000000000
2 142 7 10571 1 2.000000000
2 143 7 10572 1 2.000000000
2 144 7 10573 1 2.000000000
2 145 7 10574 1 2.000000000
2 146 7 10575 1 2.000000000
2 147 7 10576 1 2.000000000
2 148 7 10577 1 2.000000000
2 149 7 10578 1 2.000000000
2 150 7 10579 1 2.000000000
2 151 7 10580 1 2.000000000
2 152 7 10581 1 2.000000000
2 153 7 10582 1 2.000000000
2 154 7 10583 1 2.000000000
2 155 7 10584 1 2.000000000
2 156 7 10585 1 2.000000000
2 157 7 10586 1 2.000000000
2 158 7 10587 1 2.000000000
2 159 7 10588 1 2.000000000
2 160 7 10589 1 2.000000000
2 161 7 10590 1 2.000000000
2 162 7 10591 1 2.000000000
2 163 7 10592 1 2.000000000
2 164 7 10593 1 2.000000000
2 165 7 10594 1 2.000000000
2 166 7 10595 1 2.000000000
2 167 7 10596 1 2.000000000
2 168 7 10597 1 2.000000000
2 169 7 10598 1 2.000000000
2 170 7 10599 1 2.000000000
2 171 7 10600 1 2.000000000
2 172 7 10601 1 2.000000000
2 173 7 10602 1 2.000000000
2 174 7 10603 1 2.000000000
2 175 7 10604 1 2.000000000
2 176 7 10605 1 2.000000000
2 177 7 10606 1 2.000000000
2 178 7 10607 1 2.000000000
2 179 7 10608 1 2.000000000
2 180 7 10609 1 2.000000000
2 181 7 10610 1 2.000000000
2 182 7 10611 1 2.000000000
2 183 7 10612 1 2.000000000
2 184 7 10613 1 2.000000000
2 185 7 10614 1 2.000000000
2 186 7 10615 1 2.000000000
2 187 7 10616 1 2.000000000
2 188 7 10617 1 2.000000000
2 189 7 10618 1 2.000000000
2 190 7 10619 1 2.000000000
2 191 7 10620 1 2.000000000
2 192 7 10621 1 2.000000000
2 193 7 10622 1 2.000000000
2 194 7 10623 1 2.000000000
2 195 7 10624 1 2.000000000
2 196 7 10625 1 2.000000000
2 197 7 10626 1 2.000000000
2 198 7 10627 1 2.000000000
2 199 7 10628 1 2.000000000
2 200 7 10629 1 2.000000000
2 201 7 10630 1 2.000000000
2 202 7 10631 1 2.000000000
2 203 7 10632 1 2.000000000
2 204 7 10633 1 2.000000000
2 205 7 10634 1 2.000000000
2 206 7 10635 1 2.000000000
2 207 7 10636 1 2.000000000
2 208 7 10637 1 2.000000000
2 209 7 10638 1 2.000000000
2 210 7 10639 1 2.000000000
2 211 7 10640 1 2.000000000
2 212 7 10641 1 2.000000000
2 213 7 10642 1 2.000000000
2 214 7 10643 1 2.000000000
2 215 7 10644 1 2.000000000
3 0 7 10645 1 2.000000000
3 1 7 10646 1 2.000000000
3 2 7 10647 1 2.000000000
3 4 7 10648 1 2.000000000
3 5 7 10649 1 2.000000000
3 6 7 10650 1 2.000000000
3 7 7 10651 1 2.000000000
3 8 7 10652 1 2.000000000
3 9 7 10653 1 2.000000000
3 10 7 10654 1 2.000000000
3 11 7 10655 1 2.000000000
3 12 7 10656 1 2.000000000
3 13 7 10657 1 2.000000000
3 14 7 10658 1 2.000000000
3 15 7 10659 1 2.000000000
3 16 7 10660 1 2.000000000
3 17 7 10661 1 2.000000000
3 18 7 10662 1 2.000000000
3 19 7 10663 1 2.000000000
3 20 7 10664 1 2.000000000
3 21 7 10665 1 2.000000000
3 22 7 10666 1 2.000000000
3 23 7 10667 1 2.000000000
3 24 7 10668 1 2.000000000
3 25 7 10669 1 2.000000000
3 26 7 10670 1 2.000000000
3 27 7 10671 1 2.000000000
3 28 7 10672 1 2.000000000
3 29 7 10673 1 2.000000000
3 30 7 10674 1 2.000000000
3 31 7 10675 1 2.000000000
3 32 7 10676 1 2.000000000
3 33 7 10677 1 2.000000000
3 34 7 10678 1 2.000000000
3 35 7 10679 1 2.000000000
3 36 7 10680 1 2.000000000
3 37 7 10681 1 2.000000000
3 38 7 10682 1 2.000000000
3 39 7 10683 1 2.000000000
3 40 7 10684 1 2.000000000
3 41 7 10685 1 2.000000000
3 42 7 10686 1 2.000000000
3 43 7 10687 1 2.000000000
3 44 7 10688 1 2.000000000
3 45 7 10689 1 2.000000000
3 46 7 10690 1 2.000000000
3 47 7 10691 1 2.000000000
3 48 7 10692 1 2.000000000
3 49 7 10693 1 2.000000000
3 50 7 10694 1 2.000000000
3 51 7 10695 1 2.000000000
3 52 7 10696 1 2.000000000
3 53 7 10697 1 2.000000000
3 54 7 10698 1 2.000000000
3 55 7 10699 1 2.000000000
3 56 7 10700 1 2.000000000
3 57 7 10701 1 2.000000000
3 58 7 10702 1 2.000000000
3 59 7 10703 1 2.000000000
3 60 7 10704 1 2.000000000
3 61 7 10705 1 2.000000000
3 62 7 10706 1 2.000000000
3 63 7 10707 1 2.000000000
3 64 7 10708 1 2.000000000
3 65 7 10709 1 2.000000000
3 66 7 10710 1 2.000000000
3 67 7 10711 1 2.000000000
3 68 7 10712 1 2.000000000
3 69 7 10713 1 2.000000000
3 70 7 10714 1 2.000000000
3 71 7 10715 1 2.000000000
3 72 7 10716 1 2.000000000
3 73 7 10717 1 2.000000000
3 74 7 10718 1 2.000000000
3 75 7 10719 1 2.000000000
3 76 7 10720 1 2.000000000
3 77 7 10721 1 2.000000000
3 78 7 10722 1 2.000000000
3 79 7 10723 1 2.000000000
3 80 7 10724 1 2.000000000
3 81 7 10725 1 2.000000000
3 82 7 10726 1 2.000000000
3 83 7 10727 1 2.000000000
3 84 7 10728 1 2.000000000
3 85 7 10729 1 2.000000000
3 86 7 10730 1 2.000000000
3 87 7 10731 1 2.000000000
3 88 7 10732 1 2.000000000
3 89 7 10733 1 2.000000000
3 90 7 10734 1 2.000000000
3 91 7 10735 1 2.000000000
3 92 7 10736 1 2.000000000
3 93 7 10737 1 2.000000000
3 94 7 10738 1 2.000000000
3 95 7 10739 1 2.000000000
3 96 7 10740 1 2.000000000
3 97 7 10741 1 2.000000000
3 98 7 10742 1 2.000000000
3 99 7 10743 1 2.000000000
3 100 7 10744 1 2.000000000
3 101 7 10745 1 2.000000000
3 102 7 10746 1 2.000000000
3 103 7 10747 1 2.000000000
3 104 7 10748 1 2.000000000
3 105 7 10749 1 2.000000000
3 106 7 10750 1 2.000000000
3 107 7 10751 1 2.000000000
3 108 7 10752 1 2.000000000
3 109 7 10753 1 2.000000000
3 110 7 10754 1 2.000000000
3 111 7 10755 1 2.000000000
3 112 7 10756 1 2.000000000
3 113 7 10757 1 2.000000000
3 114 7 10758 1 2.000000000
3 115 7 10759 1 2.000000000
3 116 7 10760 1 2.000000000
3 117 7 10761 1 2.000000000
3 118 7 10762 1 2.000000000
3 119 7 10763 1 2.000000000
3 120 7 10764 1 2.000000000
3 121 7 10765 1 2.000000000
3 122 7 10766 1 2.000000000
3 123 7 10767 1 2.000000000
3 124 7 10768 1 2.000000000
3 125 7 10769 1 2.000000000
3 126 7 10770 1 2.000000000
3 127 7 10771 1 2.000000000
3 128 7 10772 1 2.000000000
3 129 7 10773 1 2.000000000
3 130 7 10774 1 2.000000000
3 131 7 10775 1 2.000000000
3 132 7 10776 1 2.000000000
3 133 7 10777 1 2.000000000
3 134 7 10778 1 2.000000000
3 135 7 10779 1 2.000000000
3 136 7 10780 1 2.000000000
3 137 7 10781 1 2.000000000
3 138 7 10782 1 2.000000000
3 139 7 10783 1 2.000000000
3 140 7 10784 1 2.000000000
3 141 7 10785 1 2.000000000
3 142 7 10786 1 2.000000000
3 143 7 10787 1 2.000000000
3 144 7 10788 1 2.000000000
3 145 7 10789 1 2.000000000
3 146 7 10790 1 2.000000000
3 147 7 10791 1 2.000000000
3 148 7 10792 1 2.000000000
3 149 7 10793 1 2.000000000
3 150 7 10794 1 2.000000000
3 151 7 10795 1 2.000000000
3 152 7 10796 1 2.000000000
3 153 7 10797 1 2.000000000
3 154 7 10798 1 2.000000000
3 155 7 10799 1 2.000000000
3 156 7 10800 1 2.000000000
3 157 7 10801 1 2.000000000
3 158 7 10802 1 2.000000000
3 159 7 10803 1 2.000000000
3 160 7 10804 1 2.000000000
3 161 7 10805 1 2.000000000
3 162 7 10806 1 2.000000000
3 163 7 10807 1 2.000000000
3 164 7 10808 1 2.000000000
3 165 7 10809 1 2.000000000
3 166 7 10810 1 2.000000000
3 167 7 10811 1 2.000000000
3 168 7 10812 1 2.000000000
3 169 7 10813 1 2.000000000
3 170 7 10814 1 2.000000000
3 171 7 10815 1 2.000000000
3 172 7 10816 1 2.000000000
3 173 7 10817 1 2.000000000
3 174 7 10818 1 2.000000000
3 175 7 10819 1 2.000000000
3 176 7 10820 1 2.000000000
3 177 7 10821 1 2.000000000
3 178 7 10822 1 2.000000000
3 179 7 10823 1 2.000000000
3 180 7 10824 1 2.000000000
3 181 7 10825 1 2.000000000
3 182 7 10826 1 2.000000000
3 183 7 10827 1 2.000000000
3 184 7 10828 1 2.000000000
3 185 7 10829 1 2.000000000
3 186 7 10830 1 2.000000000
3 187 7 10831 1 2.000000000
3 188 7 10832 1 2.000000000
3 189 7 10833 1 2.000000000
3 190 7 10834 1 2.000000000
3 191 7 10835 1 2.000000000
3 192 7 10836 1 2.000000000
3 193 7 10837 1 2.000000000
3 194 7 10838 1 2.000000000
3 195 7 10839 1 2.000000000
3 196 7 10840 1 2.000000000
3 197 7 10841 1 2.000000000
3 198 7 10842 1 2.000000000
3 199 7 10843 1 2.000000000
3 200 7 10844 1 2.000000000
3 201 7 10845 1 2.000000000
3 202 7 10846 1 2.000000000
3 203 7 10847 1 2.000000000
3 204 7 10848 1 2.000000000
3 205 7 10849 1 2.000000000
3 206 7 10850 1 2.000000000
3 207 7 10851 1 2.000000000
3 208 7 10852 1 2.000000000
3 209 7 10853 1 2.000000000
3 210 7 10854 1 2.000000000
3 211 7 10855 1 2.000000000
3 212 7 10856 1 2.000000000
3 213 7 10857 1 2.000000000
3 214 7 10858 1 2.000000000
3 215 7 10859 1 2.000000000
4 0 7 10860 1 2.000000000
4 1 7 10861 1 2.000000000
4 2 7 10862 1 2.000000000
4 3 7 10863 1 2.000000000
4 5 7 10864 1 2.000000000
4 6 7 10865 1 2.000000000
4 7 7 10866 1 2.000000000
4 8 7 10867 1 2.000000000
4 9 7 10868 1 2.000000000
4 10 7 10869 1 2.000000000
4 11 7 10870 1 2.000000000
4 12 7 10871 1 2.000000000
4 13 7 10872 1 2.000000000
4 14 7 10873 1 2.000000000
4 15 7 10874 1 2.000000000
4 16 7 10875 1 2.000000000
4 17 7 10876 1 2.000000000
4 18 7 10877 1 2.000000000
4 19 7 10878 1 2.000000000
4 20 7 10879 1 2.000000000
4 21 7 10880 1 2.000000000
4 22 7 10881 1 2.000000000
4 23 7 10882 1 2.000000000
4 24 7 10883 1 2.000000000
4 25 7 10884 1 2.000000000
4 26 7 10885 1 2.000000000
4 27 7 10886 1 2.000000000
4 28 7 10887 1 2.000000000
4 29 7 10888 1 2.000000000
4 30 7 10889 1 2.000000000
4 31 7 10890 1 2.000000000
4 32 7 10891 1 2.000000000
4 33 7 10892 1 2.000000000
4 34 7 10893 1 2.000000000
4 35 7 10894 1 2.000000000
4 36 7 10895 1 2.000000000
4 37 7 10896 1 2.000000000
4 38 7 10897 1 2.000000000
4 39 7 10898 1 2.000000000
4 40 7 10899 1 2.000000000
4 41 7 10900 1 2.000000000
4 42 7 10901 1 2.000000000
4 43 7 10902 1 2.000000000
4 44 7 10903 1 2.000000000
4 45 7 10904 1 2.000000000
4 46 7 10905 1 2.000000000
4 47 7 10906 1 2.000000000
4 48 7 10907 1 2.000000000
4 49 7 10908 1 2.000000000
4 50 7 10909 1 2.000000000
4 51 7 10910 1 2.000000000
4 52 7 10911 1 2.000000000
4 53 7 10912 1 2.000000000
4 54 7 10913 1 2.000000000
4 55 7 10914 1 2.000000000
4 56 7 10915 1 2.000000000
4 57 7 10916 1 2.000000000
4 58 7 10917 1 2.000000000
4 59 7 10918 1 2.000000000
4 60 7 10919 1 2.000000000
4 61 7 10920 1 2.000000000
4 62 7 10921 1 2.000000000
4 63 7 10922 1 2.000000000
4 64 7 10923 1 2.000000000
4 65 7 10924 1 2.000000000
4 66 7 10925 1 2.000000000
4 67 7 10926 1 2.000000000
4 68 7 10927 1 2.000000000
4 69 7 10928 1 2.000000000
4 70 7 10929 1 2.000000000
4 71 7 10930 1 2.000000000
4 72 7 10931 1 2.000000000
4 73 7 10932 1 2.000000000
4 74 7 10933 1 2.000000000
4 75 7 10934 1 2.000000000
4 76 7 10935 1 2.000000000
4 77 7 10936 1 2.000000000
4 78 7 10937 1 2.000000000
4 79 7 10938 1 2.000000000
4 80 7 10939 1 2.000000000
4 81 7 10940 1 2.000000000
4 82 7 10941 1 2.000000000
4 83 7 10942 1 2.000000000
4 84 7 10943 1 2.000000000
4 85 7 10944 1 2.000000000
4 86 7 10945 1 2.000000000
4 87 7 10946 1 2.000000000
4 88 7 10947 1 2.000000000
4 89 7 10948 1 2.000000000
4 90 7 10949 1 2.000000000
4 91 7 10950 1 2.000000000
4 92 7 10951 1 2.000000000
4 93 7 10952 1 2.000000000
4 94 7 10953 1 2.000000000
4 95 7 10954 1 2.000000000
4 96 7 10955 1 2.000000000
4 97 7 10956 1 2.000000000
4 98 7 10957 1 2.000000000
4 99 7 10958 1 2.000000000
4 100 7 10959 1 2.000000000
4 101 7 10960 1 2.000000000
4 102 7 10961 1 2.000000000
4 103 7 10962 1 2.000000000
4 104 7 10963 1 2.000000000
4 105 7 10964 1 2.000000000
4 106 7 10965 1 2.000000000
4 107 7 10966 1 2.000000000
4 108 7 10967 1 2.000000000
4 109 7 10968 1 2.000000000
4 110 7 10969 1 2.000000000
4 111 7 10970 1 2.000000000
4 112 7 10971 1 2.000000000
4 113 7 10972 1 2.000000000
4 114 7 10973 1 2.000000000
4 115 7 10974 1 2.000000000
4 116 7 10975 1 2.000000000
4 117 7 10976 1 2.000000000
4 118 7 10977 1 2.000000000
4 119 7 10978 1 2.000000000
4 120 7 10979 1 2.000000000
4 121 7 10980 1 2.000000000
4 122 7 10981 1 2.000000000
4 123 7 10982 1 2.000000000
4 124 7 10983 1 2.000000000
4 125 7 10984 1 2.000000000
4 126 7 10985 1 2.000000000
4 127 7 10986 1 2.000000000
4 128 7 10987 1 2.000000000
4 129 7 10988 1 2.000000000
4 130 7 10989 1 2.000000000
4 131 7 10990 1 2.000000000
4 132 7 10991 1 2.000000000
4 133 7 10992 1 2.000000000
4 134 7 10993 1 2.000000000
4 135 7 10994 1 2.000000000
4 136 7 10995 1 2.000000000
4 137 7 10996 1 2.000000000
4 138 7 10997 1 2.000000000
4 139 7 10998 1 2.000000000
4 140 7 10999 1 2.000000000
4 141 7 11000 1 2.000000000
4 142 7 11001 1 2.000000000
4 143 7 11002 1 2.000000000
4 144 7 11003 1 2.000000000
4 145 7 11004 1 2.000000000
4 146 7 11005 1 2.000000000
4 147 7 11006 1 2.000000000
4 148 7 11007 1 2.000000000
4 149 7 11008 1 2.000000000
4 150 7 11009 1 2.000000000
4 151 7 11010 1 2.000000000
4 152 7 11011 1 2.000000000
4 153 7 11012 1 2.000000000
4 154 7 11013 1 2.000000000
4 155 7 11014 1 2.000000000
4 156 7 11015 1 2.000000000
4 157 7 11016 1 2.000000000
4 158 7 11017 1 2.000000000
4 159 7 11018 1 2.000000000
4 160 7 11019 1 2.000000000
4 161 7 11020 1 2.000000000
4 162 7 11021 1 2.000000000
4 163 7 11022 1 2.000000000
4 164 7 11023 1 2.000000000
4 165 7 11024 1 2.000000000
4 166 7 11025 1 2.000000000
4 167 7 11026 1 2.000000000
4 168 7 11027 1 2.000000000
4 169 7 11028 1 2.000000000
4 170 7 11029 1 2.000000000
4 171 7 11030 1 2.000000000
4 172 7 11031 1 2.000000000
4 173 7 11032 1 2.000000000
4 174 7 11033 1 2.000000000
4 175 7 11034 1 2.000000000
4 176 7 11035 1 2.000000000
4 177 7 11036 1 2.000000000
4 178 7 11037 1 2.000000000
4 179 7 11038 1 2.000000000
4 180 7 11039 1 2.000000000
4 181 7 11040 1 2.000000000
4 182 7 11041 1 2.000000000
4 183 7 11042 1 2.000000000
4 184 7 11043 1 2.000000000
4 185 7 11044 1 2.000000000
4 186 7 11045 1 2.000000000
4 187 7 11046 1 2.000000000
4 188 7 11047 1 2.000000000
4 189 7 11048 1 2.000000000
4 190 7 11049 1 2.000000000
4 191 7 11050 1 2.000000000
4 192 7 11051 1 2.000000000
4 193 7 11052 1 2.000000000
4 194 7 11053 1 2.000000000
4 195 7 11054 1 2.000000000
4 196 7 11055 1 2.000000000
4 197 7 11056 1 2.000000000
4 198 7 11057 1 2.000000000
4 199 7 11058 1 2.000000000
4 200 7 11059 1 2.000000000
4 201 7 11060 1 2.000000000
4 202 7 11061 1 2.000000000
4 203 7 11062 1 2.000000000
4 204 7 11063 1 2.000000000
4 205 7 11064 1 2.000000000
4 206 7 11065 1 2.000000000
4 207 7 11066 1 2.000000000
4 208 7 11067 1 2.000000000
4 209 7 11068 1 2.000000000
4 210 7 11069 1 2.000000000
4 211 7 11070 1 2.000000000
4 212 7 11071 1 2.000000000
4 213 7 11072 1 2.000000000
4 214 7 11073 1 2.000000000
4 215 7 11074 1 2.000000000
5 0 7 11075 1 2.000000000
5 1 7 11076 1 2.000000000
5 2 7 11077 1 2.000000000
5 3 7 11078 1 2.000000000
5 4 7 11079 1 2.000000000
5 6 7 11080 1 2.000000000
5 7 7 11081 1 2.000000000
5 8 7 11082 1 2.000000000
5 9 7 11083 1 2.000000000
5 10 7 11084 1 2.000000000
5 11 7 11085 1 2.000000000
5 12 7 11086 1 2.000000000
5 13 7 11087 1 2.000000000
5 14 7 11088 1 2.000000000
5 15 7 11089 1 2.000000000
5 16 7 11090 1 2.000000000
5 17 7 11091 1 2.000000000
5 18 7 11092 1 2.000000000
5 19 7 11093 1 2.000000000
5 20 7 11094 1 2.000000000
5 21 7 11095 1 2.000000000
5 22 7 11096 1 2.000000000
5 23 7 11097 1 2.000000000
5 24 7 11098 1 2.000000000
5 25 7 11099 1 2.000000000
5 26 7 11100 1 2.000000000
5 27 7 11101 1 2.000000000
5 28 7 11102 1 2.000000000
5 29 7 11103 1 2.000000000
5 30 7 11104 1 2.000000000
5 31 7 11105 1 2.000000000
5 32 7 11106 1 2.000000000
5 33 7 11107 1 2.000000000
5 34 7 11108 1 2.000000000
5 35 7 11109 1 2.000000000
5 36 7 11110 1 2.000000000
5 37 7 11111 1 2.000000000
5 38 7 11112 1 2.000000000
5 39 7 11113 1 2.000000000
5 40 7 11114 1 2.000000000
5 41 7 11115 1 2.000000000
5 42 7 11116 1 2.000000000
5 43 7 11117 1 2.000000000
5 44 7 11118 1 2.000000000
5 45 7 11119 1 2.000000000
5 46 7 11120 1 2.000000000
5 47 7 11121 1 2.000000000
5 48 7 11122 1 2.000000000
5 49 7 11123 1 2.000000000
5 50 7 11124 1 2.000000000
5 51 7 11125 1 2.000000000
5 52 7 11126 1 2.000000000
5 53 7 11127 1 2.000000000
5 54 7 11128 1 2.000000000
5 55 7 11129 1 2.000000000
5 56 7 11130 1 2.000000000
5 57 7 11131 1 2.000000000
5 58 7 11132 1 2.000000000
5 59 7 11133 1 2.000000000
5 60 7 11134 1 2.000000000
5 61 7 11135 1 2.000000000
5 62 7 11136 1 2.000000000
5 63 7 11137 1 2.000000000
5 64 7 11138 1 2.000000000
5 65 7 11139 1 2.000000000
5 66 7 11140 1 2.000000000
5 67 7 11141 1 2.000000000
5 68 7 11142 1 2.000000000
5 69 7 11143 1 2.000000000
5 70 7 11144 1 2.000000000
5 71 7 11145 1 2.000000000
5 72 7 11146 1 2.000000000
5 73 7 11147 1 2.000000000
5 74 7 11148 1 2.000000000
5 75 7 11149 1 2.000000000
5 76 7 11150 1 2.000000000
5 77 7 11151 1 2.000000000
5 78 7 11152 1 2.000000000
5 79 7 11153 1 2.000000000
5 80 7 11154 1 2.000000000
5 81 7 11155 1 2.000000000
5 82 7 11156 1 2.000000000
5 83 7 11157 1 2.000000000
5 84 7 11158 1 2.000000000
5 85 7 11159 1 2.000000000
5 86 7 11160 1 2.000000000
5 87 7 11161 1 2.000000000
5 88 7 11162 1 2.000000000
5 89 7 11163 1 2.000000000
5 90 7 11164 1 2.000000000
5 91 7 11165 1 2.000000000
5 92 7 11166 1 2.000000000
5 93 7 11167 1 2.000000000
5 94 7 11168 1 2.000000000
5 95 7 11169 1 2.000000000
5 96 7 11170 1 2.000000000
5 97 7 11171 1 2.000000000
5 98 7 11172 1 2.000000000
5 99 7 11173 1 2.000000000
5 100 7 11174 1 2.000000000
5 101 7 11175 1 2.000000000
5 102 7 11176 1 2.000000000
5 103 7 11177 1 2.000000000
5 104 7 11178 1 2.000000000
5 105 7 11179 1 2.000000000
5 106 7 11180 1 2.000000000
5 107 7 11181 1 2.000000000
5 108 7 11182 1 2.000000000
5 109 7 11183 1 2.000000000
5 110 7 11184 1 2.000000000
5 111 7 11185 1 2.000000000
5 112 7 11186 1 2.000000000
5 113 7 11187 1 2.000000000
5 114 7 11188 1 2.000000000
5 115 7 11189 1 2.000000000
5 116 7 11190 1 2.000000000
5 117 7 11191 1 2.000000000
5 118 7 11192 1 2.000000000
5 119 7 11193 1 2.000000000
5 120 7 11194 1 2.000000000
5 121 7 11195 1 2.000000000
5 122 7 11196 1 2.000000000
5 123 7 11197 1 2.000000000
5 124 7 11198 1 2.000000000
5 125 7 11199 1 2.000000000
5 126 7 11200 1 2.000000000
5 127 7 11201 1 2.000000000
5 128 7 11202 1 2.000000000
5 129 7 11203 1 2.000000000
5 130 7 11204 1 2.000000000
5 131 7 11205 1 2.000000000
5 132 7 11206 1 2.000000000
5 133 7 11207 1 2.000000000
5 134 7 11208 1 2.000000000
5 135 7 11209 1 2.000000000
5 136 7 11210 1 2.000000000
5 137 7 11211 1 2.000000000
5 138 7 11212 1 2.000000000
5 139 7 11213 1 2.000000000
5 140 7 11214 1 2.000000000
5 141 7 11215 1 2.000000000
5 142 7 11216 1 2.000000000
5 143 7 11217 1 2.000000000
5 144 7 11218 1 2.000000000
5 145 7 11219 1 2.000000000
5 146 7 11220 1 2.000000000
5 147 7 11221 1 2.000000000
5 148 7 11222 1 2.000000000
5 149 7 11223 1 2.000000000
5 150 7 11224 1 2.000000000
5 151 7 11225 1 2.000000000
5 152 7 11226 1 2.000000000
5 153 7 11227 1 2.000000000
5 154 7 11228 1 2.000000000
5 155 7 11229 1 2.000000000
5 156 7 11230 1 2.000000000
5 157 7 11231 1 2.000000000
5 158 7 11232 1 2.000000000
5 159 7 11233 1 2.000000000
5 160 7 11234 1 2.000000000
5 161 7 11235 1 2.000000000
5 162 7 11236 1 2.000000000
5 163 7 11237 1 2.000000000
5 164 7 11238 1 2.000000000
5 165 7 11239 1 2.000000000
5 166 7 11240 1 2.000000000
5 167 7 11241 1 2.000000000
5 168 7 11242 1 2.000000000
5 169 7 11243 1 2.000000000
5 170 7 11244 1 2.000000000
5 171 7 11245 1 2.000000000
5 172 7 11246 1 2.000000000
5 173 7 11247 1 2.000000000
5 174 7 11248 1 2.000000000
5 175 7 11249 1 2.000000000
5 176 7 11250 1 2.000000000
5 177 7 11251 1 2.000000000
5 178 7 11252 1 2.000000000
5 179 7 11253 1 2.000000000
5 180 7 11254 1 2.000000000
5 181 7 11255 1 2.000000000
5 182 7 11256 1 2.000000000
5 183 7 11257 1 2.000000000
5 184 7 11258 1 2.000000000
5 185 7 11259 1 2.000000000
5 186 7 11260 1 2.000000000
5 187 7 11261 1 2.000000000
5 188 7 11262 1 2.000000000
5 189 7 11263 1 2.000000000
5 190 7 11264 1 2.000000000
5 191 7 11265 1 2.000000000
5 192 7 11266 1 2.000000000
5 193 7 11267 1 2.000000000
5 194 7 11268 1 2.000000000
5 195 7 11269 1 2.000000000
5 196 7 11270 1 2.000000000
5 197 7 11271 1 2.000000000
5 198 7 11272 1 2.000000000
5 199 7 11273 1 2.000000000
5 200 7 11274 1 2.000000000
5 201 7 11275 1 2.000000000
5 202 7 11276 1 2.000000000
5 203 7 11277 1 2.000000000
5 204 7 11278 1 2.000000000
5 205 7 11279 1 2.000000000
5 206 7 11280 1 2.000000000
5 207 7 11281 1 2.000000000
5 208 7 11282 1 2.000000000
5 209 7 11283 1 2.000000000
5 210 7 11284 1 2.000000000
5 211 7 11285 1 2.000000000
5 212 7 11286 1 2.000000000
5 213 7 11287 1 2.000000000
5 214 7 11288 1 2.000000000
5 215 7 11289 1 2.000000000
