1290
0 1 7 10000 8 2.000000000
0 2 7 10001 8 2.000000000
0 3 7 10002 8 2.000000000
0 4 7 10003 8 2.000000000
0 5 7 10004 8 2.000000000
0 6 7 10005 8 2.000000000
0 7 7 10006 8 2.000000000
0 8 7 10007 8 2.000000000
0 9 7 10008 8 2.000000000
0 10 7 10009 8 2.000000000
0 11 7 10010 8 2.000000000
0 12 7 10011 8 2.000000000
0 13 7 10012 8 2.000000000
0 14 7 10013 8 2.000000000
0 15 7 10014 8 2.000000000
0 16 7 10015 8 2.000000000
0 17 7 10016 8 2.000000000
0 18 7 10017 8 2.000000000
0 19 7 10018 8 2.000000000
0 20 7 10019 8 2.000000000
0 21 7 10020 8 2.000000000
0 22 7 10021 8 2.000000000
0 23 7 10022 8 2.000000000
0 24 7 10023 8 2.000000000
0 25 7 10024 8 2.000000000
0 26 7 10025 8 2.000000000
0 27 7 10026 8 2.000000000
0 28 7 10027 8 2.000000000
0 29 7 10028 8 2.000000000
0 30 7 10029 8 2.000000000
0 31 7 10030 8 2.000000000
0 32 7 10031 8 2.000000000
0 33 7 10032 8 2.000000000
0 34 7 10033 8 2.000000000
0 35 7 10034 8 2.000000000
0 36 7 10035 8 2.000000000
0 37 7 10036 8 2.000000000
0 38 7 10037 8 2.000000000
0 39 7 10038 8 2.000000000
0 40 7 10039 8 2.000000000
0 41 7 10040 8 2.000000000
0 42 7 10041 8 2.000000000
0 43 7 10042 8 2.000000000
0 44 7 10043 8 2.000000000
0 45 7 10044 8 2.000000000
0 46 7 10045 8 2.000000000
0 47 7 10046 8 2.000000000
0 48 7 10047 8 2.000000000
0 49 7 10048 8 2.000000000
0 50 7 10049 8 2.000000000
0 51 7 10050 8 2.000000000
0 52 7 10051 8 2.000000000
0 53 7 10052 8 2.000000000
0 54 7 10053 8 2.000000000
0 55 7 10054 8 2.000000000
0 56 7 10055 8 2.000000000
0 57 7 10056 8 2.000000000
0 58 7 10057 8 2.000000000
0 59 7 10058 8 2.000000000
0 60 7 10059 8 2.000000000
0 61 7 10060 8 2.000000000
0 62 7 10061 8 2.000000000
0 63 7 10062 8 2.000000000
0 64 7 10063 8 2.000000000
0 65 7 10064 8 2.000000000
0 66 7 10065 8 2.000000000
0 67 7 10066 8 2.000000000
0 68 7 10067 8 2.000000000
0 69 7 10068 8 2.000000000
0 70 7 10069 8 2.000000000
0 71 7 10070 8 2.000000000
0 72 7 10071 8 2.000000000
0 73 7 10072 8 2.000000000
0 74 7 10073 8 2.000000000
0 75 7 10074 8 2.000000000
0 76 7 10075 8 2.000000000
0 77 7 10076 8 2.000000000
0 78 7 10077 8 2.000000000
0 79 7 10078 8 2.000000000
0 80 7 10079 8 2.000000000
0 81 7 10080 8 2.000000000
0 82 7 10081 8 2.000000000
0 83 7 10082 8 2.000000000
0 84 7 10083 8 2.000000000
0 85 7 10084 8 2.000000000
0 86 7 10085 8 2.000000000
0 87 7 10086 8 2.000000000
0 88 7 10087 8 2.000000000
0 89 7 10088 8 2.000000000
0 90 7 10089 8 2.000000000
0 91 7 10090 8 2.000000000
0 92 7 10091 8 2.000000000
0 93 7 10092 8 2.000000000
0 94 7 10093 8 2.000000000
0 95 7 10094 8 2.000000000
0 96 7 10095 8 2.000000000
0 97 7 10096 8 2.000000000
0 98 7 10097 8 2.000000000
0 99 7 10098 8 2.000000000
0 100 7 10099 8 2.000000000
0 101 7 10100 8 2.000000000
0 102 7 10101 8 2.000000000
0 103 7 10102 8 2.000000000
0 104 7 10103 8 2.000000000
0 105 7 10104 8 2.000000000
0 106 7 10105 8 2.000000000
0 107 7 10106 8 2.000000000
0 108 7 10107 8 2.000000000
0 109 7 10108 8 2.000000000
0 110 7 10109 8 2.000000000
0 111 7 10110 8 2.000000000
0 112 7 10111 8 2.000000000
0 113 7 10112 8 2.000000000
0 114 7 10113 8 2.000000000
0 115 7 10114 8 2.000000000
0 116 7 10115 8 2.000000000
0 117 7 10116 8 2.000000000
0 118 7 10117 8 2.000000000
0 119 7 10118 8 2.000000000
0 120 7 10119 8 2.000000000
0 121 7 10120 8 2.000000000
0 122 7 10121 8 2.000000000
0 123 7 10122 8 2.000000000
0 124 7 10123 8 2.000000000
0 125 7 10124 8 2.000000000
0 126 7 10125 8 2.000000000
0 127 7 10126 8 2.000000000
0 128 7 10127 8 2.000000000
0 129 7 10128 8 2.000000000
0 130 7 10129 8 2.000000000
0 131 7 10130 8 2.000000000
0 132 7 10131 8 2.000000000
0 133 7 10132 8 2.000000000
0 134 7 10133 8 2.000000000
0 135 7 10134 8 2.000000000
0 136 7 10135 8 2.000000000
0 137 7 10136 8 2.000000000
0 138 7 10137 8 2.000000000
0 139 7 10138 8 2.000000000
0 140 7 10139 8 2.000000000
0 141 7 10140 8 2.000000000
0 142 7 10141 8 2.000000000
0 143 7 10142 8 2.000000000
0 144 7 10143 8 2.000000000
0 145 7 10144 8 2.000000000
0 146 7 10145 8 2.000000000
0 147 7 10146 8 2.000000000
0 148 7 10147 8 2.000000000
0 149 7 10148 8 2.000000000
0 150 7 10149 8 2.000000000
0 151 7 10150 8 2.000000000
0 152 7 10151 8 2.000000000
0 153 7 10152 8 2.000000000
0 154 7 10153 8 2.000000000
0 155 7 10154 8 2.000000000
0 156 7 10155 8 2.000000000
0 157 7 10156 8 2.000000000
0 158 7 10157 8 2.000000000
0 159 7 10158 8 2.000000000
0 160 7 10159 8 2.000000000
0 161 7 10160 8 2.000000000
0 162 7 10161 8 2.000000000
0 163 7 10162 8 2.000000000
0 164 7 10163 8 2.000000000
0 165 7 10164 8 2.000000000
0 166 7 10165 8 2.000000000
0 167 7 10166 8 2.000000000
0 168 7 10167 8 2.000000000
0 169 7 10168 8 2.000000000
0 170 7 10169 8 2.000000000
0 171 7 10170 8 2.000000000
0 172 7 10171 8 2.000000000
0 173 7 10172 8 2.000000000
0 174 7 10173 8 2.000000000
0 175 7 10174 8 2.000000000
0 176 7 10175 8 2.000000000
0 177 7 10176 8 2.000000000
0 178 7 10177 8 2.000000000
0 179 7 10178 8 2.000000000
0 180 7 10179 8 2.000000000
0 181 7 10180 8 2.000000000
0 182 7 10181 8 2.000000000
0 183 7 10182 8 2.000000000
0 184 7 10183 8 2.000000000
0 185 7 10184 8 2.000000000
0 186 7 10185 8 2.000000000
0 187 7 10186 8 2.000000000
0 188 7 10187 8 2.000000000
0 189 7 10188 8 2.000000000
0 190 7 10189 8 2.000000000
0 191 7 10190 8 2.000000000
0 192 7 10191 8 2.000000000
0 193 7 10192 8 2.000000000
0 194 7 10193 8 2.000000000
0 195 7 10194 8 2.000000000
0 196 7 10195 8 2.000000000
0 197 7 10196 8 2.000000000
0 198 7 10197 8 2.000000000
0 199 7 10198 8 2.000000000
0 200 7 10199 8 2.000000000
0 201 7 10200 8 2.000000000
0 202 7 10201 8 2.000000000
0 203 7 10202 8 2.000000000
0 204 7 10203 8 2.000000000
0 205 7 10204 8 2.000000000
0 206 7 10205 8 2.000000000
0 207 7 10206 8 2.000000000
0 208 7 10207 8 2.000000000
0 209 7 10208 8 2.000000000
0 210 7 10209 8 2.000000000
0 211 7 10210 8 2.000000000
0 212 7 10211 8 2.000000000
0 213 7 10212 8 2.000000000
0 214 7 10213 8 2.000000000
0 215 7 10214 8 2.000000000
1 0 7 10215 8 2.000000000
1 2 7 10216 8 2.000000000
1 3 7 10217 8 2.000000000
1 4 7 10218 8 2.000000000
1 5 7 10219 8 2.000000000
1 6 7 10220 8 2.000000000
1 7 7 10221 8 2.000000000
1 8 7 10222 8 2.000000000
1 9 7 10223 8 2.000000000
1 10 7 10224 8 2.000000000
1 11 7 10225 8 2.000000000
1 12 7 10226 8 2.000000000
1 13 7 10227 8 2.000000000
1 14 7 10228 8 2.000000000
1 15 7 10229 8 2.000000000
1 16 7 10230 8 2.000000000
1 17 7 10231 8 2.000000000
1 18 7 10232 8 2.000000000
1 19 7 10233 8 2.000000000
1 20 7 10234 8 2.000000000
1 21 7 10235 8 2.000000000
1 22 7 10236 8 2.000000000
1 23 7 10237 8 2.000000000
1 24 7 10238 8 2.000000000
1 25 7 10239 8 2.000000000
1 26 7 10240 8 2.000000000
1 27 7 10241 8 2.000000000
1 28 7 10242 8 2.000000000
1 29 7 10243 8 2.000000000
1 30 7 10244 8 2.000000000
1 31 7 10245 8 2.000000000
1 32 7 10246 8 2.000000000
1 33 7 10247 8 2.000000000
1 34 7 10248 8 2.000000000
1 35 7 10249 8 2.000000000
1 36 7 10250 8 2.000000000
1 37 7 10251 8 2.000000000
1 38 7 10252 8 2.000000000
1 39 7 10253 8 2.000000000
1 40 7 10254 8 2.000000000
1 41 7 10255 8 2.000000000
1 42 7 10256 8 2.000000000
1 43 7 10257 8 2.000000000
1 44 7 10258 8 2.000000000
1 45 7 10259 8 2.000000000
1 46 7 10260 8 2.000000000
1 47 7 10261 8 2.000000000
1 48 7 10262 8 2.000000000
1 49 7 10263 8 2.000000000
1 50 7 10264 8 2.000000000
1 51 7 10265 8 2.000000000
1 52 7 10266 8 2.000000000
1 53 7 10267 8 2.000000000
1 54 7 10268 8 2.000000000
1 55 7 10269 8 2.000000000
1 56 7 10270 8 2.000000000
1 57 7 10271 8 2.000000000
1 58 7 10272 8 2.000000000
1 59 7 10273 8 2.000000000
1 60 7 10274 8 2.000000000
1 61 7 10275 8 2.000000000
1 62 7 10276 8 2.000000000
1 63 7 10277 8 2.000000000
1 64 7 10278 8 2.000000000
1 65 7 10279 8 2.000000000
1 66 7 10280 8 2.000000000
1 67 7 10281 8 2.000000000
1 68 7 10282 8 2.000000000
1 69 7 10283 8 2.000000000
1 70 7 10284 8 2.000000000
1 71 7 10285 8 2.000000000
1 72 7 10286 8 2.000000000
1 73 7 10287 8 2.000000000
1 74 7 10288 8 2.000000000
1 75 7 10289 8 2.000000000
1 76 7 10290 8 2.000000000
1 77 7 10291 8 2.000000000
1 78 7 10292 8 2.000000000
1 79 7 10293 8 2.000000000
1 80 7 10294 8 2.000000000
1 81 7 10295 8 2.000000000
1 82 7 10296 8 2.000000000
1 83 7 10297 8 2.000000000
1 84 7 10298 8 2.000000000
1 85 7 10299 8 2.000000000
1 86 7 10300 8 2.000000000
1 87 7 10301 8 2.000000000
1 88 7 10302 8 2.000000000
1 89 7 10303 8 2.000000000
1 90 7 10304 8 2.000000000
1 91 7 10305 8 2.000000000
1 92 7 10306 8 2.000000000
1 93 7 10307 8 2.000000000
1 94 7 10308 8 2.000000000
1 95 7 10309 8 2.000000000
1 96 7 10310 8 2.000000000
1 97 7 10311 8 2.000000000
1 98 7 10312 8 2.000000000
1 99 7 10313 8 2.000000000
1 100 7 10314 8 2.000000000
1 101 7 10315 8 2.000000000
1 102 7 10316 8 2.000000000
1 103 7 10317 8 2.000000000
1 104 7 10318 8 2.000000000
1 105 7 10319 8 2.000000000
1 106 7 10320 8 2.000000000
1 107 7 10321 8 2.000000000
1 108 7 10322 8 2.000000000
1 109 7 10323 8 2.000000000
1 110 7 10324 8 2.000000000
1 111 7 10325 8 2.000000000
1 112 7 10326 8 2.000000000
1 113 7 10327 8 2.000000000
1 114 7 10328 8 2.000000000
1 115 7 10329 8 2.000000000
1 116 7 10330 8 2.000000000
1 117 7 10331 8 2.000000000
1 118 7 10332 8 2.000000000
1 119 7 10333 8 2.000000000
1 120 7 10334 8 2.000000000
1 121 7 10335 8 2.000000000
1 122 7 10336 8 2.000000000
1 123 7 10337 8 2.000000000
1 124 7 10338 8 2.000000000
1 125 7 10339 8 2.000000000
1 126 7 10340 8 2.000000000
1 127 7 10341 8 2.000000000
1 128 7 10342 8 2.000000000
1 129 7 10343 8 2.000000000
1 130 7 10344 8 2.000000000
1 131 7 10345 8 2.000000000
1 132 7 10346 8 2.000000000
1 133 7 10347 8 2.000000000
1 134 7 10348 8 2.000000000
1 135 7 10349 8 2.000000000
1 136 7 10350 8 2.000000000
1 137 7 10351 8 2.000000000
1 138 7 10352 8 2.000000000
1 139 7 10353 8 2.000000000
1 140 7 10354 8 2.000000000
1 141 7 10355 8 2.000000000
1 142 7 10356 8 2.000000000
1 143 7 10357 8 2.000000000
1 144 7 10358 8 2.000000000
1 145 7 10359 8 2.000000000
1 146 7 10360 8 2.000000000
1 147 7 10361 8 2.000000000
1 148 7 10362 8 2.000000000
1 149 7 10363 8 2.000000000
1 150 7 10364 8 2.000000000
1 151 7 10365 8 2.000000000
1 152 7 10366 8 2.000000000
1 153 7 10367 8 2.000000000
1 154 7 10368 8 2.000000000
1 155 7 10369 8 2.000000000
1 156 7 10370 8 2.000000000
1 157 7 10371 8 2.000000000
1 158 7 10372 8 2.000000000
1 159 7 10373 8 2.000000000
1 160 7 10374 8 2.000000000
1 161 7 10375 8 2.000000000
1 162 7 10376 8 2.000000000
1 163 7 10377 8 2.000000000
1 164 7 10378 8 2.000000000
1 165 7 10379 8 2.000000000
1 166 7 10380 8 2.000000000
1 167 7 10381 8 2.000000000
1 168 7 10382 8 2.000000000
1 169 7 10383 8 2.000000000
1 170 7 10384 8 2.000000000
1 171 7 10385 8 2.000000000
1 172 7 10386 8 2.000000000
1 173 7 10387 8 2.000000000
1 174 7 10388 8 2.000000000
1 175 7 10389 8 2.000000000
1 176 7 10390 8 2.000000000
1 177 7 10391 8 2.000000000
1 178 7 10392 8 2.000000000
1 179 7 10393 8 2.000000000
1 180 7 10394 8 2.000000000
1 181 7 10395 8 2.000000000
1 182 7 10396 8 2.000000000
1 183 7 10397 8 2.000000000
1 184 7 10398 8 2.000000000
1 185 7 10399 8 2.000000000
1 186 7 10400 8 2.000000000
1 187 7 10401 8 2.000000000
1 188 7 10402 8 2.000000000
1 189 7 10403 8 2.000000000
1 190 7 10404 8 2.000000000
1 191 7 10405 8 2.000000000
1 192 7 10406 8 2.000000000
1 193 7 10407 8 2.000000000
1 194 7 10408 8 2.000000000
1 195 7 10409 8 2.000000000
1 196 7 10410 8 2.000000000
1 197 7 10411 8 2.000000000
1 198 7 10412 8 2.000000000
1 199 7 10413 8 2.000000000
1 200 7 10414 8 2.000000000
1 201 7 10415 8 2.000000000
1 202 7 10416 8 2.000000000
1 203 7 10417 8 2.000000000
1 204 7 10418 8 2.000000000
1 205 7 10419 8 2.000000000
1 206 7 10420 8 2.000000000
1 207 7 10421 8 2.000000000
1 208 7 10422 8 2.000000000
1 209 7 10423 8 2.000000000
1 210 7 10424 8 2.000000000
1 211 7 10425 8 2.000000000
1 212 7 10426 8 2.000000000
1 213 7 10427 8 2.000000000
1 214 7 10428 8 2.000000000
1 215 7 10429 8 2.000000000
2 0 7 10430 8 2.000000000
2 1 7 10431 8 2.000000000
2 3 7 10432 8 2.000000000
2 4 7 10433 8 2.000000000
2 5 7 10434 8 2.000000000
2 6 7 10435 8 2.000000000
2 7 7 10436 8 2.000000000
2 8 7 10437 8 2.000000000
2 9 7 10438 8 2.000000000
2 10 7 10439 8 2.000000000
2 11 7 10440 8 2.000000000
2 12 7 10441 8 2.000000000
2 13 7 10442 8 2.000000000
2 14 7 10443 8 2.000000000
2 15 7 10444 8 2.000000000
2 16 7 10445 8 2.000000000
2 17 7 10446 8 2.000000000
2 18 7 10447 8 2.000000000
2 19 7 10448 8 2.000000000
2 20 7 10449 8 2.000000000
2 21 7 10450 8 2.000000000
2 22 7 10451 8 2.000000000
2 23 7 10452 8 2.000000000
2 24 7 10453 8 2.000000000
2 25 7 10454 8 2.000000000
2 26 7 10455 8 2.000000000
2 27 7 10456 8 2.000000000
2 28 7 10457 8 2.000000000
2 29 7 10458 8 2.000000000
2 30 7 10459 8 2.000000000
2 31 7 10460 8 2.000000000
2 32 7 10461 8 2.000000000
2 33 7 10462 8 2.000000000
2 34 7 10463 8 2.000000000
2 35 7 10464 8 2.000000000
2 36 7 10465 8 2.000000000
2 37 7 10466 8 2.000000000
2 38 7 10467 8 2.000000000
2 39 7 10468 8 2.000000000
2 40 7 10469 8 2.000000000
2 41 7 10470 8 2.000000000
2 42 7 10471 8 2.000000000
2 43 7 10472 8 2.000000000
2 44 7 10473 8 2.000000000
2 45 7 10474 8 2.000000000
2 46 7 10475 8 2.000000000
2 47 7 10476 8 2.000000000
2 48 7 10477 8 2.000000000
2 49 7 10478 8 2.000000000
2 50 7 10479 8 2.000000000
2 51 7 10480 8 2.000000000
2 52 7 10481 8 2.000000000
2 53 7 10482 8 2.000000000
2 54 7 10483 8 2.000000000
2 55 7 10484 8 2.000000000
2 56 7 10485 8 2.000000000
2 57 7 10486 8 2.000000000
2 58 7 10487 8 2.000000000
2 59 7 10488 8 2.000000000
2 60 7 10489 8 2.000000000
2 61 7 10490 8 2.000000000
2 62 7 10491 8 2.000000000
2 63 7 10492 8 2.000000000
2 64 7 10493 8 2.000000000
2 65 7 10494 8 2.000000000
2 66 7 10495 8 2.000000000
2 67 7 10496 8 2.000000000
2 68 7 10497 8 2.000000000
2 69 7 10498 8 2.000000000
2 70 7 10499 8 2.000000000
2 71 7 10500 8 2.000000000
2 72 7 10501 8 2.000000000
2 73 7 10502 8 2.000000000
2 74 7 10503 8 2.000000000
2 75 7 10504 8 2.000000000
2 76 7 10505 8 2.000000000
2 77 7 10506 8 2.000000000
2 78 7 10507 8 2.000000000
2 79 7 10508 8 2.000000000
2 80 7 10509 8 2.000000000
2 81 7 10510 8 2.000000000
2 82 7 10511 8 2.000000000
2 83 7 10512 8 2.000000000
2 84 7 10513 8 2.000000000
2 85 7 10514 8 2.000000000
2 86 7 10515 8 2.000000000
2 87 7 10516 8 2.000000000
2 88 7 10517 8 2.000000000
2 89 7 10518 8 2.000000000
2 90 7 10519 8 2.000000000
2 91 7 10520 8 2.000000000
2 92 7 10521 8 2.000000000
2 93 7 10522 8 2.000000000
2 94 7 10523 8 2.000000000
2 95 7 10524 8 2.000000000
2 96 7 10525 8 2.000000000
2 97 7 10526 8 2.000000000
2 98 7 10527 8 2.000000000
2 99 7 10528 8 2.000000000
2 100 7 10529 8 2.000000000
2 101 7 10530 8 2.000000000
2 102 7 10531 8 2.000000000
2 103 7 10532 8 2.000000000
2 104 7 10533 8 2.000000000
2 105 7 10534 8 2.000000000
2 106 7 10535 8 2.000000000
2 107 7 10536 8 2.000000000
2 108 7 10537 8 2.000000000
2 109 7 10538 8 2.000000000
2 110 7 10539 8 2.000000000
2 111 7 10540 8 2.000000000
2 112 7 10541 8 2.000000000
2 113 7 10542 8 2.000000000
2 114 7 10543 8 2.000000000
2 115 7 10544 8 2.000000000
2 116 7 10545 8 2.000000000
2 117 7 10546 8 2.000000000
2 118 7 10547 8 2.000000000
2 119 7 10548 8 2.000000000
2 120 7 10549 8 2.000000000
2 121 7 10550 8 2.000000000
2 122 7 10551 8 2.000000000
2 123 7 10552 8 2.000000000
2 124 7 10553 8 2.000000000
2 125 7 10554 8 2.000000000
2 126 7 10555 8 2.000000000
2 127 7 10556 8 2.000000000
2 128 7 10557 8 2.000000000
2 129 7 10558 8 2.000000000
2 130 7 10559 8 2.000000000
2 131 7 10560 8 2.000000000
2 132 7 10561 8 2.000000000
2 133 7 10562 8 2.000000000
2 134 7 10563 8 2.000000000
2 135 7 10564 8 2.000000000
2 136 7 10565 8 2.000000000
2 137 7 10566 8 2.000000000
2 138 7 10567 8 2.000000000
2 139 7 10568 8 2.000000000
2 140 7 10569 8 2.000000000
2 141 7 10570 8 2.000000000
2 142 7 10571 8 2.000000000
2 143 7 10572 8 2.000000000
2 144 7 10573 8 2.000000000
2 145 7 10574 8 2.000000000
2 146 7 10575 8 2.000000000
2 147 7 10576 8 2.000000000
2 148 7 10577 8 2.000000000
2 149 7 10578 8 2.000000000
2 150 7 10579 8 2.000000000
2 151 7 10580 8 2.000000000
2 152 7 10581 8 2.000000000
2 153 7 10582 8 2.000000000
2 154 7 10583 8 2.000000000
2 155 7 10584 8 2.000000000
2 156 7 10585 8 2.000000000
2 157 7 10586 8 2.000000000
2 158 7 10587 8 2.000000000
2 159 7 10588 8 2.000000000
2 160 7 10589 8 2.000000000
2 161 7 10590 8 2.000000000
2 162 7 10591 8 2.000000000
2 163 7 10592 8 2.000000000
2 164 7 10593 8 2.000000000
2 165 7 10594 8 2.000000000
2 166 7 10595 8 2.000000000
2 167 7 10596 8 2.000000000
2 168 7 10597 8 2.000000000
2 169 7 10598 8 2.000000000
2 170 7 10599 8 2.000000000
2 171 7 10600 8 2.000000000
2 172 7 10601 8 2.000000000
2 173 7 10602 8 2.000000000
2 174 7 10603 8 2.000000000
2 175 7 10604 8 2.000000000
2 176 7 10605 8 2.000000000
2 177 7 10606 8 2.000000000
2 178 7 10607 8 2.000000000
2 179 7 10608 8 2.000000000
2 180 7 10609 8 2.000000000
2 181 7 10610 8 2.000000000
2 182 7 10611 8 2.000000000
2 183 7 10612 8 2.000000000
2 184 7 10613 8 2.000000000
2 185 7 10614 8 2.000000000
2 186 7 10615 8 2.000000000
2 187 7 10616 8 2.000000000
2 188 7 10617 8 2.000000000
2 189 7 10618 8 2.000000000
2 190 7 10619 8 2.000000000
2 191 7 10620 8 2.000000000
2 192 7 10621 8 2.000000000
2 193 7 10622 8 2.000000000
2 194 7 10623 8 2.000000000
2 195 7 10624 8 2.000000000
2 196 7 10625 8 2.000000000
2 197 7 10626 8 2.000000000
2 198 7 10627 8 2.000000000
2 199 7 10628 8 2.000000000
2 200 7 10629 8 2.000000000
2 201 7 10630 8 2.000000000
2 202 7 10631 8 2.000000000
2 203 7 10632 8 2.000000000
2 204 7 10633 8 2.000000000
2 205 7 10634 8 2.000000000
2 206 7 10635 8 2.000000000
2 207 7 10636 8 2.000000000
2 208 7 10637 8 2.000000000
2 209 7 10638 8 2.000000000
2 210 7 10639 8 2.000000000
2 211 7 10640 8 2.000000000
2 212 7 10641 8 2.000000000
2 213 7 10642 8 2.000000000
2 214 7 10643 8 2.000000000
2 215 7 10644 8 2.000000000
3 0 7 10645 8 2.000000000
3 1 7 10646 8 2.000000000
3 2 7 10647 8 2.000000000
3 4 7 10648 8 2.000000000
3 5 7 10649 8 2.000000000
3 6 7 10650 8 2.000000000
3 7 7 10651 8 2.000000000
3 8 7 10652 8 2.000000000
3 9 7 10653 8 2.000000000
3 10 7 10654 8 2.000000000
3 11 7 10655 8 2.000000000
3 12 7 10656 8 2.000000000
3 13 7 10657 8 2.000000000
3 14 7 10658 8 2.000000000
3 15 7 10659 8 2.000000000
3 16 7 10660 8 2.000000000
3 17 7 10661 8 2.000000000
3 18 7 10662 8 2.000000000
3 19 7 10663 8 2.000000000
3 20 7 10664 8 2.000000000
3 21 7 10665 8 2.000000000
3 22 7 10666 8 2.000000000
3 23 7 10667 8 2.000000000
3 24 7 10668 8 2.000000000
3 25 7 10669 8 2.000000000
3 26 7 10670 8 2.000000000
3 27 7 10671 8 2.000000000
3 28 7 10672 8 2.000000000
3 29 7 10673 8 2.000000000
3 30 7 10674 8 2.000000000
3 31 7 10675 8 2.000000000
3 32 7 10676 8 2.000000000
3 33 7 10677 8 2.000000000
3 34 7 10678 8 2.000000000
3 35 7 10679 8 2.000000000
3 36 7 10680 8 2.000000000
3 37 7 10681 8 2.000000000
3 38 7 10682 8 2.000000000
3 39 7 10683 8 2.000000000
3 40 7 10684 8 2.000000000
3 41 7 10685 8 2.000000000
3 42 7 10686 8 2.000000000
3 43 7 10687 8 2.000000000
3 44 7 10688 8 2.000000000
3 45 7 10689 8 2.000000000
3 46 7 10690 8 2.000000000
3 47 7 10691 8 2.000000000
3 48 7 10692 8 2.000000000
3 49 7 10693 8 2.000000000
3 50 7 10694 8 2.000000000
3 51 7 10695 8 2.000000000
3 52 7 10696 8 2.000000000
3 53 7 10697 8 2.000000000
3 54 7 10698 8 2.000000000
3 55 7 10699 8 2.000000000
3 56 7 10700 8 2.000000000
3 57 7 10701 8 2.000000000
3 58 7 10702 8 2.000000000
3 59 7 10703 8 2.000000000
3 60 7 10704 8 2.000000000
3 61 7 10705 8 2.000000000
3 62 7 10706 8 2.000000000
3 63 7 10707 8 2.000000000
3 64 7 10708 8 2.000000000
3 65 7 10709 8 2.000000000
3 66 7 10710 8 2.000000000
3 67 7 10711 8 2.000000000
3 68 7 10712 8 2.000000000
3 69 7 10713 8 2.000000000
3 70 7 10714 8 2.000000000
3 71 7 10715 8 2.000000000
3 72 7 10716 8 2.000000000
3 73 7 10717 8 2.000000000
3 74 7 10718 8 2.000000000
3 75 7 10719 8 2.000000000
3 76 7 10720 8 2.000000000
3 77 7 10721 8 2.000000000
3 78 7 10722 8 2.000000000
3 79 7 10723 8 2.000000000
3 80 7 10724 8 2.000000000
3 81 7 10725 8 2.000000000
3 82 7 10726 8 2.000000000
3 83 7 10727 8 2.000000000
3 84 7 10728 8 2.000000000
3 85 7 10729 8 2.000000000
3 86 7 10730 8 2.000000000
3 87 7 10731 8 2.000000000
3 88 7 10732 8 2.000000000
3 89 7 10733 8 2.000000000
3 90 7 10734 8 2.000000000
3 91 7 10735 8 2.000000000
3 92 7 10736 8 2.000000000
3 93 7 10737 8 2.000000000
3 94 7 10738 8 2.000000000
3 95 7 10739 8 2.000000000
3 96 7 10740 8 2.000000000
3 97 7 10741 8 2.000000000
3 98 7 10742 8 2.000000000
3 99 7 10743 8 2.000000000
3 100 7 10744 8 2.000000000
3 101 7 10745 8 2.000000000
3 102 7 10746 8 2.000000000
3 103 7 10747 8 2.000000000
3 104 7 10748 8 2.000000000
3 105 7 10749 8 2.000000000
3 106 7 10750 8 2.000000000
3 107 7 10751 8 2.000000000
3 108 7 10752 8 2.000000000
3 109 7 10753 8 2.000000000
3 110 7 10754 8 2.000000000
3 111 7 10755 8 2.000000000
3 112 7 10756 8 2.000000000
3 113 7 10757 8 2.000000000
3 114 7 10758 8 2.000000000
3 115 7 10759 8 2.000000000
3 116 7 10760 8 2.000000000
3 117 7 10761 8 2.000000000
3 118 7 10762 8 2.000000000
3 119 7 10763 8 2.000000000
3 120 7 10764 8 2.000000000
3 121 7 10765 8 2.000000000
3 122 7 10766 8 2.000000000
3 123 7 10767 8 2.000000000
3 124 7 10768 8 2.000000000
3 125 7 10769 8 2.000000000
3 126 7 10770 8 2.000000000
3 127 7 10771 8 2.000000000
3 128 7 10772 8 2.000000000
3 129 7 10773 8 2.000000000
3 130 7 10774 8 2.000000000
3 131 7 10775 8 2.000000000
3 132 7 10776 8 2.000000000
3 133 7 10777 8 2.000000000
3 134 7 10778 8 2.000000000
3 135 7 10779 8 2.000000000
3 136 7 10780 8 2.000000000
3 137 7 10781 8 2.000000000
3 138 7 10782 8 2.000000000
3 139 7 10783 8 2.000000000
3 140 7 10784 8 2.000000000
3 141 7 10785 8 2.000000000
3 142 7 10786 8 2.000000000
3 143 7 10787 8 2.000000000
3 144 7 10788 8 2.000000000
3 145 7 10789 8 2.000000000
3 146 7 10790 8 2.000000000
3 147 7 10791 8 2.000000000
3 148 7 10792 8 2.000000000
3 149 7 10793 8 2.000000000
3 150 7 10794 8 2.000000000
3 151 7 10795 8 2.000000000
3 152 7 10796 8 2.000000000
3 153 7 10797 8 2.000000000
3 154 7 10798 8 2.000000000
3 155 7 10799 8 2.000000000
3 156 7 10800 8 2.000000000
3 157 7 10801 8 2.000000000
3 158 7 10802 8 2.000000000
3 159 7 10803 8 2.000000000
3 160 7 10804 8 2.000000000
3 161 7 10805 8 2.000000000
3 162 7 10806 8 2.000000000
3 163 7 10807 8 2.000000000
3 164 7 10808 8 2.000000000
3 165 7 10809 8 2.000000000
3 166 7 10810 8 2.000000000
3 167 7 10811 8 2.000000000
3 168 7 10812 8 2.000000000
3 169 7 10813 8 2.000000000
3 170 7 10814 8 2.000000000
3 171 7 10815 8 2.000000000
3 172 7 10816 8 2.000000000
3 173 7 10817 8 2.000000000
3 174 7 10818 8 2.000000000
3 175 7 10819 8 2.000000000
3 176 7 10820 8 2.000000000
3 177 7 10821 8 2.000000000
3 178 7 10822 8 2.000000000
3 179 7 10823 8 2.000000000
3 180 7 10824 8 2.000000000
3 181 7 10825 8 2.000000000
3 182 7 10826 8 2.000000000
3 183 7 10827 8 2.000000000
3 184 7 10828 8 2.000000000
3 185 7 10829 8 2.000000000
3 186 7 10830 8 2.000000000
3 187 7 10831 8 2.000000000
3 188 7 10832 8 2.000000000
3 189 7 10833 8 2.000000000
3 190 7 10834 8 2.000000000
3 191 7 10835 8 2.000000000
3 192 7 10836 8 2.000000000
3 193 7 10837 8 2.000000000
3 194 7 10838 8 2.000000000
3 195 7 10839 8 2.000000000
3 196 7 10840 8 2.000000000
3 197 7 10841 8 2.000000000
3 198 7 10842 8 2.000000000
3 199 7 10843 8 2.000000000
3 200 7 10844 8 2.000000000
3 201 7 10845 8 2.000000000
3 202 7 10846 8 2.000000000
3 203 7 10847 8 2.000000000
3 204 7 10848 8 2.000000000
3 205 7 10849 8 2.000000000
3 206 7 10850 8 2.000000000
3 207 7 10851 8 2.000000000
3 208 7 10852 8 2.000000000
3 209 7 10853 8 2.000000000
3 210 7 10854 8 2.000000000
3 211 7 10855 8 2.000000000
3 212 7 10856 8 2.000000000
3 213 7 10857 8 2.000000000
3 214 7 10858 8 2.000000000
3 215 7 10859 8 2.000000000
4 0 7 10860 8 2.000000000
4 1 7 10861 8 2.000000000
4 2 7 10862 8 2.000000000
4 3 7 10863 8 2.000000000
4 5 7 10864 8 2.000000000
4 6 7 10865 8 2.000000000
4 7 7 10866 8 2.000000000
4 8 7 10867 8 2.000000000
4 9 7 10868 8 2.000000000
4 10 7 10869 8 2.000000000
4 11 7 10870 8 2.000000000
4 12 7 10871 8 2.000000000
4 13 7 10872 8 2.000000000
4 14 7 10873 8 2.000000000
4 15 7 10874 8 2.000000000
4 16 7 10875 8 2.000000000
4 17 7 10876 8 2.000000000
4 18 7 10877 8 2.000000000
4 19 7 10878 8 2.000000000
4 20 7 10879 8 2.000000000
4 21 7 10880 8 2.000000000
4 22 7 10881 8 2.000000000
4 23 7 10882 8 2.000000000
4 24 7 10883 8 2.000000000
4 25 7 10884 8 2.000000000
4 26 7 10885 8 2.000000000
4 27 7 10886 8 2.000000000
4 28 7 10887 8 2.000000000
4 29 7 10888 8 2.000000000
4 30 7 10889 8 2.000000000
4 31 7 10890 8 2.000000000
4 32 7 10891 8 2.000000000
4 33 7 10892 8 2.000000000
4 34 7 10893 8 2.000000000
4 35 7 10894 8 2.000000000
4 36 7 10895 8 2.000000000
4 37 7 10896 8 2.000000000
4 38 7 10897 8 2.000000000
4 39 7 10898 8 2.000000000
4 40 7 10899 8 2.000000000
4 41 7 10900 8 2.000000000
4 42 7 10901 8 2.000000000
4 43 7 10902 8 2.000000000
4 44 7 10903 8 2.000000000
4 45 7 10904 8 2.000000000
4 46 7 10905 8 2.000000000
4 47 7 10906 8 2.000000000
4 48 7 10907 8 2.000000000
4 49 7 10908 8 2.000000000
4 50 7 10909 8 2.000000000
4 51 7 10910 8 2.000000000
4 52 7 10911 8 2.000000000
4 53 7 10912 8 2.000000000
4 54 7 10913 8 2.000000000
4 55 7 10914 8 2.000000000
4 56 7 10915 8 2.000000000
4 57 7 10916 8 2.000000000
4 58 7 10917 8 2.000000000
4 59 7 10918 8 2.000000000
4 60 7 10919 8 2.000000000
4 61 7 10920 8 2.000000000
4 62 7 10921 8 2.000000000
4 63 7 10922 8 2.000000000
4 64 7 10923 8 2.000000000
4 65 7 10924 8 2.000000000
4 66 7 10925 8 2.000000000
4 67 7 10926 8 2.000000000
4 68 7 10927 8 2.000000000
4 69 7 10928 8 2.000000000
4 70 7 10929 8 2.000000000
4 71 7 10930 8 2.000000000
4 72 7 10931 8 2.000000000
4 73 7 10932 8 2.000000000
4 74 7 10933 8 2.000000000
4 75 7 10934 8 2.000000000
4 76 7 10935 8 2.000000000
4 77 7 10936 8 2.000000000
4 78 7 10937 8 2.000000000
4 79 7 10938 8 2.000000000
4 80 7 10939 8 2.000000000
4 81 7 10940 8 2.000000000
4 82 7 10941 8 2.000000000
4 83 7 10942 8 2.000000000
4 84 7 10943 8 2.000000000
4 85 7 10944 8 2.000000000
4 86 7 10945 8 2.000000000
4 87 7 10946 8 2.000000000
4 88 7 10947 8 2.000000000
4 89 7 10948 8 2.000000000
4 90 7 10949 8 2.000000000
4 91 7 10950 8 2.000000000
4 92 7 10951 8 2.000000000
4 93 7 10952 8 2.000000000
4 94 7 10953 8 2.000000000
4 95 7 10954 8 2.000000000
4 96 7 10955 8 2.000000000
4 97 7 10956 8 2.000000000
4 98 7 10957 8 2.000000000
4 99 7 10958 8 2.000000000
4 100 7 10959 8 2.000000000
4 101 7 10960 8 2.000000000
4 102 7 10961 8 2.000000000
4 103 7 10962 8 2.000000000
4 104 7 10963 8 2.000000000
4 105 7 10964 8 2.000000000
4 106 7 10965 8 2.000000000
4 107 7 10966 8 2.000000000
4 108 7 10967 8 2.000000000
4 109 7 10968 8 2.000000000
4 110 7 10969 8 2.000000000
4 111 7 10970 8 2.000000000
4 112 7 10971 8 2.000000000
4 113 7 10972 8 2.000000000
4 114 7 10973 8 2.000000000
4 115 7 10974 8 2.000000000
4 116 7 10975 8 2.000000000
4 117 7 10976 8 2.000000000
4 118 7 10977 8 2.000000000
4 119 7 10978 8 2.000000000
4 120 7 10979 8 2.000000000
4 121 7 10980 8 2.000000000
4 122 7 10981 8 2.000000000
4 123 7 10982 8 2.000000000
4 124 7 10983 8 2.000000000
4 125 7 10984 8 2.000000000
4 126 7 10985 8 2.000000000
4 127 7 10986 8 2.000000000
4 128 7 10987 8 2.000000000
4 129 7 10988 8 2.000000000
4 130 7 10989 8 2.000000000
4 131 7 10990 8 2.000000000
4 132 7 10991 8 2.000000000
4 133 7 10992 8 2.000000000
4 134 7 10993 8 2.000000000
4 135 7 10994 8 2.000000000
4 136 7 10995 8 2.000000000
4 137 7 10996 8 2.000000000
4 138 7 10997 8 2.000000000
4 139 7 10998 8 2.000000000
4 140 7 10999 8 2.000000000
4 141 7 11000 8 2.000000000
4 142 7 11001 8 2.000000000
4 143 7 11002 8 2.000000000
4 144 7 11003 8 2.000000000
4 145 7 11004 8 2.000000000
4 146 7 11005 8 2.000000000
4 147 7 11006 8 2.000000000
4 148 7 11007 8 2.000000000
4 149 7 11008 8 2.000000000
4 150 7 11009 8 2.000000000
4 151 7 11010 8 2.000000000
4 152 7 11011 8 2.000000000
4 153 7 11012 8 2.000000000
4 154 7 11013 8 2.000000000
4 155 7 11014 8 2.000000000
4 156 7 11015 8 2.000000000
4 157 7 11016 8 2.000000000
4 158 7 11017 8 2.000000000
4 159 7 11018 8 2.000000000
4 160 7 11019 8 2.000000000
4 161 7 11020 8 2.000000000
4 162 7 11021 8 2.000000000
4 163 7 11022 8 2.000000000
4 164 7 11023 8 2.000000000
4 165 7 11024 8 2.000000000
4 166 7 11025 8 2.000000000
4 167 7 11026 8 2.000000000
4 168 7 11027 8 2.000000000
4 169 7 11028 8 2.000000000
4 170 7 11029 8 2.000000000
4 171 7 11030 8 2.000000000
4 172 7 11031 8 2.000000000
4 173 7 11032 8 2.000000000
4 174 7 11033 8 2.000000000
4 175 7 11034 8 2.000000000
4 176 7 11035 8 2.000000000
4 177 7 11036 8 2.000000000
4 178 7 11037 8 2.000000000
4 179 7 11038 8 2.000000000
4 180 7 11039 8 2.000000000
4 181 7 11040 8 2.000000000
4 182 7 11041 8 2.000000000
4 183 7 11042 8 2.000000000
4 184 7 11043 8 2.000000000
4 185 7 11044 8 2.000000000
4 186 7 11045 8 2.000000000
4 187 7 11046 8 2.000000000
4 188 7 11047 8 2.000000000
4 189 7 11048 8 2.000000000
4 190 7 11049 8 2.000000000
4 191 7 11050 8 2.000000000
4 192 7 11051 8 2.000000000
4 193 7 11052 8 2.000000000
4 194 7 11053 8 2.000000000
4 195 7 11054 8 2.000000000
4 196 7 11055 8 2.000000000
4 197 7 11056 8 2.000000000
4 198 7 11057 8 2.000000000
4 199 7 11058 8 2.000000000
4 200 7 11059 8 2.000000000
4 201 7 11060 8 2.000000000
4 202 7 11061 8 2.000000000
4 203 7 11062 8 2.000000000
4 204 7 11063 8 2.000000000
4 205 7 11064 8 2.000000000
4 206 7 11065 8 2.000000000
4 207 7 11066 8 2.000000000
4 208 7 11067 8 2.000000000
4 209 7 11068 8 2.000000000
4 210 7 11069 8 2.000000000
4 211 7 11070 8 2.000000000
4 212 7 11071 8 2.000000000
4 213 7 11072 8 2.000000000
4 214 7 11073 8 2.000000000
4 215 7 11074 8 2.000000000
5 0 7 11075 8 2.000000000
5 1 7 11076 8 2.000000000
5 2 7 11077 8 2.000000000
5 3 7 11078 8 2.000000000
5 4 7 11079 8 2.000000000
5 6 7 11080 8 2.000000000
5 7 7 11081 8 2.000000000
5 8 7 11082 8 2.000000000
5 9 7 11083 8 2.000000000
5 10 7 11084 8 2.000000000
5 11 7 11085 8 2.000000000
5 12 7 11086 8 2.000000000
5 13 7 11087 8 2.000000000
5 14 7 11088 8 2.000000000
5 15 7 11089 8 2.000000000
5 16 7 11090 8 2.000000000
5 17 7 11091 8 2.000000000
5 18 7 11092 8 2.000000000
5 19 7 11093 8 2.000000000
5 20 7 11094 8 2.000000000
5 21 7 11095 8 2.000000000
5 22 7 11096 8 2.000000000
5 23 7 11097 8 2.000000000
5 24 7 11098 8 2.000000000
5 25 7 11099 8 2.000000000
5 26 7 11100 8 2.000000000
5 27 7 11101 8 2.000000000
5 28 7 11102 8 2.000000000
5 29 7 11103 8 2.000000000
5 30 7 11104 8 2.000000000
5 31 7 11105 8 2.000000000
5 32 7 11106 8 2.000000000
5 33 7 11107 8 2.000000000
5 34 7 11108 8 2.000000000
5 35 7 11109 8 2.000000000
5 36 7 11110 8 2.000000000
5 37 7 11111 8 2.000000000
5 38 7 11112 8 2.000000000
5 39 7 11113 8 2.000000000
5 40 7 11114 8 2.000000000
5 41 7 11115 8 2.000000000
5 42 7 11116 8 2.000000000
5 43 7 11117 8 2.000000000
5 44 7 11118 8 2.000000000
5 45 7 11119 8 2.000000000
5 46 7 11120 8 2.000000000
5 47 7 11121 8 2.000000000
5 48 7 11122 8 2.000000000
5 49 7 11123 8 2.000000000
5 50 7 11124 8 2.000000000
5 51 7 11125 8 2.000000000
5 52 7 11126 8 2.000000000
5 53 7 11127 8 2.000000000
5 54 7 11128 8 2.000000000
5 55 7 11129 8 2.000000000
5 56 7 11130 8 2.000000000
5 57 7 11131 8 2.000000000
5 58 7 11132 8 2.000000000
5 59 7 11133 8 2.000000000
5 60 7 11134 8 2.000000000
5 61 7 11135 8 2.000000000
5 62 7 11136 8 2.000000000
5 63 7 11137 8 2.000000000
5 64 7 11138 8 2.000000000
5 65 7 11139 8 2.000000000
5 66 7 11140 8 2.000000000
5 67 7 11141 8 2.000000000
5 68 7 11142 8 2.000000000
5 69 7 11143 8 2.000000000
5 70 7 11144 8 2.000000000
5 71 7 11145 8 2.000000000
5 72 7 11146 8 2.000000000
5 73 7 11147 8 2.000000000
5 74 7 11148 8 2.000000000
5 75 7 11149 8 2.000000000
5 76 7 11150 8 2.000000000
5 77 7 11151 8 2.000000000
5 78 7 11152 8 2.000000000
5 79 7 11153 8 2.000000000
5 80 7 11154 8 2.000000000
5 81 7 11155 8 2.000000000
5 82 7 11156 8 2.000000000
5 83 7 11157 8 2.000000000
5 84 7 11158 8 2.000000000
5 85 7 11159 8 2.000000000
5 86 7 11160 8 2.000000000
5 87 7 11161 8 2.000000000
5 88 7 11162 8 2.000000000
5 89 7 11163 8 2.000000000
5 90 7 11164 8 2.000000000
5 91 7 11165 8 2.000000000
5 92 7 11166 8 2.000000000
5 93 7 11167 8 2.000000000
5 94 7 11168 8 2.000000000
5 95 7 11169 8 2.000000000
5 96 7 11170 8 2.000000000
5 97 7 11171 8 2.000000000
5 98 7 11172 8 2.000000000
5 99 7 11173 8 2.000000000
5 100 7 11174 8 2.000000000
5 101 7 11175 8 2.000000000
5 102 7 11176 8 2.000000000
5 103 7 11177 8 2.000000000
5 104 7 11178 8 2.000000000
5 105 7 11179 8 2.000000000
5 106 7 11180 8 2.000000000
5 107 7 11181 8 2.000000000
5 108 7 11182 8 2.000000000
5 109 7 11183 8 2.000000000
5 110 7 11184 8 2.000000000
5 111 7 11185 8 2.000000000
5 112 7 11186 8 2.000000000
5 113 7 11187 8 2.000000000
5 114 7 11188 8 2.000000000
5 115 7 11189 8 2.000000000
5 116 7 11190 8 2.000000000
5 117 7 11191 8 2.000000000
5 118 7 11192 8 2.000000000
5 119 7 11193 8 2.000000000
5 120 7 11194 8 2.000000000
5 121 7 11195 8 2.000000000
5 122 7 11196 8 2.000000000
5 123 7 11197 8 2.000000000
5 124 7 11198 8 2.000000000
5 125 7 11199 8 2.000000000
5 126 7 11200 8 2.000000000
5 127 7 11201 8 2.000000000
5 128 7 11202 8 2.000000000
5 129 7 11203 8 2.000000000
5 130 7 11204 8 2.000000000
5 131 7 11205 8 2.000000000
5 132 7 11206 8 2.000000000
5 133 7 11207 8 2.000000000
5 134 7 11208 8 2.000000000
5 135 7 11209 8 2.000000000
5 136 7 11210 8 2.000000000
5 137 7 11211 8 2.000000000
5 138 7 11212 8 2.000000000
5 139 7 11213 8 2.000000000
5 140 7 11214 8 2.000000000
5 141 7 11215 8 2.000000000
5 142 7 11216 8 2.000000000
5 143 7 11217 8 2.000000000
5 144 7 11218 8 2.000000000
5 145 7 11219 8 2.000000000
5 146 7 11220 8 2.000000000
5 147 7 11221 8 2.000000000
5 148 7 11222 8 2.000000000
5 149 7 11223 8 2.000000000
5 150 7 11224 8 2.000000000
5 151 7 11225 8 2.000000000
5 152 7 11226 8 2.000000000
5 153 7 11227 8 2.000000000
5 154 7 11228 8 2.000000000
5 155 7 11229 8 2.000000000
5 156 7 11230 8 2.000000000
5 157 7 11231 8 2.000000000
5 158 7 11232 8 2.000000000
5 159 7 11233 8 2.000000000
5 160 7 11234 8 2.000000000
5 161 7 11235 8 2.000000000
5 162 7 11236 8 2.000000000
5 163 7 11237 8 2.000000000
5 164 7 11238 8 2.000000000
5 165 7 11239 8 2.000000000
5 166 7 11240 8 2.000000000
5 167 7 11241 8 2.000000000
5 168 7 11242 8 2.000000000
5 169 7 11243 8 2.000000000
5 170 7 11244 8 2.000000000
5 171 7 11245 8 2.000000000
5 172 7 11246 8 2.000000000
5 173 7 11247 8 2.000000000
5 174 7 11248 8 2.000000000
5 175 7 11249 8 2.000000000
5 176 7 11250 8 2.000000000
5 177 7 11251 8 2.000000000
5 178 7 11252 8 2.000000000
5 179 7 11253 8 2.000000000
5 180 7 11254 8 2.000000000
5 181 7 11255 8 2.000000000
5 182 7 11256 8 2.000000000
5 183 7 11257 8 2.000000000
5 184 7 11258 8 2.000000000
5 185 7 11259 8 2.000000000
5 186 7 11260 8 2.000000000
5 187 7 11261 8 2.000000000
5 188 7 11262 8 2.000000000
5 189 7 11263 8 2.000000000
5 190 7 11264 8 2.000000000
5 191 7 11265 8 2.000000000
5 192 7 11266 8 2.000000000
5 193 7 11267 8 2.000000000
5 194 7 11268 8 2.000000000
5 195 7 11269 8 2.000000000
5 196 7 11270 8 2.000000000
5 197 7 11271 8 2.000000000
5 198 7 11272 8 2.000000000
5 199 7 11273 8 2.000000000
5 200 7 11274 8 2.000000000
5 201 7 11275 8 2.000000000
5 202 7 11276 8 2.000000000
5 203 7 11277 8 2.000000000
5 204 7 11278 8 2.000000000
5 205 7 11279 8 2.000000000
5 206 7 11280 8 2.000000000
5 207 7 11281 8 2.000000000
5 208 7 11282 8 2.000000000
5 209 7 11283 8 2.000000000
5 210 7 11284 8 2.000000000
5 211 7 11285 8 2.000000000
5 212 7 11286 8 2.000000000
5 213 7 11287 8 2.000000000
5 214 7 11288 8 2.000000000
5 215 7 11289 8 2.000000000
