1290
0 1 7 10000 128 2.000000000
0 2 7 10001 128 2.000000000
0 3 7 10002 128 2.000000000
0 4 7 10003 128 2.000000000
0 5 7 10004 128 2.000000000
0 6 7 10005 128 2.000000000
0 7 7 10006 128 2.000000000
0 8 7 10007 128 2.000000000
0 9 7 10008 128 2.000000000
0 10 7 10009 128 2.000000000
0 11 7 10010 128 2.000000000
0 12 7 10011 128 2.000000000
0 13 7 10012 128 2.000000000
0 14 7 10013 128 2.000000000
0 15 7 10014 128 2.000000000
0 16 7 10015 128 2.000000000
0 17 7 10016 128 2.000000000
0 18 7 10017 128 2.000000000
0 19 7 10018 128 2.000000000
0 20 7 10019 128 2.000000000
0 21 7 10020 128 2.000000000
0 22 7 10021 128 2.000000000
0 23 7 10022 128 2.000000000
0 24 7 10023 128 2.000000000
0 25 7 10024 128 2.000000000
0 26 7 10025 128 2.000000000
0 27 7 10026 128 2.000000000
0 28 7 10027 128 2.000000000
0 29 7 10028 128 2.000000000
0 30 7 10029 128 2.000000000
0 31 7 10030 128 2.000000000
0 32 7 10031 128 2.000000000
0 33 7 10032 128 2.000000000
0 34 7 10033 128 2.000000000
0 35 7 10034 128 2.000000000
0 36 7 10035 128 2.000000000
0 37 7 10036 128 2.000000000
0 38 7 10037 128 2.000000000
0 39 7 10038 128 2.000000000
0 40 7 10039 128 2.000000000
0 41 7 10040 128 2.000000000
0 42 7 10041 128 2.000000000
0 43 7 10042 128 2.000000000
0 44 7 10043 128 2.000000000
0 45 7 10044 128 2.000000000
0 46 7 10045 128 2.000000000
0 47 7 10046 128 2.000000000
0 48 7 10047 128 2.000000000
0 49 7 10048 128 2.000000000
0 50 7 10049 128 2.000000000
0 51 7 10050 128 2.000000000
0 52 7 10051 128 2.000000000
0 53 7 10052 128 2.000000000
0 54 7 10053 128 2.000000000
0 55 7 10054 128 2.000000000
0 56 7 10055 128 2.000000000
0 57 7 10056 128 2.000000000
0 58 7 10057 128 2.000000000
0 59 7 10058 128 2.000000000
0 60 7 10059 128 2.000000000
0 61 7 10060 128 2.000000000
0 62 7 10061 128 2.000000000
0 63 7 10062 128 2.000000000
0 64 7 10063 128 2.000000000
0 65 7 10064 128 2.000000000
0 66 7 10065 128 2.000000000
0 67 7 10066 128 2.000000000
0 68 7 10067 128 2.000000000
0 69 7 10068 128 2.000000000
0 70 7 10069 128 2.000000000
0 71 7 10070 128 2.000000000
0 72 7 10071 128 2.000000000
0 73 7 10072 128 2.000000000
0 74 7 10073 128 2.000000000
0 75 7 10074 128 2.000000000
0 76 7 10075 128 2.000000000
0 77 7 10076 128 2.000000000
0 78 7 10077 128 2.000000000
0 79 7 10078 128 2.000000000
0 80 7 10079 128 2.000000000
0 81 7 10080 128 2.000000000
0 82 7 10081 128 2.000000000
0 83 7 10082 128 2.000000000
0 84 7 10083 128 2.000000000
0 85 7 10084 128 2.000000000
0 86 7 10085 128 2.000000000
0 87 7 10086 128 2.000000000
0 88 7 10087 128 2.000000000
0 89 7 10088 128 2.000000000
0 90 7 10089 128 2.000000000
0 91 7 10090 128 2.000000000
0 92 7 10091 128 2.000000000
0 93 7 10092 128 2.000000000
0 94 7 10093 128 2.000000000
0 95 7 10094 128 2.000000000
0 96 7 10095 128 2.000000000
0 97 7 10096 128 2.000000000
0 98 7 10097 128 2.000000000
0 99 7 10098 128 2.000000000
0 100 7 10099 128 2.000000000
0 101 7 10100 128 2.000000000
0 102 7 10101 128 2.000000000
0 103 7 10102 128 2.000000000
0 104 7 10103 128 2.000000000
0 105 7 10104 128 2.000000000
0 106 7 10105 128 2.000000000
0 107 7 10106 128 2.000000000
0 108 7 10107 128 2.000000000
0 109 7 10108 128 2.000000000
0 110 7 10109 128 2.000000000
0 111 7 10110 128 2.000000000
0 112 7 10111 128 2.000000000
0 113 7 10112 128 2.000000000
0 114 7 10113 128 2.000000000
0 115 7 10114 128 2.000000000
0 116 7 10115 128 2.000000000
0 117 7 10116 128 2.000000000
0 118 7 10117 128 2.000000000
0 119 7 10118 128 2.000000000
0 120 7 10119 128 2.000000000
0 121 7 10120 128 2.000000000
0 122 7 10121 128 2.000000000
0 123 7 10122 128 2.000000000
0 124 7 10123 128 2.000000000
0 125 7 10124 128 2.000000000
0 126 7 10125 128 2.000000000
0 127 7 10126 128 2.000000000
0 128 7 10127 128 2.000000000
0 129 7 10128 128 2.000000000
0 130 7 10129 128 2.000000000
0 131 7 10130 128 2.000000000
0 132 7 10131 128 2.000000000
0 133 7 10132 128 2.000000000
0 134 7 10133 128 2.000000000
0 135 7 10134 128 2.000000000
0 136 7 10135 128 2.000000000
0 137 7 10136 128 2.000000000
0 138 7 10137 128 2.000000000
0 139 7 10138 128 2.000000000
0 140 7 10139 128 2.000000000
0 141 7 10140 128 2.000000000
0 142 7 10141 128 2.000000000
0 143 7 10142 128 2.000000000
0 144 7 10143 128 2.000000000
0 145 7 10144 128 2.000000000
0 146 7 10145 128 2.000000000
0 147 7 10146 128 2.000000000
0 148 7 10147 128 2.000000000
0 149 7 10148 128 2.000000000
0 150 7 10149 128 2.000000000
0 151 7 10150 128 2.000000000
0 152 7 10151 128 2.000000000
0 153 7 10152 128 2.000000000
0 154 7 10153 128 2.000000000
0 155 7 10154 128 2.000000000
0 156 7 10155 128 2.000000000
0 157 7 10156 128 2.000000000
0 158 7 10157 128 2.000000000
0 159 7 10158 128 2.000000000
0 160 7 10159 128 2.000000000
0 161 7 10160 128 2.000000000
0 162 7 10161 128 2.000000000
0 163 7 10162 128 2.000000000
0 164 7 10163 128 2.000000000
0 165 7 10164 128 2.000000000
0 166 7 10165 128 2.000000000
0 167 7 10166 128 2.000000000
0 168 7 10167 128 2.000000000
0 169 7 10168 128 2.000000000
0 170 7 10169 128 2.000000000
0 171 7 10170 128 2.000000000
0 172 7 10171 128 2.000000000
0 173 7 10172 128 2.000000000
0 174 7 10173 128 2.000000000
0 175 7 10174 128 2.000000000
0 176 7 10175 128 2.000000000
0 177 7 10176 128 2.000000000
0 178 7 10177 128 2.000000000
0 179 7 10178 128 2.000000000
0 180 7 10179 128 2.000000000
0 181 7 10180 128 2.000000000
0 182 7 10181 128 2.000000000
0 183 7 10182 128 2.000000000
0 184 7 10183 128 2.000000000
0 185 7 10184 128 2.000000000
0 186 7 10185 128 2.000000000
0 187 7 10186 128 2.000000000
0 188 7 10187 128 2.000000000
0 189 7 10188 128 2.000000000
0 190 7 10189 128 2.000000000
0 191 7 10190 128 2.000000000
0 192 7 10191 128 2.000000000
0 193 7 10192 128 2.000000000
0 194 7 10193 128 2.000000000
0 195 7 10194 128 2.000000000
0 196 7 10195 128 2.000000000
0 197 7 10196 128 2.000000000
0 198 7 10197 128 2.000000000
0 199 7 10198 128 2.000000000
0 200 7 10199 128 2.000000000
0 201 7 10200 128 2.000000000
0 202 7 10201 128 2.000000000
0 203 7 10202 128 2.000000000
0 204 7 10203 128 2.000000000
0 205 7 10204 128 2.000000000
0 206 7 10205 128 2.000000000
0 207 7 10206 128 2.000000000
0 208 7 10207 128 2.000000000
0 209 7 10208 128 2.000000000
0 210 7 10209 128 2.000000000
0 211 7 10210 128 2.000000000
0 212 7 10211 128 2.000000000
0 213 7 10212 128 2.000000000
0 214 7 10213 128 2.000000000
0 215 7 10214 128 2.000000000
1 0 7 10215 128 2.000000000
1 2 7 10216 128 2.000000000
1 3 7 10217 128 2.000000000
1 4 7 10218 128 2.000000000
1 5 7 10219 128 2.000000000
1 6 7 10220 128 2.000000000
1 7 7 10221 128 2.000000000
1 8 7 10222 128 2.000000000
1 9 7 10223 128 2.000000000
1 10 7 10224 128 2.000000000
1 11 7 10225 128 2.000000000
1 12 7 10226 128 2.000000000
1 13 7 10227 128 2.000000000
1 14 7 10228 128 2.000000000
1 15 7 10229 128 2.000000000
1 16 7 10230 128 2.000000000
1 17 7 10231 128 2.000000000
1 18 7 10232 128 2.000000000
1 19 7 10233 128 2.000000000
1 20 7 10234 128 2.000000000
1 21 7 10235 128 2.000000000
1 22 7 10236 128 2.000000000
1 23 7 10237 128 2.000000000
1 24 7 10238 128 2.000000000
1 25 7 10239 128 2.000000000
1 26 7 10240 128 2.000000000
1 27 7 10241 128 2.000000000
1 28 7 10242 128 2.000000000
1 29 7 10243 128 2.000000000
1 30 7 10244 128 2.000000000
1 31 7 10245 128 2.000000000
1 32 7 10246 128 2.000000000
1 33 7 10247 128 2.000000000
1 34 7 10248 128 2.000000000
1 35 7 10249 128 2.000000000
1 36 7 10250 128 2.000000000
1 37 7 10251 128 2.000000000
1 38 7 10252 128 2.000000000
1 39 7 10253 128 2.000000000
1 40 7 10254 128 2.000000000
1 41 7 10255 128 2.000000000
1 42 7 10256 128 2.000000000
1 43 7 10257 128 2.000000000
1 44 7 10258 128 2.000000000
1 45 7 10259 128 2.000000000
1 46 7 10260 128 2.000000000
1 47 7 10261 128 2.000000000
1 48 7 10262 128 2.000000000
1 49 7 10263 128 2.000000000
1 50 7 10264 128 2.000000000
1 51 7 10265 128 2.000000000
1 52 7 10266 128 2.000000000
1 53 7 10267 128 2.000000000
1 54 7 10268 128 2.000000000
1 55 7 10269 128 2.000000000
1 56 7 10270 128 2.000000000
1 57 7 10271 128 2.000000000
1 58 7 10272 128 2.000000000
1 59 7 10273 128 2.000000000
1 60 7 10274 128 2.000000000
1 61 7 10275 128 2.000000000
1 62 7 10276 128 2.000000000
1 63 7 10277 128 2.000000000
1 64 7 10278 128 2.000000000
1 65 7 10279 128 2.000000000
1 66 7 10280 128 2.000000000
1 67 7 10281 128 2.000000000
1 68 7 10282 128 2.000000000
1 69 7 10283 128 2.000000000
1 70 7 10284 128 2.000000000
1 71 7 10285 128 2.000000000
1 72 7 10286 128 2.000000000
1 73 7 10287 128 2.000000000
1 74 7 10288 128 2.000000000
1 75 7 10289 128 2.000000000
1 76 7 10290 128 2.000000000
1 77 7 10291 128 2.000000000
1 78 7 10292 128 2.000000000
1 79 7 10293 128 2.000000000
1 80 7 10294 128 2.000000000
1 81 7 10295 128 2.000000000
1 82 7 10296 128 2.000000000
1 83 7 10297 128 2.000000000
1 84 7 10298 128 2.000000000
1 85 7 10299 128 2.000000000
1 86 7 10300 128 2.000000000
1 87 7 10301 128 2.000000000
1 88 7 10302 128 2.000000000
1 89 7 10303 128 2.000000000
1 90 7 10304 128 2.000000000
1 91 7 10305 128 2.000000000
1 92 7 10306 128 2.000000000
1 93 7 10307 128 2.000000000
1 94 7 10308 128 2.000000000
1 95 7 10309 128 2.000000000
1 96 7 10310 128 2.000000000
1 97 7 10311 128 2.000000000
1 98 7 10312 128 2.000000000
1 99 7 10313 128 2.000000000
1 100 7 10314 128 2.000000000
1 101 7 10315 128 2.000000000
1 102 7 10316 128 2.000000000
1 103 7 10317 128 2.000000000
1 104 7 10318 128 2.000000000
1 105 7 10319 128 2.000000000
1 106 7 10320 128 2.000000000
1 107 7 10321 128 2.000000000
1 108 7 10322 128 2.000000000
1 109 7 10323 128 2.000000000
1 110 7 10324 128 2.000000000
1 111 7 10325 128 2.000000000
1 112 7 10326 128 2.000000000
1 113 7 10327 128 2.000000000
1 114 7 10328 128 2.000000000
1 115 7 10329 128 2.000000000
1 116 7 10330 128 2.000000000
1 117 7 10331 128 2.000000000
1 118 7 10332 128 2.000000000
1 119 7 10333 128 2.000000000
1 120 7 10334 128 2.000000000
1 121 7 10335 128 2.000000000
1 122 7 10336 128 2.000000000
1 123 7 10337 128 2.000000000
1 124 7 10338 128 2.000000000
1 125 7 10339 128 2.000000000
1 126 7 10340 128 2.000000000
1 127 7 10341 128 2.000000000
1 128 7 10342 128 2.000000000
1 129 7 10343 128 2.000000000
1 130 7 10344 128 2.000000000
1 131 7 10345 128 2.000000000
1 132 7 10346 128 2.000000000
1 133 7 10347 128 2.000000000
1 134 7 10348 128 2.000000000
1 135 7 10349 128 2.000000000
1 136 7 10350 128 2.000000000
1 137 7 10351 128 2.000000000
1 138 7 10352 128 2.000000000
1 139 7 10353 128 2.000000000
1 140 7 10354 128 2.000000000
1 141 7 10355 128 2.000000000
1 142 7 10356 128 2.000000000
1 143 7 10357 128 2.000000000
1 144 7 10358 128 2.000000000
1 145 7 10359 128 2.000000000
1 146 7 10360 128 2.000000000
1 147 7 10361 128 2.000000000
1 148 7 10362 128 2.000000000
1 149 7 10363 128 2.000000000
1 150 7 10364 128 2.000000000
1 151 7 10365 128 2.000000000
1 152 7 10366 128 2.000000000
1 153 7 10367 128 2.000000000
1 154 7 10368 128 2.000000000
1 155 7 10369 128 2.000000000
1 156 7 10370 128 2.000000000
1 157 7 10371 128 2.000000000
1 158 7 10372 128 2.000000000
1 159 7 10373 128 2.000000000
1 160 7 10374 128 2.000000000
1 161 7 10375 128 2.000000000
1 162 7 10376 128 2.000000000
1 163 7 10377 128 2.000000000
1 164 7 10378 128 2.000000000
1 165 7 10379 128 2.000000000
1 166 7 10380 128 2.000000000
1 167 7 10381 128 2.000000000
1 168 7 10382 128 2.000000000
1 169 7 10383 128 2.000000000
1 170 7 10384 128 2.000000000
1 171 7 10385 128 2.000000000
1 172 7 10386 128 2.000000000
1 173 7 10387 128 2.000000000
1 174 7 10388 128 2.000000000
1 175 7 10389 128 2.000000000
1 176 7 10390 128 2.000000000
1 177 7 10391 128 2.000000000
1 178 7 10392 128 2.000000000
1 179 7 10393 128 2.000000000
1 180 7 10394 128 2.000000000
1 181 7 10395 128 2.000000000
1 182 7 10396 128 2.000000000
1 183 7 10397 128 2.000000000
1 184 7 10398 128 2.000000000
1 185 7 10399 128 2.000000000
1 186 7 10400 128 2.000000000
1 187 7 10401 128 2.000000000
1 188 7 10402 128 2.000000000
1 189 7 10403 128 2.000000000
1 190 7 10404 128 2.000000000
1 191 7 10405 128 2.000000000
1 192 7 10406 128 2.000000000
1 193 7 10407 128 2.000000000
1 194 7 10408 128 2.000000000
1 195 7 10409 128 2.000000000
1 196 7 10410 128 2.000000000
1 197 7 10411 128 2.000000000
1 198 7 10412 128 2.000000000
1 199 7 10413 128 2.000000000
1 200 7 10414 128 2.000000000
1 201 7 10415 128 2.000000000
1 202 7 10416 128 2.000000000
1 203 7 10417 128 2.000000000
1 204 7 10418 128 2.000000000
1 205 7 10419 128 2.000000000
1 206 7 10420 128 2.000000000
1 207 7 10421 128 2.000000000
1 208 7 10422 128 2.000000000
1 209 7 10423 128 2.000000000
1 210 7 10424 128 2.000000000
1 211 7 10425 128 2.000000000
1 212 7 10426 128 2.000000000
1 213 7 10427 128 2.000000000
1 214 7 10428 128 2.000000000
1 215 7 10429 128 2.000000000
2 0 7 10430 128 2.000000000
2 1 7 10431 128 2.000000000
2 3 7 10432 128 2.000000000
2 4 7 10433 128 2.000000000
2 5 7 10434 128 2.000000000
2 6 7 10435 128 2.000000000
2 7 7 10436 128 2.000000000
2 8 7 10437 128 2.000000000
2 9 7 10438 128 2.000000000
2 10 7 10439 128 2.000000000
2 11 7 10440 128 2.000000000
2 12 7 10441 128 2.000000000
2 13 7 10442 128 2.000000000
2 14 7 10443 128 2.000000000
2 15 7 10444 128 2.000000000
2 16 7 10445 128 2.000000000
2 17 7 10446 128 2.000000000
2 18 7 10447 128 2.000000000
2 19 7 10448 128 2.000000000
2 20 7 10449 128 2.000000000
2 21 7 10450 128 2.000000000
2 22 7 10451 128 2.000000000
2 23 7 10452 128 2.000000000
2 24 7 10453 128 2.000000000
2 25 7 10454 128 2.000000000
2 26 7 10455 128 2.000000000
2 27 7 10456 128 2.000000000
2 28 7 10457 128 2.000000000
2 29 7 10458 128 2.000000000
2 30 7 10459 128 2.000000000
2 31 7 10460 128 2.000000000
2 32 7 10461 128 2.000000000
2 33 7 10462 128 2.000000000
2 34 7 10463 128 2.000000000
2 35 7 10464 128 2.000000000
2 36 7 10465 128 2.000000000
2 37 7 10466 128 2.000000000
2 38 7 10467 128 2.000000000
2 39 7 10468 128 2.000000000
2 40 7 10469 128 2.000000000
2 41 7 10470 128 2.000000000
2 42 7 10471 128 2.000000000
2 43 7 10472 128 2.000000000
2 44 7 10473 128 2.000000000
2 45 7 10474 128 2.000000000
2 46 7 10475 128 2.000000000
2 47 7 10476 128 2.000000000
2 48 7 10477 128 2.000000000
2 49 7 10478 128 2.000000000
2 50 7 10479 128 2.000000000
2 51 7 10480 128 2.000000000
2 52 7 10481 128 2.000000000
2 53 7 10482 128 2.000000000
2 54 7 10483 128 2.000000000
2 55 7 10484 128 2.000000000
2 56 7 10485 128 2.000000000
2 57 7 10486 128 2.000000000
2 58 7 10487 128 2.000000000
2 59 7 10488 128 2.000000000
2 60 7 10489 128 2.000000000
2 61 7 10490 128 2.000000000
2 62 7 10491 128 2.000000000
2 63 7 10492 128 2.000000000
2 64 7 10493 128 2.000000000
2 65 7 10494 128 2.000000000
2 66 7 10495 128 2.000000000
2 67 7 10496 128 2.000000000
2 68 7 10497 128 2.000000000
2 69 7 10498 128 2.000000000
2 70 7 10499 128 2.000000000
2 71 7 10500 128 2.000000000
2 72 7 10501 128 2.000000000
2 73 7 10502 128 2.000000000
2 74 7 10503 128 2.000000000
2 75 7 10504 128 2.000000000
2 76 7 10505 128 2.000000000
2 77 7 10506 128 2.000000000
2 78 7 10507 128 2.000000000
2 79 7 10508 128 2.000000000
2 80 7 10509 128 2.000000000
2 81 7 10510 128 2.000000000
2 82 7 10511 128 2.000000000
2 83 7 10512 128 2.000000000
2 84 7 10513 128 2.000000000
2 85 7 10514 128 2.000000000
2 86 7 10515 128 2.000000000
2 87 7 10516 128 2.000000000
2 88 7 10517 128 2.000000000
2 89 7 10518 128 2.000000000
2 90 7 10519 128 2.000000000
2 91 7 10520 128 2.000000000
2 92 7 10521 128 2.000000000
2 93 7 10522 128 2.000000000
2 94 7 10523 128 2.000000000
2 95 7 10524 128 2.000000000
2 96 7 10525 128 2.000000000
2 97 7 10526 128 2.000000000
2 98 7 10527 128 2.000000000
2 99 7 10528 128 2.000000000
2 100 7 10529 128 2.000000000
2 101 7 10530 128 2.000000000
2 102 7 10531 128 2.000000000
2 103 7 10532 128 2.000000000
2 104 7 10533 128 2.000000000
2 105 7 10534 128 2.000000000
2 106 7 10535 128 2.000000000
2 107 7 10536 128 2.000000000
2 108 7 10537 128 2.000000000
2 109 7 10538 128 2.000000000
2 110 7 10539 128 2.000000000
2 111 7 10540 128 2.000000000
2 112 7 10541 128 2.000000000
2 113 7 10542 128 2.000000000
2 114 7 10543 128 2.000000000
2 115 7 10544 128 2.000000000
2 116 7 10545 128 2.000000000
2 117 7 10546 128 2.000000000
2 118 7 10547 128 2.000000000
2 119 7 10548 128 2.000000000
2 120 7 10549 128 2.000000000
2 121 7 10550 128 2.000000000
2 122 7 10551 128 2.000000000
2 123 7 10552 128 2.000000000
2 124 7 10553 128 2.000000000
2 125 7 10554 128 2.000000000
2 126 7 10555 128 2.000000000
2 127 7 10556 128 2.000000000
2 128 7 10557 128 2.000000000
2 129 7 10558 128 2.000000000
2 130 7 10559 128 2.000000000
2 131 7 10560 128 2.000000000
2 132 7 10561 128 2.000000000
2 133 7 10562 128 2.000000000
2 134 7 10563 128 2.000000000
2 135 7 10564 128 2.000000000
2 136 7 10565 128 2.000000000
2 137 7 10566 128 2.000000000
2 138 7 10567 128 2.000000000
2 139 7 10568 128 2.000000000
2 140 7 10569 128 2.000000000
2 141 7 10570 128 2.000000000
2 142 7 10571 128 2.000000000
2 143 7 10572 128 2.000000000
2 144 7 10573 128 2.000000000
2 145 7 10574 128 2.000000000
2 146 7 10575 128 2.000000000
2 147 7 10576 128 2.000000000
2 148 7 10577 128 2.000000000
2 149 7 10578 128 2.000000000
2 150 7 10579 128 2.000000000
2 151 7 10580 128 2.000000000
2 152 7 10581 128 2.000000000
2 153 7 10582 128 2.000000000
2 154 7 10583 128 2.000000000
2 155 7 10584 128 2.000000000
2 156 7 10585 128 2.000000000
2 157 7 10586 128 2.000000000
2 158 7 10587 128 2.000000000
2 159 7 10588 128 2.000000000
2 160 7 10589 128 2.000000000
2 161 7 10590 128 2.000000000
2 162 7 10591 128 2.000000000
2 163 7 10592 128 2.000000000
2 164 7 10593 128 2.000000000
2 165 7 10594 128 2.000000000
2 166 7 10595 128 2.000000000
2 167 7 10596 128 2.000000000
2 168 7 10597 128 2.000000000
2 169 7 10598 128 2.000000000
2 170 7 10599 128 2.000000000
2 171 7 10600 128 2.000000000
2 172 7 10601 128 2.000000000
2 173 7 10602 128 2.000000000
2 174 7 10603 128 2.000000000
2 175 7 10604 128 2.000000000
2 176 7 10605 128 2.000000000
2 177 7 10606 128 2.000000000
2 178 7 10607 128 2.000000000
2 179 7 10608 128 2.000000000
2 180 7 10609 128 2.000000000
2 181 7 10610 128 2.000000000
2 182 7 10611 128 2.000000000
2 183 7 10612 128 2.000000000
2 184 7 10613 128 2.000000000
2 185 7 10614 128 2.000000000
2 186 7 10615 128 2.000000000
2 187 7 10616 128 2.000000000
2 188 7 10617 128 2.000000000
2 189 7 10618 128 2.000000000
2 190 7 10619 128 2.000000000
2 191 7 10620 128 2.000000000
2 192 7 10621 128 2.000000000
2 193 7 10622 128 2.000000000
2 194 7 10623 128 2.000000000
2 195 7 10624 128 2.000000000
2 196 7 10625 128 2.000000000
2 197 7 10626 128 2.000000000
2 198 7 10627 128 2.000000000
2 199 7 10628 128 2.000000000
2 200 7 10629 128 2.000000000
2 201 7 10630 128 2.000000000
2 202 7 10631 128 2.000000000
2 203 7 10632 128 2.000000000
2 204 7 10633 128 2.000000000
2 205 7 10634 128 2.000000000
2 206 7 10635 128 2.000000000
2 207 7 10636 128 2.000000000
2 208 7 10637 128 2.000000000
2 209 7 10638 128 2.000000000
2 210 7 10639 128 2.000000000
2 211 7 10640 128 2.000000000
2 212 7 10641 128 2.000000000
2 213 7 10642 128 2.000000000
2 214 7 10643 128 2.000000000
2 215 7 10644 128 2.000000000
3 0 7 10645 128 2.000000000
3 1 7 10646 128 2.000000000
3 2 7 10647 128 2.000000000
3 4 7 10648 128 2.000000000
3 5 7 10649 128 2.000000000
3 6 7 10650 128 2.000000000
3 7 7 10651 128 2.000000000
3 8 7 10652 128 2.000000000
3 9 7 10653 128 2.000000000
3 10 7 10654 128 2.000000000
3 11 7 10655 128 2.000000000
3 12 7 10656 128 2.000000000
3 13 7 10657 128 2.000000000
3 14 7 10658 128 2.000000000
3 15 7 10659 128 2.000000000
3 16 7 10660 128 2.000000000
3 17 7 10661 128 2.000000000
3 18 7 10662 128 2.000000000
3 19 7 10663 128 2.000000000
3 20 7 10664 128 2.000000000
3 21 7 10665 128 2.000000000
3 22 7 10666 128 2.000000000
3 23 7 10667 128 2.000000000
3 24 7 10668 128 2.000000000
3 25 7 10669 128 2.000000000
3 26 7 10670 128 2.000000000
3 27 7 10671 128 2.000000000
3 28 7 10672 128 2.000000000
3 29 7 10673 128 2.000000000
3 30 7 10674 128 2.000000000
3 31 7 10675 128 2.000000000
3 32 7 10676 128 2.000000000
3 33 7 10677 128 2.000000000
3 34 7 10678 128 2.000000000
3 35 7 10679 128 2.000000000
3 36 7 10680 128 2.000000000
3 37 7 10681 128 2.000000000
3 38 7 10682 128 2.000000000
3 39 7 10683 128 2.000000000
3 40 7 10684 128 2.000000000
3 41 7 10685 128 2.000000000
3 42 7 10686 128 2.000000000
3 43 7 10687 128 2.000000000
3 44 7 10688 128 2.000000000
3 45 7 10689 128 2.000000000
3 46 7 10690 128 2.000000000
3 47 7 10691 128 2.000000000
3 48 7 10692 128 2.000000000
3 49 7 10693 128 2.000000000
3 50 7 10694 128 2.000000000
3 51 7 10695 128 2.000000000
3 52 7 10696 128 2.000000000
3 53 7 10697 128 2.000000000
3 54 7 10698 128 2.000000000
3 55 7 10699 128 2.000000000
3 56 7 10700 128 2.000000000
3 57 7 10701 128 2.000000000
3 58 7 10702 128 2.000000000
3 59 7 10703 128 2.000000000
3 60 7 10704 128 2.000000000
3 61 7 10705 128 2.000000000
3 62 7 10706 128 2.000000000
3 63 7 10707 128 2.000000000
3 64 7 10708 128 2.000000000
3 65 7 10709 128 2.000000000
3 66 7 10710 128 2.000000000
3 67 7 10711 128 2.000000000
3 68 7 10712 128 2.000000000
3 69 7 10713 128 2.000000000
3 70 7 10714 128 2.000000000
3 71 7 10715 128 2.000000000
3 72 7 10716 128 2.000000000
3 73 7 10717 128 2.000000000
3 74 7 10718 128 2.000000000
3 75 7 10719 128 2.000000000
3 76 7 10720 128 2.000000000
3 77 7 10721 128 2.000000000
3 78 7 10722 128 2.000000000
3 79 7 10723 128 2.000000000
3 80 7 10724 128 2.000000000
3 81 7 10725 128 2.000000000
3 82 7 10726 128 2.000000000
3 83 7 10727 128 2.000000000
3 84 7 10728 128 2.000000000
3 85 7 10729 128 2.000000000
3 86 7 10730 128 2.000000000
3 87 7 10731 128 2.000000000
3 88 7 10732 128 2.000000000
3 89 7 10733 128 2.000000000
3 90 7 10734 128 2.000000000
3 91 7 10735 128 2.000000000
3 92 7 10736 128 2.000000000
3 93 7 10737 128 2.000000000
3 94 7 10738 128 2.000000000
3 95 7 10739 128 2.000000000
3 96 7 10740 128 2.000000000
3 97 7 10741 128 2.000000000
3 98 7 10742 128 2.000000000
3 99 7 10743 128 2.000000000
3 100 7 10744 128 2.000000000
3 101 7 10745 128 2.000000000
3 102 7 10746 128 2.000000000
3 103 7 10747 128 2.000000000
3 104 7 10748 128 2.000000000
3 105 7 10749 128 2.000000000
3 106 7 10750 128 2.000000000
3 107 7 10751 128 2.000000000
3 108 7 10752 128 2.000000000
3 109 7 10753 128 2.000000000
3 110 7 10754 128 2.000000000
3 111 7 10755 128 2.000000000
3 112 7 10756 128 2.000000000
3 113 7 10757 128 2.000000000
3 114 7 10758 128 2.000000000
3 115 7 10759 128 2.000000000
3 116 7 10760 128 2.000000000
3 117 7 10761 128 2.000000000
3 118 7 10762 128 2.000000000
3 119 7 10763 128 2.000000000
3 120 7 10764 128 2.000000000
3 121 7 10765 128 2.000000000
3 122 7 10766 128 2.000000000
3 123 7 10767 128 2.000000000
3 124 7 10768 128 2.000000000
3 125 7 10769 128 2.000000000
3 126 7 10770 128 2.000000000
3 127 7 10771 128 2.000000000
3 128 7 10772 128 2.000000000
3 129 7 10773 128 2.000000000
3 130 7 10774 128 2.000000000
3 131 7 10775 128 2.000000000
3 132 7 10776 128 2.000000000
3 133 7 10777 128 2.000000000
3 134 7 10778 128 2.000000000
3 135 7 10779 128 2.000000000
3 136 7 10780 128 2.000000000
3 137 7 10781 128 2.000000000
3 138 7 10782 128 2.000000000
3 139 7 10783 128 2.000000000
3 140 7 10784 128 2.000000000
3 141 7 10785 128 2.000000000
3 142 7 10786 128 2.000000000
3 143 7 10787 128 2.000000000
3 144 7 10788 128 2.000000000
3 145 7 10789 128 2.000000000
3 146 7 10790 128 2.000000000
3 147 7 10791 128 2.000000000
3 148 7 10792 128 2.000000000
3 149 7 10793 128 2.000000000
3 150 7 10794 128 2.000000000
3 151 7 10795 128 2.000000000
3 152 7 10796 128 2.000000000
3 153 7 10797 128 2.000000000
3 154 7 10798 128 2.000000000
3 155 7 10799 128 2.000000000
3 156 7 10800 128 2.000000000
3 157 7 10801 128 2.000000000
3 158 7 10802 128 2.000000000
3 159 7 10803 128 2.000000000
3 160 7 10804 128 2.000000000
3 161 7 10805 128 2.000000000
3 162 7 10806 128 2.000000000
3 163 7 10807 128 2.000000000
3 164 7 10808 128 2.000000000
3 165 7 10809 128 2.000000000
3 166 7 10810 128 2.000000000
3 167 7 10811 128 2.000000000
3 168 7 10812 128 2.000000000
3 169 7 10813 128 2.000000000
3 170 7 10814 128 2.000000000
3 171 7 10815 128 2.000000000
3 172 7 10816 128 2.000000000
3 173 7 10817 128 2.000000000
3 174 7 10818 128 2.000000000
3 175 7 10819 128 2.000000000
3 176 7 10820 128 2.000000000
3 177 7 10821 128 2.000000000
3 178 7 10822 128 2.000000000
3 179 7 10823 128 2.000000000
3 180 7 10824 128 2.000000000
3 181 7 10825 128 2.000000000
3 182 7 10826 128 2.000000000
3 183 7 10827 128 2.000000000
3 184 7 10828 128 2.000000000
3 185 7 10829 128 2.000000000
3 186 7 10830 128 2.000000000
3 187 7 10831 128 2.000000000
3 188 7 10832 128 2.000000000
3 189 7 10833 128 2.000000000
3 190 7 10834 128 2.000000000
3 191 7 10835 128 2.000000000
3 192 7 10836 128 2.000000000
3 193 7 10837 128 2.000000000
3 194 7 10838 128 2.000000000
3 195 7 10839 128 2.000000000
3 196 7 10840 128 2.000000000
3 197 7 10841 128 2.000000000
3 198 7 10842 128 2.000000000
3 199 7 10843 128 2.000000000
3 200 7 10844 128 2.000000000
3 201 7 10845 128 2.000000000
3 202 7 10846 128 2.000000000
3 203 7 10847 128 2.000000000
3 204 7 10848 128 2.000000000
3 205 7 10849 128 2.000000000
3 206 7 10850 128 2.000000000
3 207 7 10851 128 2.000000000
3 208 7 10852 128 2.000000000
3 209 7 10853 128 2.000000000
3 210 7 10854 128 2.000000000
3 211 7 10855 128 2.000000000
3 212 7 10856 128 2.000000000
3 213 7 10857 128 2.000000000
3 214 7 10858 128 2.000000000
3 215 7 10859 128 2.000000000
4 0 7 10860 128 2.000000000
4 1 7 10861 128 2.000000000
4 2 7 10862 128 2.000000000
4 3 7 10863 128 2.000000000
4 5 7 10864 128 2.000000000
4 6 7 10865 128 2.000000000
4 7 7 10866 128 2.000000000
4 8 7 10867 128 2.000000000
4 9 7 10868 128 2.000000000
4 10 7 10869 128 2.000000000
4 11 7 10870 128 2.000000000
4 12 7 10871 128 2.000000000
4 13 7 10872 128 2.000000000
4 14 7 10873 128 2.000000000
4 15 7 10874 128 2.000000000
4 16 7 10875 128 2.000000000
4 17 7 10876 128 2.000000000
4 18 7 10877 128 2.000000000
4 19 7 10878 128 2.000000000
4 20 7 10879 128 2.000000000
4 21 7 10880 128 2.000000000
4 22 7 10881 128 2.000000000
4 23 7 10882 128 2.000000000
4 24 7 10883 128 2.000000000
4 25 7 10884 128 2.000000000
4 26 7 10885 128 2.000000000
4 27 7 10886 128 2.000000000
4 28 7 10887 128 2.000000000
4 29 7 10888 128 2.000000000
4 30 7 10889 128 2.000000000
4 31 7 10890 128 2.000000000
4 32 7 10891 128 2.000000000
4 33 7 10892 128 2.000000000
4 34 7 10893 128 2.000000000
4 35 7 10894 128 2.000000000
4 36 7 10895 128 2.000000000
4 37 7 10896 128 2.000000000
4 38 7 10897 128 2.000000000
4 39 7 10898 128 2.000000000
4 40 7 10899 128 2.000000000
4 41 7 10900 128 2.000000000
4 42 7 10901 128 2.000000000
4 43 7 10902 128 2.000000000
4 44 7 10903 128 2.000000000
4 45 7 10904 128 2.000000000
4 46 7 10905 128 2.000000000
4 47 7 10906 128 2.000000000
4 48 7 10907 128 2.000000000
4 49 7 10908 128 2.000000000
4 50 7 10909 128 2.000000000
4 51 7 10910 128 2.000000000
4 52 7 10911 128 2.000000000
4 53 7 10912 128 2.000000000
4 54 7 10913 128 2.000000000
4 55 7 10914 128 2.000000000
4 56 7 10915 128 2.000000000
4 57 7 10916 128 2.000000000
4 58 7 10917 128 2.000000000
4 59 7 10918 128 2.000000000
4 60 7 10919 128 2.000000000
4 61 7 10920 128 2.000000000
4 62 7 10921 128 2.000000000
4 63 7 10922 128 2.000000000
4 64 7 10923 128 2.000000000
4 65 7 10924 128 2.000000000
4 66 7 10925 128 2.000000000
4 67 7 10926 128 2.000000000
4 68 7 10927 128 2.000000000
4 69 7 10928 128 2.000000000
4 70 7 10929 128 2.000000000
4 71 7 10930 128 2.000000000
4 72 7 10931 128 2.000000000
4 73 7 10932 128 2.000000000
4 74 7 10933 128 2.000000000
4 75 7 10934 128 2.000000000
4 76 7 10935 128 2.000000000
4 77 7 10936 128 2.000000000
4 78 7 10937 128 2.000000000
4 79 7 10938 128 2.000000000
4 80 7 10939 128 2.000000000
4 81 7 10940 128 2.000000000
4 82 7 10941 128 2.000000000
4 83 7 10942 128 2.000000000
4 84 7 10943 128 2.000000000
4 85 7 10944 128 2.000000000
4 86 7 10945 128 2.000000000
4 87 7 10946 128 2.000000000
4 88 7 10947 128 2.000000000
4 89 7 10948 128 2.000000000
4 90 7 10949 128 2.000000000
4 91 7 10950 128 2.000000000
4 92 7 10951 128 2.000000000
4 93 7 10952 128 2.000000000
4 94 7 10953 128 2.000000000
4 95 7 10954 128 2.000000000
4 96 7 10955 128 2.000000000
4 97 7 10956 128 2.000000000
4 98 7 10957 128 2.000000000
4 99 7 10958 128 2.000000000
4 100 7 10959 128 2.000000000
4 101 7 10960 128 2.000000000
4 102 7 10961 128 2.000000000
4 103 7 10962 128 2.000000000
4 104 7 10963 128 2.000000000
4 105 7 10964 128 2.000000000
4 106 7 10965 128 2.000000000
4 107 7 10966 128 2.000000000
4 108 7 10967 128 2.000000000
4 109 7 10968 128 2.000000000
4 110 7 10969 128 2.000000000
4 111 7 10970 128 2.000000000
4 112 7 10971 128 2.000000000
4 113 7 10972 128 2.000000000
4 114 7 10973 128 2.000000000
4 115 7 10974 128 2.000000000
4 116 7 10975 128 2.000000000
4 117 7 10976 128 2.000000000
4 118 7 10977 128 2.000000000
4 119 7 10978 128 2.000000000
4 120 7 10979 128 2.000000000
4 121 7 10980 128 2.000000000
4 122 7 10981 128 2.000000000
4 123 7 10982 128 2.000000000
4 124 7 10983 128 2.000000000
4 125 7 10984 128 2.000000000
4 126 7 10985 128 2.000000000
4 127 7 10986 128 2.000000000
4 128 7 10987 128 2.000000000
4 129 7 10988 128 2.000000000
4 130 7 10989 128 2.000000000
4 131 7 10990 128 2.000000000
4 132 7 10991 128 2.000000000
4 133 7 10992 128 2.000000000
4 134 7 10993 128 2.000000000
4 135 7 10994 128 2.000000000
4 136 7 10995 128 2.000000000
4 137 7 10996 128 2.000000000
4 138 7 10997 128 2.000000000
4 139 7 10998 128 2.000000000
4 140 7 10999 128 2.000000000
4 141 7 11000 128 2.000000000
4 142 7 11001 128 2.000000000
4 143 7 11002 128 2.000000000
4 144 7 11003 128 2.000000000
4 145 7 11004 128 2.000000000
4 146 7 11005 128 2.000000000
4 147 7 11006 128 2.000000000
4 148 7 11007 128 2.000000000
4 149 7 11008 128 2.000000000
4 150 7 11009 128 2.000000000
4 151 7 11010 128 2.000000000
4 152 7 11011 128 2.000000000
4 153 7 11012 128 2.000000000
4 154 7 11013 128 2.000000000
4 155 7 11014 128 2.000000000
4 156 7 11015 128 2.000000000
4 157 7 11016 128 2.000000000
4 158 7 11017 128 2.000000000
4 159 7 11018 128 2.000000000
4 160 7 11019 128 2.000000000
4 161 7 11020 128 2.000000000
4 162 7 11021 128 2.000000000
4 163 7 11022 128 2.000000000
4 164 7 11023 128 2.000000000
4 165 7 11024 128 2.000000000
4 166 7 11025 128 2.000000000
4 167 7 11026 128 2.000000000
4 168 7 11027 128 2.000000000
4 169 7 11028 128 2.000000000
4 170 7 11029 128 2.000000000
4 171 7 11030 128 2.000000000
4 172 7 11031 128 2.000000000
4 173 7 11032 128 2.000000000
4 174 7 11033 128 2.000000000
4 175 7 11034 128 2.000000000
4 176 7 11035 128 2.000000000
4 177 7 11036 128 2.000000000
4 178 7 11037 128 2.000000000
4 179 7 11038 128 2.000000000
4 180 7 11039 128 2.000000000
4 181 7 11040 128 2.000000000
4 182 7 11041 128 2.000000000
4 183 7 11042 128 2.000000000
4 184 7 11043 128 2.000000000
4 185 7 11044 128 2.000000000
4 186 7 11045 128 2.000000000
4 187 7 11046 128 2.000000000
4 188 7 11047 128 2.000000000
4 189 7 11048 128 2.000000000
4 190 7 11049 128 2.000000000
4 191 7 11050 128 2.000000000
4 192 7 11051 128 2.000000000
4 193 7 11052 128 2.000000000
4 194 7 11053 128 2.000000000
4 195 7 11054 128 2.000000000
4 196 7 11055 128 2.000000000
4 197 7 11056 128 2.000000000
4 198 7 11057 128 2.000000000
4 199 7 11058 128 2.000000000
4 200 7 11059 128 2.000000000
4 201 7 11060 128 2.000000000
4 202 7 11061 128 2.000000000
4 203 7 11062 128 2.000000000
4 204 7 11063 128 2.000000000
4 205 7 11064 128 2.000000000
4 206 7 11065 128 2.000000000
4 207 7 11066 128 2.000000000
4 208 7 11067 128 2.000000000
4 209 7 11068 128 2.000000000
4 210 7 11069 128 2.000000000
4 211 7 11070 128 2.000000000
4 212 7 11071 128 2.000000000
4 213 7 11072 128 2.000000000
4 214 7 11073 128 2.000000000
4 215 7 11074 128 2.000000000
5 0 7 11075 128 2.000000000
5 1 7 11076 128 2.000000000
5 2 7 11077 128 2.000000000
5 3 7 11078 128 2.000000000
5 4 7 11079 128 2.000000000
5 6 7 11080 128 2.000000000
5 7 7 11081 128 2.000000000
5 8 7 11082 128 2.000000000
5 9 7 11083 128 2.000000000
5 10 7 11084 128 2.000000000
5 11 7 11085 128 2.000000000
5 12 7 11086 128 2.000000000
5 13 7 11087 128 2.000000000
5 14 7 11088 128 2.000000000
5 15 7 11089 128 2.000000000
5 16 7 11090 128 2.000000000
5 17 7 11091 128 2.000000000
5 18 7 11092 128 2.000000000
5 19 7 11093 128 2.000000000
5 20 7 11094 128 2.000000000
5 21 7 11095 128 2.000000000
5 22 7 11096 128 2.000000000
5 23 7 11097 128 2.000000000
5 24 7 11098 128 2.000000000
5 25 7 11099 128 2.000000000
5 26 7 11100 128 2.000000000
5 27 7 11101 128 2.000000000
5 28 7 11102 128 2.000000000
5 29 7 11103 128 2.000000000
5 30 7 11104 128 2.000000000
5 31 7 11105 128 2.000000000
5 32 7 11106 128 2.000000000
5 33 7 11107 128 2.000000000
5 34 7 11108 128 2.000000000
5 35 7 11109 128 2.000000000
5 36 7 11110 128 2.000000000
5 37 7 11111 128 2.000000000
5 38 7 11112 128 2.000000000
5 39 7 11113 128 2.000000000
5 40 7 11114 128 2.000000000
5 41 7 11115 128 2.000000000
5 42 7 11116 128 2.000000000
5 43 7 11117 128 2.000000000
5 44 7 11118 128 2.000000000
5 45 7 11119 128 2.000000000
5 46 7 11120 128 2.000000000
5 47 7 11121 128 2.000000000
5 48 7 11122 128 2.000000000
5 49 7 11123 128 2.000000000
5 50 7 11124 128 2.000000000
5 51 7 11125 128 2.000000000
5 52 7 11126 128 2.000000000
5 53 7 11127 128 2.000000000
5 54 7 11128 128 2.000000000
5 55 7 11129 128 2.000000000
5 56 7 11130 128 2.000000000
5 57 7 11131 128 2.000000000
5 58 7 11132 128 2.000000000
5 59 7 11133 128 2.000000000
5 60 7 11134 128 2.000000000
5 61 7 11135 128 2.000000000
5 62 7 11136 128 2.000000000
5 63 7 11137 128 2.000000000
5 64 7 11138 128 2.000000000
5 65 7 11139 128 2.000000000
5 66 7 11140 128 2.000000000
5 67 7 11141 128 2.000000000
5 68 7 11142 128 2.000000000
5 69 7 11143 128 2.000000000
5 70 7 11144 128 2.000000000
5 71 7 11145 128 2.000000000
5 72 7 11146 128 2.000000000
5 73 7 11147 128 2.000000000
5 74 7 11148 128 2.000000000
5 75 7 11149 128 2.000000000
5 76 7 11150 128 2.000000000
5 77 7 11151 128 2.000000000
5 78 7 11152 128 2.000000000
5 79 7 11153 128 2.000000000
5 80 7 11154 128 2.000000000
5 81 7 11155 128 2.000000000
5 82 7 11156 128 2.000000000
5 83 7 11157 128 2.000000000
5 84 7 11158 128 2.000000000
5 85 7 11159 128 2.000000000
5 86 7 11160 128 2.000000000
5 87 7 11161 128 2.000000000
5 88 7 11162 128 2.000000000
5 89 7 11163 128 2.000000000
5 90 7 11164 128 2.000000000
5 91 7 11165 128 2.000000000
5 92 7 11166 128 2.000000000
5 93 7 11167 128 2.000000000
5 94 7 11168 128 2.000000000
5 95 7 11169 128 2.000000000
5 96 7 11170 128 2.000000000
5 97 7 11171 128 2.000000000
5 98 7 11172 128 2.000000000
5 99 7 11173 128 2.000000000
5 100 7 11174 128 2.000000000
5 101 7 11175 128 2.000000000
5 102 7 11176 128 2.000000000
5 103 7 11177 128 2.000000000
5 104 7 11178 128 2.000000000
5 105 7 11179 128 2.000000000
5 106 7 11180 128 2.000000000
5 107 7 11181 128 2.000000000
5 108 7 11182 128 2.000000000
5 109 7 11183 128 2.000000000
5 110 7 11184 128 2.000000000
5 111 7 11185 128 2.000000000
5 112 7 11186 128 2.000000000
5 113 7 11187 128 2.000000000
5 114 7 11188 128 2.000000000
5 115 7 11189 128 2.000000000
5 116 7 11190 128 2.000000000
5 117 7 11191 128 2.000000000
5 118 7 11192 128 2.000000000
5 119 7 11193 128 2.000000000
5 120 7 11194 128 2.000000000
5 121 7 11195 128 2.000000000
5 122 7 11196 128 2.000000000
5 123 7 11197 128 2.000000000
5 124 7 11198 128 2.000000000
5 125 7 11199 128 2.000000000
5 126 7 11200 128 2.000000000
5 127 7 11201 128 2.000000000
5 128 7 11202 128 2.000000000
5 129 7 11203 128 2.000000000
5 130 7 11204 128 2.000000000
5 131 7 11205 128 2.000000000
5 132 7 11206 128 2.000000000
5 133 7 11207 128 2.000000000
5 134 7 11208 128 2.000000000
5 135 7 11209 128 2.000000000
5 136 7 11210 128 2.000000000
5 137 7 11211 128 2.000000000
5 138 7 11212 128 2.000000000
5 139 7 11213 128 2.000000000
5 140 7 11214 128 2.000000000
5 141 7 11215 128 2.000000000
5 142 7 11216 128 2.000000000
5 143 7 11217 128 2.000000000
5 144 7 11218 128 2.000000000
5 145 7 11219 128 2.000000000
5 146 7 11220 128 2.000000000
5 147 7 11221 128 2.000000000
5 148 7 11222 128 2.000000000
5 149 7 11223 128 2.000000000
5 150 7 11224 128 2.000000000
5 151 7 11225 128 2.000000000
5 152 7 11226 128 2.000000000
5 153 7 11227 128 2.000000000
5 154 7 11228 128 2.000000000
5 155 7 11229 128 2.000000000
5 156 7 11230 128 2.000000000
5 157 7 11231 128 2.000000000
5 158 7 11232 128 2.000000000
5 159 7 11233 128 2.000000000
5 160 7 11234 128 2.000000000
5 161 7 11235 128 2.000000000
5 162 7 11236 128 2.000000000
5 163 7 11237 128 2.000000000
5 164 7 11238 128 2.000000000
5 165 7 11239 128 2.000000000
5 166 7 11240 128 2.000000000
5 167 7 11241 128 2.000000000
5 168 7 11242 128 2.000000000
5 169 7 11243 128 2.000000000
5 170 7 11244 128 2.000000000
5 171 7 11245 128 2.000000000
5 172 7 11246 128 2.000000000
5 173 7 11247 128 2.000000000
5 174 7 11248 128 2.000000000
5 175 7 11249 128 2.000000000
5 176 7 11250 128 2.000000000
5 177 7 11251 128 2.000000000
5 178 7 11252 128 2.000000000
5 179 7 11253 128 2.000000000
5 180 7 11254 128 2.000000000
5 181 7 11255 128 2.000000000
5 182 7 11256 128 2.000000000
5 183 7 11257 128 2.000000000
5 184 7 11258 128 2.000000000
5 185 7 11259 128 2.000000000
5 186 7 11260 128 2.000000000
5 187 7 11261 128 2.000000000
5 188 7 11262 128 2.000000000
5 189 7 11263 128 2.000000000
5 190 7 11264 128 2.000000000
5 191 7 11265 128 2.000000000
5 192 7 11266 128 2.000000000
5 193 7 11267 128 2.000000000
5 194 7 11268 128 2.000000000
5 195 7 11269 128 2.000000000
5 196 7 11270 128 2.000000000
5 197 7 11271 128 2.000000000
5 198 7 11272 128 2.000000000
5 199 7 11273 128 2.000000000
5 200 7 11274 128 2.000000000
5 201 7 11275 128 2.000000000
5 202 7 11276 128 2.000000000
5 203 7 11277 128 2.000000000
5 204 7 11278 128 2.000000000
5 205 7 11279 128 2.000000000
5 206 7 11280 128 2.000000000
5 207 7 11281 128 2.000000000
5 208 7 11282 128 2.000000000
5 209 7 11283 128 2.000000000
5 210 7 11284 128 2.000000000
5 211 7 11285 128 2.000000000
5 212 7 11286 128 2.000000000
5 213 7 11287 128 2.000000000
5 214 7 11288 128 2.000000000
5 215 7 11289 128 2.000000000
