1290
0 1 7 10000 16 2.000000000
0 2 7 10001 16 2.000000000
0 3 7 10002 16 2.000000000
0 4 7 10003 16 2.000000000
0 5 7 10004 16 2.000000000
0 6 7 10005 16 2.000000000
0 7 7 10006 16 2.000000000
0 8 7 10007 16 2.000000000
0 9 7 10008 16 2.000000000
0 10 7 10009 16 2.000000000
0 11 7 10010 16 2.000000000
0 12 7 10011 16 2.000000000
0 13 7 10012 16 2.000000000
0 14 7 10013 16 2.000000000
0 15 7 10014 16 2.000000000
0 16 7 10015 16 2.000000000
0 17 7 10016 16 2.000000000
0 18 7 10017 16 2.000000000
0 19 7 10018 16 2.000000000
0 20 7 10019 16 2.000000000
0 21 7 10020 16 2.000000000
0 22 7 10021 16 2.000000000
0 23 7 10022 16 2.000000000
0 24 7 10023 16 2.000000000
0 25 7 10024 16 2.000000000
0 26 7 10025 16 2.000000000
0 27 7 10026 16 2.000000000
0 28 7 10027 16 2.000000000
0 29 7 10028 16 2.000000000
0 30 7 10029 16 2.000000000
0 31 7 10030 16 2.000000000
0 32 7 10031 16 2.000000000
0 33 7 10032 16 2.000000000
0 34 7 10033 16 2.000000000
0 35 7 10034 16 2.000000000
0 36 7 10035 16 2.000000000
0 37 7 10036 16 2.000000000
0 38 7 10037 16 2.000000000
0 39 7 10038 16 2.000000000
0 40 7 10039 16 2.000000000
0 41 7 10040 16 2.000000000
0 42 7 10041 16 2.000000000
0 43 7 10042 16 2.000000000
0 44 7 10043 16 2.000000000
0 45 7 10044 16 2.000000000
0 46 7 10045 16 2.000000000
0 47 7 10046 16 2.000000000
0 48 7 10047 16 2.000000000
0 49 7 10048 16 2.000000000
0 50 7 10049 16 2.000000000
0 51 7 10050 16 2.000000000
0 52 7 10051 16 2.000000000
0 53 7 10052 16 2.000000000
0 54 7 10053 16 2.000000000
0 55 7 10054 16 2.000000000
0 56 7 10055 16 2.000000000
0 57 7 10056 16 2.000000000
0 58 7 10057 16 2.000000000
0 59 7 10058 16 2.000000000
0 60 7 10059 16 2.000000000
0 61 7 10060 16 2.000000000
0 62 7 10061 16 2.000000000
0 63 7 10062 16 2.000000000
0 64 7 10063 16 2.000000000
0 65 7 10064 16 2.000000000
0 66 7 10065 16 2.000000000
0 67 7 10066 16 2.000000000
0 68 7 10067 16 2.000000000
0 69 7 10068 16 2.000000000
0 70 7 10069 16 2.000000000
0 71 7 10070 16 2.000000000
0 72 7 10071 16 2.000000000
0 73 7 10072 16 2.000000000
0 74 7 10073 16 2.000000000
0 75 7 10074 16 2.000000000
0 76 7 10075 16 2.000000000
0 77 7 10076 16 2.000000000
0 78 7 10077 16 2.000000000
0 79 7 10078 16 2.000000000
0 80 7 10079 16 2.000000000
0 81 7 10080 16 2.000000000
0 82 7 10081 16 2.000000000
0 83 7 10082 16 2.000000000
0 84 7 10083 16 2.000000000
0 85 7 10084 16 2.000000000
0 86 7 10085 16 2.000000000
0 87 7 10086 16 2.000000000
0 88 7 10087 16 2.000000000
0 89 7 10088 16 2.000000000
0 90 7 10089 16 2.000000000
0 91 7 10090 16 2.000000000
0 92 7 10091 16 2.000000000
0 93 7 10092 16 2.000000000
0 94 7 10093 16 2.000000000
0 95 7 10094 16 2.000000000
0 96 7 10095 16 2.000000000
0 97 7 10096 16 2.000000000
0 98 7 10097 16 2.000000000
0 99 7 10098 16 2.000000000
0 100 7 10099 16 2.000000000
0 101 7 10100 16 2.000000000
0 102 7 10101 16 2.000000000
0 103 7 10102 16 2.000000000
0 104 7 10103 16 2.000000000
0 105 7 10104 16 2.000000000
0 106 7 10105 16 2.000000000
0 107 7 10106 16 2.000000000
0 108 7 10107 16 2.000000000
0 109 7 10108 16 2.000000000
0 110 7 10109 16 2.000000000
0 111 7 10110 16 2.000000000
0 112 7 10111 16 2.000000000
0 113 7 10112 16 2.000000000
0 114 7 10113 16 2.000000000
0 115 7 10114 16 2.000000000
0 116 7 10115 16 2.000000000
0 117 7 10116 16 2.000000000
0 118 7 10117 16 2.000000000
0 119 7 10118 16 2.000000000
0 120 7 10119 16 2.000000000
0 121 7 10120 16 2.000000000
0 122 7 10121 16 2.000000000
0 123 7 10122 16 2.000000000
0 124 7 10123 16 2.000000000
0 125 7 10124 16 2.000000000
0 126 7 10125 16 2.000000000
0 127 7 10126 16 2.000000000
0 128 7 10127 16 2.000000000
0 129 7 10128 16 2.000000000
0 130 7 10129 16 2.000000000
0 131 7 10130 16 2.000000000
0 132 7 10131 16 2.000000000
0 133 7 10132 16 2.000000000
0 134 7 10133 16 2.000000000
0 135 7 10134 16 2.000000000
0 136 7 10135 16 2.000000000
0 137 7 10136 16 2.000000000
0 138 7 10137 16 2.000000000
0 139 7 10138 16 2.000000000
0 140 7 10139 16 2.000000000
0 141 7 10140 16 2.000000000
0 142 7 10141 16 2.000000000
0 143 7 10142 16 2.000000000
0 144 7 10143 16 2.000000000
0 145 7 10144 16 2.000000000
0 146 7 10145 16 2.000000000
0 147 7 10146 16 2.000000000
0 148 7 10147 16 2.000000000
0 149 7 10148 16 2.000000000
0 150 7 10149 16 2.000000000
0 151 7 10150 16 2.000000000
0 152 7 10151 16 2.000000000
0 153 7 10152 16 2.000000000
0 154 7 10153 16 2.000000000
0 155 7 10154 16 2.000000000
0 156 7 10155 16 2.000000000
0 157 7 10156 16 2.000000000
0 158 7 10157 16 2.000000000
0 159 7 10158 16 2.000000000
0 160 7 10159 16 2.000000000
0 161 7 10160 16 2.000000000
0 162 7 10161 16 2.000000000
0 163 7 10162 16 2.000000000
0 164 7 10163 16 2.000000000
0 165 7 10164 16 2.000000000
0 166 7 10165 16 2.000000000
0 167 7 10166 16 2.000000000
0 168 7 10167 16 2.000000000
0 169 7 10168 16 2.000000000
0 170 7 10169 16 2.000000000
0 171 7 10170 16 2.000000000
0 172 7 10171 16 2.000000000
0 173 7 10172 16 2.000000000
0 174 7 10173 16 2.000000000
0 175 7 10174 16 2.000000000
0 176 7 10175 16 2.000000000
0 177 7 10176 16 2.000000000
0 178 7 10177 16 2.000000000
0 179 7 10178 16 2.000000000
0 180 7 10179 16 2.000000000
0 181 7 10180 16 2.000000000
0 182 7 10181 16 2.000000000
0 183 7 10182 16 2.000000000
0 184 7 10183 16 2.000000000
0 185 7 10184 16 2.000000000
0 186 7 10185 16 2.000000000
0 187 7 10186 16 2.000000000
0 188 7 10187 16 2.000000000
0 189 7 10188 16 2.000000000
0 190 7 10189 16 2.000000000
0 191 7 10190 16 2.000000000
0 192 7 10191 16 2.000000000
0 193 7 10192 16 2.000000000
0 194 7 10193 16 2.000000000
0 195 7 10194 16 2.000000000
0 196 7 10195 16 2.000000000
0 197 7 10196 16 2.000000000
0 198 7 10197 16 2.000000000
0 199 7 10198 16 2.000000000
0 200 7 10199 16 2.000000000
0 201 7 10200 16 2.000000000
0 202 7 10201 16 2.000000000
0 203 7 10202 16 2.000000000
0 204 7 10203 16 2.000000000
0 205 7 10204 16 2.000000000
0 206 7 10205 16 2.000000000
0 207 7 10206 16 2.000000000
0 208 7 10207 16 2.000000000
0 209 7 10208 16 2.000000000
0 210 7 10209 16 2.000000000
0 211 7 10210 16 2.000000000
0 212 7 10211 16 2.000000000
0 213 7 10212 16 2.000000000
0 214 7 10213 16 2.000000000
0 215 7 10214 16 2.000000000
1 0 7 10215 16 2.000000000
1 2 7 10216 16 2.000000000
1 3 7 10217 16 2.000000000
1 4 7 10218 16 2.000000000
1 5 7 10219 16 2.000000000
1 6 7 10220 16 2.000000000
1 7 7 10221 16 2.000000000
1 8 7 10222 16 2.000000000
1 9 7 10223 16 2.000000000
1 10 7 10224 16 2.000000000
1 11 7 10225 16 2.000000000
1 12 7 10226 16 2.000000000
1 13 7 10227 16 2.000000000
1 14 7 10228 16 2.000000000
1 15 7 10229 16 2.000000000
1 16 7 10230 16 2.000000000
1 17 7 10231 16 2.000000000
1 18 7 10232 16 2.000000000
1 19 7 10233 16 2.000000000
1 20 7 10234 16 2.000000000
1 21 7 10235 16 2.000000000
1 22 7 10236 16 2.000000000
1 23 7 10237 16 2.000000000
1 24 7 10238 16 2.000000000
1 25 7 10239 16 2.000000000
1 26 7 10240 16 2.000000000
1 27 7 10241 16 2.000000000
1 28 7 10242 16 2.000000000
1 29 7 10243 16 2.000000000
1 30 7 10244 16 2.000000000
1 31 7 10245 16 2.000000000
1 32 7 10246 16 2.000000000
1 33 7 10247 16 2.000000000
1 34 7 10248 16 2.000000000
1 35 7 10249 16 2.000000000
1 36 7 10250 16 2.000000000
1 37 7 10251 16 2.000000000
1 38 7 10252 16 2.000000000
1 39 7 10253 16 2.000000000
1 40 7 10254 16 2.000000000
1 41 7 10255 16 2.000000000
1 42 7 10256 16 2.000000000
1 43 7 10257 16 2.000000000
1 44 7 10258 16 2.000000000
1 45 7 10259 16 2.000000000
1 46 7 10260 16 2.000000000
1 47 7 10261 16 2.000000000
1 48 7 10262 16 2.000000000
1 49 7 10263 16 2.000000000
1 50 7 10264 16 2.000000000
1 51 7 10265 16 2.000000000
1 52 7 10266 16 2.000000000
1 53 7 10267 16 2.000000000
1 54 7 10268 16 2.000000000
1 55 7 10269 16 2.000000000
1 56 7 10270 16 2.000000000
1 57 7 10271 16 2.000000000
1 58 7 10272 16 2.000000000
1 59 7 10273 16 2.000000000
1 60 7 10274 16 2.000000000
1 61 7 10275 16 2.000000000
1 62 7 10276 16 2.000000000
1 63 7 10277 16 2.000000000
1 64 7 10278 16 2.000000000
1 65 7 10279 16 2.000000000
1 66 7 10280 16 2.000000000
1 67 7 10281 16 2.000000000
1 68 7 10282 16 2.000000000
1 69 7 10283 16 2.000000000
1 70 7 10284 16 2.000000000
1 71 7 10285 16 2.000000000
1 72 7 10286 16 2.000000000
1 73 7 10287 16 2.000000000
1 74 7 10288 16 2.000000000
1 75 7 10289 16 2.000000000
1 76 7 10290 16 2.000000000
1 77 7 10291 16 2.000000000
1 78 7 10292 16 2.000000000
1 79 7 10293 16 2.000000000
1 80 7 10294 16 2.000000000
1 81 7 10295 16 2.000000000
1 82 7 10296 16 2.000000000
1 83 7 10297 16 2.000000000
1 84 7 10298 16 2.000000000
1 85 7 10299 16 2.000000000
1 86 7 10300 16 2.000000000
1 87 7 10301 16 2.000000000
1 88 7 10302 16 2.000000000
1 89 7 10303 16 2.000000000
1 90 7 10304 16 2.000000000
1 91 7 10305 16 2.000000000
1 92 7 10306 16 2.000000000
1 93 7 10307 16 2.000000000
1 94 7 10308 16 2.000000000
1 95 7 10309 16 2.000000000
1 96 7 10310 16 2.000000000
1 97 7 10311 16 2.000000000
1 98 7 10312 16 2.000000000
1 99 7 10313 16 2.000000000
1 100 7 10314 16 2.000000000
1 101 7 10315 16 2.000000000
1 102 7 10316 16 2.000000000
1 103 7 10317 16 2.000000000
1 104 7 10318 16 2.000000000
1 105 7 10319 16 2.000000000
1 106 7 10320 16 2.000000000
1 107 7 10321 16 2.000000000
1 108 7 10322 16 2.000000000
1 109 7 10323 16 2.000000000
1 110 7 10324 16 2.000000000
1 111 7 10325 16 2.000000000
1 112 7 10326 16 2.000000000
1 113 7 10327 16 2.000000000
1 114 7 10328 16 2.000000000
1 115 7 10329 16 2.000000000
1 116 7 10330 16 2.000000000
1 117 7 10331 16 2.000000000
1 118 7 10332 16 2.000000000
1 119 7 10333 16 2.000000000
1 120 7 10334 16 2.000000000
1 121 7 10335 16 2.000000000
1 122 7 10336 16 2.000000000
1 123 7 10337 16 2.000000000
1 124 7 10338 16 2.000000000
1 125 7 10339 16 2.000000000
1 126 7 10340 16 2.000000000
1 127 7 10341 16 2.000000000
1 128 7 10342 16 2.000000000
1 129 7 10343 16 2.000000000
1 130 7 10344 16 2.000000000
1 131 7 10345 16 2.000000000
1 132 7 10346 16 2.000000000
1 133 7 10347 16 2.000000000
1 134 7 10348 16 2.000000000
1 135 7 10349 16 2.000000000
1 136 7 10350 16 2.000000000
1 137 7 10351 16 2.000000000
1 138 7 10352 16 2.000000000
1 139 7 10353 16 2.000000000
1 140 7 10354 16 2.000000000
1 141 7 10355 16 2.000000000
1 142 7 10356 16 2.000000000
1 143 7 10357 16 2.000000000
1 144 7 10358 16 2.000000000
1 145 7 10359 16 2.000000000
1 146 7 10360 16 2.000000000
1 147 7 10361 16 2.000000000
1 148 7 10362 16 2.000000000
1 149 7 10363 16 2.000000000
1 150 7 10364 16 2.000000000
1 151 7 10365 16 2.000000000
1 152 7 10366 16 2.000000000
1 153 7 10367 16 2.000000000
1 154 7 10368 16 2.000000000
1 155 7 10369 16 2.000000000
1 156 7 10370 16 2.000000000
1 157 7 10371 16 2.000000000
1 158 7 10372 16 2.000000000
1 159 7 10373 16 2.000000000
1 160 7 10374 16 2.000000000
1 161 7 10375 16 2.000000000
1 162 7 10376 16 2.000000000
1 163 7 10377 16 2.000000000
1 164 7 10378 16 2.000000000
1 165 7 10379 16 2.000000000
1 166 7 10380 16 2.000000000
1 167 7 10381 16 2.000000000
1 168 7 10382 16 2.000000000
1 169 7 10383 16 2.000000000
1 170 7 10384 16 2.000000000
1 171 7 10385 16 2.000000000
1 172 7 10386 16 2.000000000
1 173 7 10387 16 2.000000000
1 174 7 10388 16 2.000000000
1 175 7 10389 16 2.000000000
1 176 7 10390 16 2.000000000
1 177 7 10391 16 2.000000000
1 178 7 10392 16 2.000000000
1 179 7 10393 16 2.000000000
1 180 7 10394 16 2.000000000
1 181 7 10395 16 2.000000000
1 182 7 10396 16 2.000000000
1 183 7 10397 16 2.000000000
1 184 7 10398 16 2.000000000
1 185 7 10399 16 2.000000000
1 186 7 10400 16 2.000000000
1 187 7 10401 16 2.000000000
1 188 7 10402 16 2.000000000
1 189 7 10403 16 2.000000000
1 190 7 10404 16 2.000000000
1 191 7 10405 16 2.000000000
1 192 7 10406 16 2.000000000
1 193 7 10407 16 2.000000000
1 194 7 10408 16 2.000000000
1 195 7 10409 16 2.000000000
1 196 7 10410 16 2.000000000
1 197 7 10411 16 2.000000000
1 198 7 10412 16 2.000000000
1 199 7 10413 16 2.000000000
1 200 7 10414 16 2.000000000
1 201 7 10415 16 2.000000000
1 202 7 10416 16 2.000000000
1 203 7 10417 16 2.000000000
1 204 7 10418 16 2.000000000
1 205 7 10419 16 2.000000000
1 206 7 10420 16 2.000000000
1 207 7 10421 16 2.000000000
1 208 7 10422 16 2.000000000
1 209 7 10423 16 2.000000000
1 210 7 10424 16 2.000000000
1 211 7 10425 16 2.000000000
1 212 7 10426 16 2.000000000
1 213 7 10427 16 2.000000000
1 214 7 10428 16 2.000000000
1 215 7 10429 16 2.000000000
2 0 7 10430 16 2.000000000
2 1 7 10431 16 2.000000000
2 3 7 10432 16 2.000000000
2 4 7 10433 16 2.000000000
2 5 7 10434 16 2.000000000
2 6 7 10435 16 2.000000000
2 7 7 10436 16 2.000000000
2 8 7 10437 16 2.000000000
2 9 7 10438 16 2.000000000
2 10 7 10439 16 2.000000000
2 11 7 10440 16 2.000000000
2 12 7 10441 16 2.000000000
2 13 7 10442 16 2.000000000
2 14 7 10443 16 2.000000000
2 15 7 10444 16 2.000000000
2 16 7 10445 16 2.000000000
2 17 7 10446 16 2.000000000
2 18 7 10447 16 2.000000000
2 19 7 10448 16 2.000000000
2 20 7 10449 16 2.000000000
2 21 7 10450 16 2.000000000
2 22 7 10451 16 2.000000000
2 23 7 10452 16 2.000000000
2 24 7 10453 16 2.000000000
2 25 7 10454 16 2.000000000
2 26 7 10455 16 2.000000000
2 27 7 10456 16 2.000000000
2 28 7 10457 16 2.000000000
2 29 7 10458 16 2.000000000
2 30 7 10459 16 2.000000000
2 31 7 10460 16 2.000000000
2 32 7 10461 16 2.000000000
2 33 7 10462 16 2.000000000
2 34 7 10463 16 2.000000000
2 35 7 10464 16 2.000000000
2 36 7 10465 16 2.000000000
2 37 7 10466 16 2.000000000
2 38 7 10467 16 2.000000000
2 39 7 10468 16 2.000000000
2 40 7 10469 16 2.000000000
2 41 7 10470 16 2.000000000
2 42 7 10471 16 2.000000000
2 43 7 10472 16 2.000000000
2 44 7 10473 16 2.000000000
2 45 7 10474 16 2.000000000
2 46 7 10475 16 2.000000000
2 47 7 10476 16 2.000000000
2 48 7 10477 16 2.000000000
2 49 7 10478 16 2.000000000
2 50 7 10479 16 2.000000000
2 51 7 10480 16 2.000000000
2 52 7 10481 16 2.000000000
2 53 7 10482 16 2.000000000
2 54 7 10483 16 2.000000000
2 55 7 10484 16 2.000000000
2 56 7 10485 16 2.000000000
2 57 7 10486 16 2.000000000
2 58 7 10487 16 2.000000000
2 59 7 10488 16 2.000000000
2 60 7 10489 16 2.000000000
2 61 7 10490 16 2.000000000
2 62 7 10491 16 2.000000000
2 63 7 10492 16 2.000000000
2 64 7 10493 16 2.000000000
2 65 7 10494 16 2.000000000
2 66 7 10495 16 2.000000000
2 67 7 10496 16 2.000000000
2 68 7 10497 16 2.000000000
2 69 7 10498 16 2.000000000
2 70 7 10499 16 2.000000000
2 71 7 10500 16 2.000000000
2 72 7 10501 16 2.000000000
2 73 7 10502 16 2.000000000
2 74 7 10503 16 2.000000000
2 75 7 10504 16 2.000000000
2 76 7 10505 16 2.000000000
2 77 7 10506 16 2.000000000
2 78 7 10507 16 2.000000000
2 79 7 10508 16 2.000000000
2 80 7 10509 16 2.000000000
2 81 7 10510 16 2.000000000
2 82 7 10511 16 2.000000000
2 83 7 10512 16 2.000000000
2 84 7 10513 16 2.000000000
2 85 7 10514 16 2.000000000
2 86 7 10515 16 2.000000000
2 87 7 10516 16 2.000000000
2 88 7 10517 16 2.000000000
2 89 7 10518 16 2.000000000
2 90 7 10519 16 2.000000000
2 91 7 10520 16 2.000000000
2 92 7 10521 16 2.000000000
2 93 7 10522 16 2.000000000
2 94 7 10523 16 2.000000000
2 95 7 10524 16 2.000000000
2 96 7 10525 16 2.000000000
2 97 7 10526 16 2.000000000
2 98 7 10527 16 2.000000000
2 99 7 10528 16 2.000000000
2 100 7 10529 16 2.000000000
2 101 7 10530 16 2.000000000
2 102 7 10531 16 2.000000000
2 103 7 10532 16 2.000000000
2 104 7 10533 16 2.000000000
2 105 7 10534 16 2.000000000
2 106 7 10535 16 2.000000000
2 107 7 10536 16 2.000000000
2 108 7 10537 16 2.000000000
2 109 7 10538 16 2.000000000
2 110 7 10539 16 2.000000000
2 111 7 10540 16 2.000000000
2 112 7 10541 16 2.000000000
2 113 7 10542 16 2.000000000
2 114 7 10543 16 2.000000000
2 115 7 10544 16 2.000000000
2 116 7 10545 16 2.000000000
2 117 7 10546 16 2.000000000
2 118 7 10547 16 2.000000000
2 119 7 10548 16 2.000000000
2 120 7 10549 16 2.000000000
2 121 7 10550 16 2.000000000
2 122 7 10551 16 2.000000000
2 123 7 10552 16 2.000000000
2 124 7 10553 16 2.000000000
2 125 7 10554 16 2.000000000
2 126 7 10555 16 2.000000000
2 127 7 10556 16 2.000000000
2 128 7 10557 16 2.000000000
2 129 7 10558 16 2.000000000
2 130 7 10559 16 2.000000000
2 131 7 10560 16 2.000000000
2 132 7 10561 16 2.000000000
2 133 7 10562 16 2.000000000
2 134 7 10563 16 2.000000000
2 135 7 10564 16 2.000000000
2 136 7 10565 16 2.000000000
2 137 7 10566 16 2.000000000
2 138 7 10567 16 2.000000000
2 139 7 10568 16 2.000000000
2 140 7 10569 16 2.000000000
2 141 7 10570 16 2.000000000
2 142 7 10571 16 2.000000000
2 143 7 10572 16 2.000000000
2 144 7 10573 16 2.000000000
2 145 7 10574 16 2.000000000
2 146 7 10575 16 2.000000000
2 147 7 10576 16 2.000000000
2 148 7 10577 16 2.000000000
2 149 7 10578 16 2.000000000
2 150 7 10579 16 2.000000000
2 151 7 10580 16 2.000000000
2 152 7 10581 16 2.000000000
2 153 7 10582 16 2.000000000
2 154 7 10583 16 2.000000000
2 155 7 10584 16 2.000000000
2 156 7 10585 16 2.000000000
2 157 7 10586 16 2.000000000
2 158 7 10587 16 2.000000000
2 159 7 10588 16 2.000000000
2 160 7 10589 16 2.000000000
2 161 7 10590 16 2.000000000
2 162 7 10591 16 2.000000000
2 163 7 10592 16 2.000000000
2 164 7 10593 16 2.000000000
2 165 7 10594 16 2.000000000
2 166 7 10595 16 2.000000000
2 167 7 10596 16 2.000000000
2 168 7 10597 16 2.000000000
2 169 7 10598 16 2.000000000
2 170 7 10599 16 2.000000000
2 171 7 10600 16 2.000000000
2 172 7 10601 16 2.000000000
2 173 7 10602 16 2.000000000
2 174 7 10603 16 2.000000000
2 175 7 10604 16 2.000000000
2 176 7 10605 16 2.000000000
2 177 7 10606 16 2.000000000
2 178 7 10607 16 2.000000000
2 179 7 10608 16 2.000000000
2 180 7 10609 16 2.000000000
2 181 7 10610 16 2.000000000
2 182 7 10611 16 2.000000000
2 183 7 10612 16 2.000000000
2 184 7 10613 16 2.000000000
2 185 7 10614 16 2.000000000
2 186 7 10615 16 2.000000000
2 187 7 10616 16 2.000000000
2 188 7 10617 16 2.000000000
2 189 7 10618 16 2.000000000
2 190 7 10619 16 2.000000000
2 191 7 10620 16 2.000000000
2 192 7 10621 16 2.000000000
2 193 7 10622 16 2.000000000
2 194 7 10623 16 2.000000000
2 195 7 10624 16 2.000000000
2 196 7 10625 16 2.000000000
2 197 7 10626 16 2.000000000
2 198 7 10627 16 2.000000000
2 199 7 10628 16 2.000000000
2 200 7 10629 16 2.000000000
2 201 7 10630 16 2.000000000
2 202 7 10631 16 2.000000000
2 203 7 10632 16 2.000000000
2 204 7 10633 16 2.000000000
2 205 7 10634 16 2.000000000
2 206 7 10635 16 2.000000000
2 207 7 10636 16 2.000000000
2 208 7 10637 16 2.000000000
2 209 7 10638 16 2.000000000
2 210 7 10639 16 2.000000000
2 211 7 10640 16 2.000000000
2 212 7 10641 16 2.000000000
2 213 7 10642 16 2.000000000
2 214 7 10643 16 2.000000000
2 215 7 10644 16 2.000000000
3 0 7 10645 16 2.000000000
3 1 7 10646 16 2.000000000
3 2 7 10647 16 2.000000000
3 4 7 10648 16 2.000000000
3 5 7 10649 16 2.000000000
3 6 7 10650 16 2.000000000
3 7 7 10651 16 2.000000000
3 8 7 10652 16 2.000000000
3 9 7 10653 16 2.000000000
3 10 7 10654 16 2.000000000
3 11 7 10655 16 2.000000000
3 12 7 10656 16 2.000000000
3 13 7 10657 16 2.000000000
3 14 7 10658 16 2.000000000
3 15 7 10659 16 2.000000000
3 16 7 10660 16 2.000000000
3 17 7 10661 16 2.000000000
3 18 7 10662 16 2.000000000
3 19 7 10663 16 2.000000000
3 20 7 10664 16 2.000000000
3 21 7 10665 16 2.000000000
3 22 7 10666 16 2.000000000
3 23 7 10667 16 2.000000000
3 24 7 10668 16 2.000000000
3 25 7 10669 16 2.000000000
3 26 7 10670 16 2.000000000
3 27 7 10671 16 2.000000000
3 28 7 10672 16 2.000000000
3 29 7 10673 16 2.000000000
3 30 7 10674 16 2.000000000
3 31 7 10675 16 2.000000000
3 32 7 10676 16 2.000000000
3 33 7 10677 16 2.000000000
3 34 7 10678 16 2.000000000
3 35 7 10679 16 2.000000000
3 36 7 10680 16 2.000000000
3 37 7 10681 16 2.000000000
3 38 7 10682 16 2.000000000
3 39 7 10683 16 2.000000000
3 40 7 10684 16 2.000000000
3 41 7 10685 16 2.000000000
3 42 7 10686 16 2.000000000
3 43 7 10687 16 2.000000000
3 44 7 10688 16 2.000000000
3 45 7 10689 16 2.000000000
3 46 7 10690 16 2.000000000
3 47 7 10691 16 2.000000000
3 48 7 10692 16 2.000000000
3 49 7 10693 16 2.000000000
3 50 7 10694 16 2.000000000
3 51 7 10695 16 2.000000000
3 52 7 10696 16 2.000000000
3 53 7 10697 16 2.000000000
3 54 7 10698 16 2.000000000
3 55 7 10699 16 2.000000000
3 56 7 10700 16 2.000000000
3 57 7 10701 16 2.000000000
3 58 7 10702 16 2.000000000
3 59 7 10703 16 2.000000000
3 60 7 10704 16 2.000000000
3 61 7 10705 16 2.000000000
3 62 7 10706 16 2.000000000
3 63 7 10707 16 2.000000000
3 64 7 10708 16 2.000000000
3 65 7 10709 16 2.000000000
3 66 7 10710 16 2.000000000
3 67 7 10711 16 2.000000000
3 68 7 10712 16 2.000000000
3 69 7 10713 16 2.000000000
3 70 7 10714 16 2.000000000
3 71 7 10715 16 2.000000000
3 72 7 10716 16 2.000000000
3 73 7 10717 16 2.000000000
3 74 7 10718 16 2.000000000
3 75 7 10719 16 2.000000000
3 76 7 10720 16 2.000000000
3 77 7 10721 16 2.000000000
3 78 7 10722 16 2.000000000
3 79 7 10723 16 2.000000000
3 80 7 10724 16 2.000000000
3 81 7 10725 16 2.000000000
3 82 7 10726 16 2.000000000
3 83 7 10727 16 2.000000000
3 84 7 10728 16 2.000000000
3 85 7 10729 16 2.000000000
3 86 7 10730 16 2.000000000
3 87 7 10731 16 2.000000000
3 88 7 10732 16 2.000000000
3 89 7 10733 16 2.000000000
3 90 7 10734 16 2.000000000
3 91 7 10735 16 2.000000000
3 92 7 10736 16 2.000000000
3 93 7 10737 16 2.000000000
3 94 7 10738 16 2.000000000
3 95 7 10739 16 2.000000000
3 96 7 10740 16 2.000000000
3 97 7 10741 16 2.000000000
3 98 7 10742 16 2.000000000
3 99 7 10743 16 2.000000000
3 100 7 10744 16 2.000000000
3 101 7 10745 16 2.000000000
3 102 7 10746 16 2.000000000
3 103 7 10747 16 2.000000000
3 104 7 10748 16 2.000000000
3 105 7 10749 16 2.000000000
3 106 7 10750 16 2.000000000
3 107 7 10751 16 2.000000000
3 108 7 10752 16 2.000000000
3 109 7 10753 16 2.000000000
3 110 7 10754 16 2.000000000
3 111 7 10755 16 2.000000000
3 112 7 10756 16 2.000000000
3 113 7 10757 16 2.000000000
3 114 7 10758 16 2.000000000
3 115 7 10759 16 2.000000000
3 116 7 10760 16 2.000000000
3 117 7 10761 16 2.000000000
3 118 7 10762 16 2.000000000
3 119 7 10763 16 2.000000000
3 120 7 10764 16 2.000000000
3 121 7 10765 16 2.000000000
3 122 7 10766 16 2.000000000
3 123 7 10767 16 2.000000000
3 124 7 10768 16 2.000000000
3 125 7 10769 16 2.000000000
3 126 7 10770 16 2.000000000
3 127 7 10771 16 2.000000000
3 128 7 10772 16 2.000000000
3 129 7 10773 16 2.000000000
3 130 7 10774 16 2.000000000
3 131 7 10775 16 2.000000000
3 132 7 10776 16 2.000000000
3 133 7 10777 16 2.000000000
3 134 7 10778 16 2.000000000
3 135 7 10779 16 2.000000000
3 136 7 10780 16 2.000000000
3 137 7 10781 16 2.000000000
3 138 7 10782 16 2.000000000
3 139 7 10783 16 2.000000000
3 140 7 10784 16 2.000000000
3 141 7 10785 16 2.000000000
3 142 7 10786 16 2.000000000
3 143 7 10787 16 2.000000000
3 144 7 10788 16 2.000000000
3 145 7 10789 16 2.000000000
3 146 7 10790 16 2.000000000
3 147 7 10791 16 2.000000000
3 148 7 10792 16 2.000000000
3 149 7 10793 16 2.000000000
3 150 7 10794 16 2.000000000
3 151 7 10795 16 2.000000000
3 152 7 10796 16 2.000000000
3 153 7 10797 16 2.000000000
3 154 7 10798 16 2.000000000
3 155 7 10799 16 2.000000000
3 156 7 10800 16 2.000000000
3 157 7 10801 16 2.000000000
3 158 7 10802 16 2.000000000
3 159 7 10803 16 2.000000000
3 160 7 10804 16 2.000000000
3 161 7 10805 16 2.000000000
3 162 7 10806 16 2.000000000
3 163 7 10807 16 2.000000000
3 164 7 10808 16 2.000000000
3 165 7 10809 16 2.000000000
3 166 7 10810 16 2.000000000
3 167 7 10811 16 2.000000000
3 168 7 10812 16 2.000000000
3 169 7 10813 16 2.000000000
3 170 7 10814 16 2.000000000
3 171 7 10815 16 2.000000000
3 172 7 10816 16 2.000000000
3 173 7 10817 16 2.000000000
3 174 7 10818 16 2.000000000
3 175 7 10819 16 2.000000000
3 176 7 10820 16 2.000000000
3 177 7 10821 16 2.000000000
3 178 7 10822 16 2.000000000
3 179 7 10823 16 2.000000000
3 180 7 10824 16 2.000000000
3 181 7 10825 16 2.000000000
3 182 7 10826 16 2.000000000
3 183 7 10827 16 2.000000000
3 184 7 10828 16 2.000000000
3 185 7 10829 16 2.000000000
3 186 7 10830 16 2.000000000
3 187 7 10831 16 2.000000000
3 188 7 10832 16 2.000000000
3 189 7 10833 16 2.000000000
3 190 7 10834 16 2.000000000
3 191 7 10835 16 2.000000000
3 192 7 10836 16 2.000000000
3 193 7 10837 16 2.000000000
3 194 7 10838 16 2.000000000
3 195 7 10839 16 2.000000000
3 196 7 10840 16 2.000000000
3 197 7 10841 16 2.000000000
3 198 7 10842 16 2.000000000
3 199 7 10843 16 2.000000000
3 200 7 10844 16 2.000000000
3 201 7 10845 16 2.000000000
3 202 7 10846 16 2.000000000
3 203 7 10847 16 2.000000000
3 204 7 10848 16 2.000000000
3 205 7 10849 16 2.000000000
3 206 7 10850 16 2.000000000
3 207 7 10851 16 2.000000000
3 208 7 10852 16 2.000000000
3 209 7 10853 16 2.000000000
3 210 7 10854 16 2.000000000
3 211 7 10855 16 2.000000000
3 212 7 10856 16 2.000000000
3 213 7 10857 16 2.000000000
3 214 7 10858 16 2.000000000
3 215 7 10859 16 2.000000000
4 0 7 10860 16 2.000000000
4 1 7 10861 16 2.000000000
4 2 7 10862 16 2.000000000
4 3 7 10863 16 2.000000000
4 5 7 10864 16 2.000000000
4 6 7 10865 16 2.000000000
4 7 7 10866 16 2.000000000
4 8 7 10867 16 2.000000000
4 9 7 10868 16 2.000000000
4 10 7 10869 16 2.000000000
4 11 7 10870 16 2.000000000
4 12 7 10871 16 2.000000000
4 13 7 10872 16 2.000000000
4 14 7 10873 16 2.000000000
4 15 7 10874 16 2.000000000
4 16 7 10875 16 2.000000000
4 17 7 10876 16 2.000000000
4 18 7 10877 16 2.000000000
4 19 7 10878 16 2.000000000
4 20 7 10879 16 2.000000000
4 21 7 10880 16 2.000000000
4 22 7 10881 16 2.000000000
4 23 7 10882 16 2.000000000
4 24 7 10883 16 2.000000000
4 25 7 10884 16 2.000000000
4 26 7 10885 16 2.000000000
4 27 7 10886 16 2.000000000
4 28 7 10887 16 2.000000000
4 29 7 10888 16 2.000000000
4 30 7 10889 16 2.000000000
4 31 7 10890 16 2.000000000
4 32 7 10891 16 2.000000000
4 33 7 10892 16 2.000000000
4 34 7 10893 16 2.000000000
4 35 7 10894 16 2.000000000
4 36 7 10895 16 2.000000000
4 37 7 10896 16 2.000000000
4 38 7 10897 16 2.000000000
4 39 7 10898 16 2.000000000
4 40 7 10899 16 2.000000000
4 41 7 10900 16 2.000000000
4 42 7 10901 16 2.000000000
4 43 7 10902 16 2.000000000
4 44 7 10903 16 2.000000000
4 45 7 10904 16 2.000000000
4 46 7 10905 16 2.000000000
4 47 7 10906 16 2.000000000
4 48 7 10907 16 2.000000000
4 49 7 10908 16 2.000000000
4 50 7 10909 16 2.000000000
4 51 7 10910 16 2.000000000
4 52 7 10911 16 2.000000000
4 53 7 10912 16 2.000000000
4 54 7 10913 16 2.000000000
4 55 7 10914 16 2.000000000
4 56 7 10915 16 2.000000000
4 57 7 10916 16 2.000000000
4 58 7 10917 16 2.000000000
4 59 7 10918 16 2.000000000
4 60 7 10919 16 2.000000000
4 61 7 10920 16 2.000000000
4 62 7 10921 16 2.000000000
4 63 7 10922 16 2.000000000
4 64 7 10923 16 2.000000000
4 65 7 10924 16 2.000000000
4 66 7 10925 16 2.000000000
4 67 7 10926 16 2.000000000
4 68 7 10927 16 2.000000000
4 69 7 10928 16 2.000000000
4 70 7 10929 16 2.000000000
4 71 7 10930 16 2.000000000
4 72 7 10931 16 2.000000000
4 73 7 10932 16 2.000000000
4 74 7 10933 16 2.000000000
4 75 7 10934 16 2.000000000
4 76 7 10935 16 2.000000000
4 77 7 10936 16 2.000000000
4 78 7 10937 16 2.000000000
4 79 7 10938 16 2.000000000
4 80 7 10939 16 2.000000000
4 81 7 10940 16 2.000000000
4 82 7 10941 16 2.000000000
4 83 7 10942 16 2.000000000
4 84 7 10943 16 2.000000000
4 85 7 10944 16 2.000000000
4 86 7 10945 16 2.000000000
4 87 7 10946 16 2.000000000
4 88 7 10947 16 2.000000000
4 89 7 10948 16 2.000000000
4 90 7 10949 16 2.000000000
4 91 7 10950 16 2.000000000
4 92 7 10951 16 2.000000000
4 93 7 10952 16 2.000000000
4 94 7 10953 16 2.000000000
4 95 7 10954 16 2.000000000
4 96 7 10955 16 2.000000000
4 97 7 10956 16 2.000000000
4 98 7 10957 16 2.000000000
4 99 7 10958 16 2.000000000
4 100 7 10959 16 2.000000000
4 101 7 10960 16 2.000000000
4 102 7 10961 16 2.000000000
4 103 7 10962 16 2.000000000
4 104 7 10963 16 2.000000000
4 105 7 10964 16 2.000000000
4 106 7 10965 16 2.000000000
4 107 7 10966 16 2.000000000
4 108 7 10967 16 2.000000000
4 109 7 10968 16 2.000000000
4 110 7 10969 16 2.000000000
4 111 7 10970 16 2.000000000
4 112 7 10971 16 2.000000000
4 113 7 10972 16 2.000000000
4 114 7 10973 16 2.000000000
4 115 7 10974 16 2.000000000
4 116 7 10975 16 2.000000000
4 117 7 10976 16 2.000000000
4 118 7 10977 16 2.000000000
4 119 7 10978 16 2.000000000
4 120 7 10979 16 2.000000000
4 121 7 10980 16 2.000000000
4 122 7 10981 16 2.000000000
4 123 7 10982 16 2.000000000
4 124 7 10983 16 2.000000000
4 125 7 10984 16 2.000000000
4 126 7 10985 16 2.000000000
4 127 7 10986 16 2.000000000
4 128 7 10987 16 2.000000000
4 129 7 10988 16 2.000000000
4 130 7 10989 16 2.000000000
4 131 7 10990 16 2.000000000
4 132 7 10991 16 2.000000000
4 133 7 10992 16 2.000000000
4 134 7 10993 16 2.000000000
4 135 7 10994 16 2.000000000
4 136 7 10995 16 2.000000000
4 137 7 10996 16 2.000000000
4 138 7 10997 16 2.000000000
4 139 7 10998 16 2.000000000
4 140 7 10999 16 2.000000000
4 141 7 11000 16 2.000000000
4 142 7 11001 16 2.000000000
4 143 7 11002 16 2.000000000
4 144 7 11003 16 2.000000000
4 145 7 11004 16 2.000000000
4 146 7 11005 16 2.000000000
4 147 7 11006 16 2.000000000
4 148 7 11007 16 2.000000000
4 149 7 11008 16 2.000000000
4 150 7 11009 16 2.000000000
4 151 7 11010 16 2.000000000
4 152 7 11011 16 2.000000000
4 153 7 11012 16 2.000000000
4 154 7 11013 16 2.000000000
4 155 7 11014 16 2.000000000
4 156 7 11015 16 2.000000000
4 157 7 11016 16 2.000000000
4 158 7 11017 16 2.000000000
4 159 7 11018 16 2.000000000
4 160 7 11019 16 2.000000000
4 161 7 11020 16 2.000000000
4 162 7 11021 16 2.000000000
4 163 7 11022 16 2.000000000
4 164 7 11023 16 2.000000000
4 165 7 11024 16 2.000000000
4 166 7 11025 16 2.000000000
4 167 7 11026 16 2.000000000
4 168 7 11027 16 2.000000000
4 169 7 11028 16 2.000000000
4 170 7 11029 16 2.000000000
4 171 7 11030 16 2.000000000
4 172 7 11031 16 2.000000000
4 173 7 11032 16 2.000000000
4 174 7 11033 16 2.000000000
4 175 7 11034 16 2.000000000
4 176 7 11035 16 2.000000000
4 177 7 11036 16 2.000000000
4 178 7 11037 16 2.000000000
4 179 7 11038 16 2.000000000
4 180 7 11039 16 2.000000000
4 181 7 11040 16 2.000000000
4 182 7 11041 16 2.000000000
4 183 7 11042 16 2.000000000
4 184 7 11043 16 2.000000000
4 185 7 11044 16 2.000000000
4 186 7 11045 16 2.000000000
4 187 7 11046 16 2.000000000
4 188 7 11047 16 2.000000000
4 189 7 11048 16 2.000000000
4 190 7 11049 16 2.000000000
4 191 7 11050 16 2.000000000
4 192 7 11051 16 2.000000000
4 193 7 11052 16 2.000000000
4 194 7 11053 16 2.000000000
4 195 7 11054 16 2.000000000
4 196 7 11055 16 2.000000000
4 197 7 11056 16 2.000000000
4 198 7 11057 16 2.000000000
4 199 7 11058 16 2.000000000
4 200 7 11059 16 2.000000000
4 201 7 11060 16 2.000000000
4 202 7 11061 16 2.000000000
4 203 7 11062 16 2.000000000
4 204 7 11063 16 2.000000000
4 205 7 11064 16 2.000000000
4 206 7 11065 16 2.000000000
4 207 7 11066 16 2.000000000
4 208 7 11067 16 2.000000000
4 209 7 11068 16 2.000000000
4 210 7 11069 16 2.000000000
4 211 7 11070 16 2.000000000
4 212 7 11071 16 2.000000000
4 213 7 11072 16 2.000000000
4 214 7 11073 16 2.000000000
4 215 7 11074 16 2.000000000
5 0 7 11075 16 2.000000000
5 1 7 11076 16 2.000000000
5 2 7 11077 16 2.000000000
5 3 7 11078 16 2.000000000
5 4 7 11079 16 2.000000000
5 6 7 11080 16 2.000000000
5 7 7 11081 16 2.000000000
5 8 7 11082 16 2.000000000
5 9 7 11083 16 2.000000000
5 10 7 11084 16 2.000000000
5 11 7 11085 16 2.000000000
5 12 7 11086 16 2.000000000
5 13 7 11087 16 2.000000000
5 14 7 11088 16 2.000000000
5 15 7 11089 16 2.000000000
5 16 7 11090 16 2.000000000
5 17 7 11091 16 2.000000000
5 18 7 11092 16 2.000000000
5 19 7 11093 16 2.000000000
5 20 7 11094 16 2.000000000
5 21 7 11095 16 2.000000000
5 22 7 11096 16 2.000000000
5 23 7 11097 16 2.000000000
5 24 7 11098 16 2.000000000
5 25 7 11099 16 2.000000000
5 26 7 11100 16 2.000000000
5 27 7 11101 16 2.000000000
5 28 7 11102 16 2.000000000
5 29 7 11103 16 2.000000000
5 30 7 11104 16 2.000000000
5 31 7 11105 16 2.000000000
5 32 7 11106 16 2.000000000
5 33 7 11107 16 2.000000000
5 34 7 11108 16 2.000000000
5 35 7 11109 16 2.000000000
5 36 7 11110 16 2.000000000
5 37 7 11111 16 2.000000000
5 38 7 11112 16 2.000000000
5 39 7 11113 16 2.000000000
5 40 7 11114 16 2.000000000
5 41 7 11115 16 2.000000000
5 42 7 11116 16 2.000000000
5 43 7 11117 16 2.000000000
5 44 7 11118 16 2.000000000
5 45 7 11119 16 2.000000000
5 46 7 11120 16 2.000000000
5 47 7 11121 16 2.000000000
5 48 7 11122 16 2.000000000
5 49 7 11123 16 2.000000000
5 50 7 11124 16 2.000000000
5 51 7 11125 16 2.000000000
5 52 7 11126 16 2.000000000
5 53 7 11127 16 2.000000000
5 54 7 11128 16 2.000000000
5 55 7 11129 16 2.000000000
5 56 7 11130 16 2.000000000
5 57 7 11131 16 2.000000000
5 58 7 11132 16 2.000000000
5 59 7 11133 16 2.000000000
5 60 7 11134 16 2.000000000
5 61 7 11135 16 2.000000000
5 62 7 11136 16 2.000000000
5 63 7 11137 16 2.000000000
5 64 7 11138 16 2.000000000
5 65 7 11139 16 2.000000000
5 66 7 11140 16 2.000000000
5 67 7 11141 16 2.000000000
5 68 7 11142 16 2.000000000
5 69 7 11143 16 2.000000000
5 70 7 11144 16 2.000000000
5 71 7 11145 16 2.000000000
5 72 7 11146 16 2.000000000
5 73 7 11147 16 2.000000000
5 74 7 11148 16 2.000000000
5 75 7 11149 16 2.000000000
5 76 7 11150 16 2.000000000
5 77 7 11151 16 2.000000000
5 78 7 11152 16 2.000000000
5 79 7 11153 16 2.000000000
5 80 7 11154 16 2.000000000
5 81 7 11155 16 2.000000000
5 82 7 11156 16 2.000000000
5 83 7 11157 16 2.000000000
5 84 7 11158 16 2.000000000
5 85 7 11159 16 2.000000000
5 86 7 11160 16 2.000000000
5 87 7 11161 16 2.000000000
5 88 7 11162 16 2.000000000
5 89 7 11163 16 2.000000000
5 90 7 11164 16 2.000000000
5 91 7 11165 16 2.000000000
5 92 7 11166 16 2.000000000
5 93 7 11167 16 2.000000000
5 94 7 11168 16 2.000000000
5 95 7 11169 16 2.000000000
5 96 7 11170 16 2.000000000
5 97 7 11171 16 2.000000000
5 98 7 11172 16 2.000000000
5 99 7 11173 16 2.000000000
5 100 7 11174 16 2.000000000
5 101 7 11175 16 2.000000000
5 102 7 11176 16 2.000000000
5 103 7 11177 16 2.000000000
5 104 7 11178 16 2.000000000
5 105 7 11179 16 2.000000000
5 106 7 11180 16 2.000000000
5 107 7 11181 16 2.000000000
5 108 7 11182 16 2.000000000
5 109 7 11183 16 2.000000000
5 110 7 11184 16 2.000000000
5 111 7 11185 16 2.000000000
5 112 7 11186 16 2.000000000
5 113 7 11187 16 2.000000000
5 114 7 11188 16 2.000000000
5 115 7 11189 16 2.000000000
5 116 7 11190 16 2.000000000
5 117 7 11191 16 2.000000000
5 118 7 11192 16 2.000000000
5 119 7 11193 16 2.000000000
5 120 7 11194 16 2.000000000
5 121 7 11195 16 2.000000000
5 122 7 11196 16 2.000000000
5 123 7 11197 16 2.000000000
5 124 7 11198 16 2.000000000
5 125 7 11199 16 2.000000000
5 126 7 11200 16 2.000000000
5 127 7 11201 16 2.000000000
5 128 7 11202 16 2.000000000
5 129 7 11203 16 2.000000000
5 130 7 11204 16 2.000000000
5 131 7 11205 16 2.000000000
5 132 7 11206 16 2.000000000
5 133 7 11207 16 2.000000000
5 134 7 11208 16 2.000000000
5 135 7 11209 16 2.000000000
5 136 7 11210 16 2.000000000
5 137 7 11211 16 2.000000000
5 138 7 11212 16 2.000000000
5 139 7 11213 16 2.000000000
5 140 7 11214 16 2.000000000
5 141 7 11215 16 2.000000000
5 142 7 11216 16 2.000000000
5 143 7 11217 16 2.000000000
5 144 7 11218 16 2.000000000
5 145 7 11219 16 2.000000000
5 146 7 11220 16 2.000000000
5 147 7 11221 16 2.000000000
5 148 7 11222 16 2.000000000
5 149 7 11223 16 2.000000000
5 150 7 11224 16 2.000000000
5 151 7 11225 16 2.000000000
5 152 7 11226 16 2.000000000
5 153 7 11227 16 2.000000000
5 154 7 11228 16 2.000000000
5 155 7 11229 16 2.000000000
5 156 7 11230 16 2.000000000
5 157 7 11231 16 2.000000000
5 158 7 11232 16 2.000000000
5 159 7 11233 16 2.000000000
5 160 7 11234 16 2.000000000
5 161 7 11235 16 2.000000000
5 162 7 11236 16 2.000000000
5 163 7 11237 16 2.000000000
5 164 7 11238 16 2.000000000
5 165 7 11239 16 2.000000000
5 166 7 11240 16 2.000000000
5 167 7 11241 16 2.000000000
5 168 7 11242 16 2.000000000
5 169 7 11243 16 2.000000000
5 170 7 11244 16 2.000000000
5 171 7 11245 16 2.000000000
5 172 7 11246 16 2.000000000
5 173 7 11247 16 2.000000000
5 174 7 11248 16 2.000000000
5 175 7 11249 16 2.000000000
5 176 7 11250 16 2.000000000
5 177 7 11251 16 2.000000000
5 178 7 11252 16 2.000000000
5 179 7 11253 16 2.000000000
5 180 7 11254 16 2.000000000
5 181 7 11255 16 2.000000000
5 182 7 11256 16 2.000000000
5 183 7 11257 16 2.000000000
5 184 7 11258 16 2.000000000
5 185 7 11259 16 2.000000000
5 186 7 11260 16 2.000000000
5 187 7 11261 16 2.000000000
5 188 7 11262 16 2.000000000
5 189 7 11263 16 2.000000000
5 190 7 11264 16 2.000000000
5 191 7 11265 16 2.000000000
5 192 7 11266 16 2.000000000
5 193 7 11267 16 2.000000000
5 194 7 11268 16 2.000000000
5 195 7 11269 16 2.000000000
5 196 7 11270 16 2.000000000
5 197 7 11271 16 2.000000000
5 198 7 11272 16 2.000000000
5 199 7 11273 16 2.000000000
5 200 7 11274 16 2.000000000
5 201 7 11275 16 2.000000000
5 202 7 11276 16 2.000000000
5 203 7 11277 16 2.000000000
5 204 7 11278 16 2.000000000
5 205 7 11279 16 2.000000000
5 206 7 11280 16 2.000000000
5 207 7 11281 16 2.000000000
5 208 7 11282 16 2.000000000
5 209 7 11283 16 2.000000000
5 210 7 11284 16 2.000000000
5 211 7 11285 16 2.000000000
5 212 7 11286 16 2.000000000
5 213 7 11287 16 2.000000000
5 214 7 11288 16 2.000000000
5 215 7 11289 16 2.000000000
