1290
0 1 7 10000 32 2.000000000
0 2 7 10001 32 2.000000000
0 3 7 10002 32 2.000000000
0 4 7 10003 32 2.000000000
0 5 7 10004 32 2.000000000
0 6 7 10005 32 2.000000000
0 7 7 10006 32 2.000000000
0 8 7 10007 32 2.000000000
0 9 7 10008 32 2.000000000
0 10 7 10009 32 2.000000000
0 11 7 10010 32 2.000000000
0 12 7 10011 32 2.000000000
0 13 7 10012 32 2.000000000
0 14 7 10013 32 2.000000000
0 15 7 10014 32 2.000000000
0 16 7 10015 32 2.000000000
0 17 7 10016 32 2.000000000
0 18 7 10017 32 2.000000000
0 19 7 10018 32 2.000000000
0 20 7 10019 32 2.000000000
0 21 7 10020 32 2.000000000
0 22 7 10021 32 2.000000000
0 23 7 10022 32 2.000000000
0 24 7 10023 32 2.000000000
0 25 7 10024 32 2.000000000
0 26 7 10025 32 2.000000000
0 27 7 10026 32 2.000000000
0 28 7 10027 32 2.000000000
0 29 7 10028 32 2.000000000
0 30 7 10029 32 2.000000000
0 31 7 10030 32 2.000000000
0 32 7 10031 32 2.000000000
0 33 7 10032 32 2.000000000
0 34 7 10033 32 2.000000000
0 35 7 10034 32 2.000000000
0 36 7 10035 32 2.000000000
0 37 7 10036 32 2.000000000
0 38 7 10037 32 2.000000000
0 39 7 10038 32 2.000000000
0 40 7 10039 32 2.000000000
0 41 7 10040 32 2.000000000
0 42 7 10041 32 2.000000000
0 43 7 10042 32 2.000000000
0 44 7 10043 32 2.000000000
0 45 7 10044 32 2.000000000
0 46 7 10045 32 2.000000000
0 47 7 10046 32 2.000000000
0 48 7 10047 32 2.000000000
0 49 7 10048 32 2.000000000
0 50 7 10049 32 2.000000000
0 51 7 10050 32 2.000000000
0 52 7 10051 32 2.000000000
0 53 7 10052 32 2.000000000
0 54 7 10053 32 2.000000000
0 55 7 10054 32 2.000000000
0 56 7 10055 32 2.000000000
0 57 7 10056 32 2.000000000
0 58 7 10057 32 2.000000000
0 59 7 10058 32 2.000000000
0 60 7 10059 32 2.000000000
0 61 7 10060 32 2.000000000
0 62 7 10061 32 2.000000000
0 63 7 10062 32 2.000000000
0 64 7 10063 32 2.000000000
0 65 7 10064 32 2.000000000
0 66 7 10065 32 2.000000000
0 67 7 10066 32 2.000000000
0 68 7 10067 32 2.000000000
0 69 7 10068 32 2.000000000
0 70 7 10069 32 2.000000000
0 71 7 10070 32 2.000000000
0 72 7 10071 32 2.000000000
0 73 7 10072 32 2.000000000
0 74 7 10073 32 2.000000000
0 75 7 10074 32 2.000000000
0 76 7 10075 32 2.000000000
0 77 7 10076 32 2.000000000
0 78 7 10077 32 2.000000000
0 79 7 10078 32 2.000000000
0 80 7 10079 32 2.000000000
0 81 7 10080 32 2.000000000
0 82 7 10081 32 2.000000000
0 83 7 10082 32 2.000000000
0 84 7 10083 32 2.000000000
0 85 7 10084 32 2.000000000
0 86 7 10085 32 2.000000000
0 87 7 10086 32 2.000000000
0 88 7 10087 32 2.000000000
0 89 7 10088 32 2.000000000
0 90 7 10089 32 2.000000000
0 91 7 10090 32 2.000000000
0 92 7 10091 32 2.000000000
0 93 7 10092 32 2.000000000
0 94 7 10093 32 2.000000000
0 95 7 10094 32 2.000000000
0 96 7 10095 32 2.000000000
0 97 7 10096 32 2.000000000
0 98 7 10097 32 2.000000000
0 99 7 10098 32 2.000000000
0 100 7 10099 32 2.000000000
0 101 7 10100 32 2.000000000
0 102 7 10101 32 2.000000000
0 103 7 10102 32 2.000000000
0 104 7 10103 32 2.000000000
0 105 7 10104 32 2.000000000
0 106 7 10105 32 2.000000000
0 107 7 10106 32 2.000000000
0 108 7 10107 32 2.000000000
0 109 7 10108 32 2.000000000
0 110 7 10109 32 2.000000000
0 111 7 10110 32 2.000000000
0 112 7 10111 32 2.000000000
0 113 7 10112 32 2.000000000
0 114 7 10113 32 2.000000000
0 115 7 10114 32 2.000000000
0 116 7 10115 32 2.000000000
0 117 7 10116 32 2.000000000
0 118 7 10117 32 2.000000000
0 119 7 10118 32 2.000000000
0 120 7 10119 32 2.000000000
0 121 7 10120 32 2.000000000
0 122 7 10121 32 2.000000000
0 123 7 10122 32 2.000000000
0 124 7 10123 32 2.000000000
0 125 7 10124 32 2.000000000
0 126 7 10125 32 2.000000000
0 127 7 10126 32 2.000000000
0 128 7 10127 32 2.000000000
0 129 7 10128 32 2.000000000
0 130 7 10129 32 2.000000000
0 131 7 10130 32 2.000000000
0 132 7 10131 32 2.000000000
0 133 7 10132 32 2.000000000
0 134 7 10133 32 2.000000000
0 135 7 10134 32 2.000000000
0 136 7 10135 32 2.000000000
0 137 7 10136 32 2.000000000
0 138 7 10137 32 2.000000000
0 139 7 10138 32 2.000000000
0 140 7 10139 32 2.000000000
0 141 7 10140 32 2.000000000
0 142 7 10141 32 2.000000000
0 143 7 10142 32 2.000000000
0 144 7 10143 32 2.000000000
0 145 7 10144 32 2.000000000
0 146 7 10145 32 2.000000000
0 147 7 10146 32 2.000000000
0 148 7 10147 32 2.000000000
0 149 7 10148 32 2.000000000
0 150 7 10149 32 2.000000000
0 151 7 10150 32 2.000000000
0 152 7 10151 32 2.000000000
0 153 7 10152 32 2.000000000
0 154 7 10153 32 2.000000000
0 155 7 10154 32 2.000000000
0 156 7 10155 32 2.000000000
0 157 7 10156 32 2.000000000
0 158 7 10157 32 2.000000000
0 159 7 10158 32 2.000000000
0 160 7 10159 32 2.000000000
0 161 7 10160 32 2.000000000
0 162 7 10161 32 2.000000000
0 163 7 10162 32 2.000000000
0 164 7 10163 32 2.000000000
0 165 7 10164 32 2.000000000
0 166 7 10165 32 2.000000000
0 167 7 10166 32 2.000000000
0 168 7 10167 32 2.000000000
0 169 7 10168 32 2.000000000
0 170 7 10169 32 2.000000000
0 171 7 10170 32 2.000000000
0 172 7 10171 32 2.000000000
0 173 7 10172 32 2.000000000
0 174 7 10173 32 2.000000000
0 175 7 10174 32 2.000000000
0 176 7 10175 32 2.000000000
0 177 7 10176 32 2.000000000
0 178 7 10177 32 2.000000000
0 179 7 10178 32 2.000000000
0 180 7 10179 32 2.000000000
0 181 7 10180 32 2.000000000
0 182 7 10181 32 2.000000000
0 183 7 10182 32 2.000000000
0 184 7 10183 32 2.000000000
0 185 7 10184 32 2.000000000
0 186 7 10185 32 2.000000000
0 187 7 10186 32 2.000000000
0 188 7 10187 32 2.000000000
0 189 7 10188 32 2.000000000
0 190 7 10189 32 2.000000000
0 191 7 10190 32 2.000000000
0 192 7 10191 32 2.000000000
0 193 7 10192 32 2.000000000
0 194 7 10193 32 2.000000000
0 195 7 10194 32 2.000000000
0 196 7 10195 32 2.000000000
0 197 7 10196 32 2.000000000
0 198 7 10197 32 2.000000000
0 199 7 10198 32 2.000000000
0 200 7 10199 32 2.000000000
0 201 7 10200 32 2.000000000
0 202 7 10201 32 2.000000000
0 203 7 10202 32 2.000000000
0 204 7 10203 32 2.000000000
0 205 7 10204 32 2.000000000
0 206 7 10205 32 2.000000000
0 207 7 10206 32 2.000000000
0 208 7 10207 32 2.000000000
0 209 7 10208 32 2.000000000
0 210 7 10209 32 2.000000000
0 211 7 10210 32 2.000000000
0 212 7 10211 32 2.000000000
0 213 7 10212 32 2.000000000
0 214 7 10213 32 2.000000000
0 215 7 10214 32 2.000000000
1 0 7 10215 32 2.000000000
1 2 7 10216 32 2.000000000
1 3 7 10217 32 2.000000000
1 4 7 10218 32 2.000000000
1 5 7 10219 32 2.000000000
1 6 7 10220 32 2.000000000
1 7 7 10221 32 2.000000000
1 8 7 10222 32 2.000000000
1 9 7 10223 32 2.000000000
1 10 7 10224 32 2.000000000
1 11 7 10225 32 2.000000000
1 12 7 10226 32 2.000000000
1 13 7 10227 32 2.000000000
1 14 7 10228 32 2.000000000
1 15 7 10229 32 2.000000000
1 16 7 10230 32 2.000000000
1 17 7 10231 32 2.000000000
1 18 7 10232 32 2.000000000
1 19 7 10233 32 2.000000000
1 20 7 10234 32 2.000000000
1 21 7 10235 32 2.000000000
1 22 7 10236 32 2.000000000
1 23 7 10237 32 2.000000000
1 24 7 10238 32 2.000000000
1 25 7 10239 32 2.000000000
1 26 7 10240 32 2.000000000
1 27 7 10241 32 2.000000000
1 28 7 10242 32 2.000000000
1 29 7 10243 32 2.000000000
1 30 7 10244 32 2.000000000
1 31 7 10245 32 2.000000000
1 32 7 10246 32 2.000000000
1 33 7 10247 32 2.000000000
1 34 7 10248 32 2.000000000
1 35 7 10249 32 2.000000000
1 36 7 10250 32 2.000000000
1 37 7 10251 32 2.000000000
1 38 7 10252 32 2.000000000
1 39 7 10253 32 2.000000000
1 40 7 10254 32 2.000000000
1 41 7 10255 32 2.000000000
1 42 7 10256 32 2.000000000
1 43 7 10257 32 2.000000000
1 44 7 10258 32 2.000000000
1 45 7 10259 32 2.000000000
1 46 7 10260 32 2.000000000
1 47 7 10261 32 2.000000000
1 48 7 10262 32 2.000000000
1 49 7 10263 32 2.000000000
1 50 7 10264 32 2.000000000
1 51 7 10265 32 2.000000000
1 52 7 10266 32 2.000000000
1 53 7 10267 32 2.000000000
1 54 7 10268 32 2.000000000
1 55 7 10269 32 2.000000000
1 56 7 10270 32 2.000000000
1 57 7 10271 32 2.000000000
1 58 7 10272 32 2.000000000
1 59 7 10273 32 2.000000000
1 60 7 10274 32 2.000000000
1 61 7 10275 32 2.000000000
1 62 7 10276 32 2.000000000
1 63 7 10277 32 2.000000000
1 64 7 10278 32 2.000000000
1 65 7 10279 32 2.000000000
1 66 7 10280 32 2.000000000
1 67 7 10281 32 2.000000000
1 68 7 10282 32 2.000000000
1 69 7 10283 32 2.000000000
1 70 7 10284 32 2.000000000
1 71 7 10285 32 2.000000000
1 72 7 10286 32 2.000000000
1 73 7 10287 32 2.000000000
1 74 7 10288 32 2.000000000
1 75 7 10289 32 2.000000000
1 76 7 10290 32 2.000000000
1 77 7 10291 32 2.000000000
1 78 7 10292 32 2.000000000
1 79 7 10293 32 2.000000000
1 80 7 10294 32 2.000000000
1 81 7 10295 32 2.000000000
1 82 7 10296 32 2.000000000
1 83 7 10297 32 2.000000000
1 84 7 10298 32 2.000000000
1 85 7 10299 32 2.000000000
1 86 7 10300 32 2.000000000
1 87 7 10301 32 2.000000000
1 88 7 10302 32 2.000000000
1 89 7 10303 32 2.000000000
1 90 7 10304 32 2.000000000
1 91 7 10305 32 2.000000000
1 92 7 10306 32 2.000000000
1 93 7 10307 32 2.000000000
1 94 7 10308 32 2.000000000
1 95 7 10309 32 2.000000000
1 96 7 10310 32 2.000000000
1 97 7 10311 32 2.000000000
1 98 7 10312 32 2.000000000
1 99 7 10313 32 2.000000000
1 100 7 10314 32 2.000000000
1 101 7 10315 32 2.000000000
1 102 7 10316 32 2.000000000
1 103 7 10317 32 2.000000000
1 104 7 10318 32 2.000000000
1 105 7 10319 32 2.000000000
1 106 7 10320 32 2.000000000
1 107 7 10321 32 2.000000000
1 108 7 10322 32 2.000000000
1 109 7 10323 32 2.000000000
1 110 7 10324 32 2.000000000
1 111 7 10325 32 2.000000000
1 112 7 10326 32 2.000000000
1 113 7 10327 32 2.000000000
1 114 7 10328 32 2.000000000
1 115 7 10329 32 2.000000000
1 116 7 10330 32 2.000000000
1 117 7 10331 32 2.000000000
1 118 7 10332 32 2.000000000
1 119 7 10333 32 2.000000000
1 120 7 10334 32 2.000000000
1 121 7 10335 32 2.000000000
1 122 7 10336 32 2.000000000
1 123 7 10337 32 2.000000000
1 124 7 10338 32 2.000000000
1 125 7 10339 32 2.000000000
1 126 7 10340 32 2.000000000
1 127 7 10341 32 2.000000000
1 128 7 10342 32 2.000000000
1 129 7 10343 32 2.000000000
1 130 7 10344 32 2.000000000
1 131 7 10345 32 2.000000000
1 132 7 10346 32 2.000000000
1 133 7 10347 32 2.000000000
1 134 7 10348 32 2.000000000
1 135 7 10349 32 2.000000000
1 136 7 10350 32 2.000000000
1 137 7 10351 32 2.000000000
1 138 7 10352 32 2.000000000
1 139 7 10353 32 2.000000000
1 140 7 10354 32 2.000000000
1 141 7 10355 32 2.000000000
1 142 7 10356 32 2.000000000
1 143 7 10357 32 2.000000000
1 144 7 10358 32 2.000000000
1 145 7 10359 32 2.000000000
1 146 7 10360 32 2.000000000
1 147 7 10361 32 2.000000000
1 148 7 10362 32 2.000000000
1 149 7 10363 32 2.000000000
1 150 7 10364 32 2.000000000
1 151 7 10365 32 2.000000000
1 152 7 10366 32 2.000000000
1 153 7 10367 32 2.000000000
1 154 7 10368 32 2.000000000
1 155 7 10369 32 2.000000000
1 156 7 10370 32 2.000000000
1 157 7 10371 32 2.000000000
1 158 7 10372 32 2.000000000
1 159 7 10373 32 2.000000000
1 160 7 10374 32 2.000000000
1 161 7 10375 32 2.000000000
1 162 7 10376 32 2.000000000
1 163 7 10377 32 2.000000000
1 164 7 10378 32 2.000000000
1 165 7 10379 32 2.000000000
1 166 7 10380 32 2.000000000
1 167 7 10381 32 2.000000000
1 168 7 10382 32 2.000000000
1 169 7 10383 32 2.000000000
1 170 7 10384 32 2.000000000
1 171 7 10385 32 2.000000000
1 172 7 10386 32 2.000000000
1 173 7 10387 32 2.000000000
1 174 7 10388 32 2.000000000
1 175 7 10389 32 2.000000000
1 176 7 10390 32 2.000000000
1 177 7 10391 32 2.000000000
1 178 7 10392 32 2.000000000
1 179 7 10393 32 2.000000000
1 180 7 10394 32 2.000000000
1 181 7 10395 32 2.000000000
1 182 7 10396 32 2.000000000
1 183 7 10397 32 2.000000000
1 184 7 10398 32 2.000000000
1 185 7 10399 32 2.000000000
1 186 7 10400 32 2.000000000
1 187 7 10401 32 2.000000000
1 188 7 10402 32 2.000000000
1 189 7 10403 32 2.000000000
1 190 7 10404 32 2.000000000
1 191 7 10405 32 2.000000000
1 192 7 10406 32 2.000000000
1 193 7 10407 32 2.000000000
1 194 7 10408 32 2.000000000
1 195 7 10409 32 2.000000000
1 196 7 10410 32 2.000000000
1 197 7 10411 32 2.000000000
1 198 7 10412 32 2.000000000
1 199 7 10413 32 2.000000000
1 200 7 10414 32 2.000000000
1 201 7 10415 32 2.000000000
1 202 7 10416 32 2.000000000
1 203 7 10417 32 2.000000000
1 204 7 10418 32 2.000000000
1 205 7 10419 32 2.000000000
1 206 7 10420 32 2.000000000
1 207 7 10421 32 2.000000000
1 208 7 10422 32 2.000000000
1 209 7 10423 32 2.000000000
1 210 7 10424 32 2.000000000
1 211 7 10425 32 2.000000000
1 212 7 10426 32 2.000000000
1 213 7 10427 32 2.000000000
1 214 7 10428 32 2.000000000
1 215 7 10429 32 2.000000000
2 0 7 10430 32 2.000000000
2 1 7 10431 32 2.000000000
2 3 7 10432 32 2.000000000
2 4 7 10433 32 2.000000000
2 5 7 10434 32 2.000000000
2 6 7 10435 32 2.000000000
2 7 7 10436 32 2.000000000
2 8 7 10437 32 2.000000000
2 9 7 10438 32 2.000000000
2 10 7 10439 32 2.000000000
2 11 7 10440 32 2.000000000
2 12 7 10441 32 2.000000000
2 13 7 10442 32 2.000000000
2 14 7 10443 32 2.000000000
2 15 7 10444 32 2.000000000
2 16 7 10445 32 2.000000000
2 17 7 10446 32 2.000000000
2 18 7 10447 32 2.000000000
2 19 7 10448 32 2.000000000
2 20 7 10449 32 2.000000000
2 21 7 10450 32 2.000000000
2 22 7 10451 32 2.000000000
2 23 7 10452 32 2.000000000
2 24 7 10453 32 2.000000000
2 25 7 10454 32 2.000000000
2 26 7 10455 32 2.000000000
2 27 7 10456 32 2.000000000
2 28 7 10457 32 2.000000000
2 29 7 10458 32 2.000000000
2 30 7 10459 32 2.000000000
2 31 7 10460 32 2.000000000
2 32 7 10461 32 2.000000000
2 33 7 10462 32 2.000000000
2 34 7 10463 32 2.000000000
2 35 7 10464 32 2.000000000
2 36 7 10465 32 2.000000000
2 37 7 10466 32 2.000000000
2 38 7 10467 32 2.000000000
2 39 7 10468 32 2.000000000
2 40 7 10469 32 2.000000000
2 41 7 10470 32 2.000000000
2 42 7 10471 32 2.000000000
2 43 7 10472 32 2.000000000
2 44 7 10473 32 2.000000000
2 45 7 10474 32 2.000000000
2 46 7 10475 32 2.000000000
2 47 7 10476 32 2.000000000
2 48 7 10477 32 2.000000000
2 49 7 10478 32 2.000000000
2 50 7 10479 32 2.000000000
2 51 7 10480 32 2.000000000
2 52 7 10481 32 2.000000000
2 53 7 10482 32 2.000000000
2 54 7 10483 32 2.000000000
2 55 7 10484 32 2.000000000
2 56 7 10485 32 2.000000000
2 57 7 10486 32 2.000000000
2 58 7 10487 32 2.000000000
2 59 7 10488 32 2.000000000
2 60 7 10489 32 2.000000000
2 61 7 10490 32 2.000000000
2 62 7 10491 32 2.000000000
2 63 7 10492 32 2.000000000
2 64 7 10493 32 2.000000000
2 65 7 10494 32 2.000000000
2 66 7 10495 32 2.000000000
2 67 7 10496 32 2.000000000
2 68 7 10497 32 2.000000000
2 69 7 10498 32 2.000000000
2 70 7 10499 32 2.000000000
2 71 7 10500 32 2.000000000
2 72 7 10501 32 2.000000000
2 73 7 10502 32 2.000000000
2 74 7 10503 32 2.000000000
2 75 7 10504 32 2.000000000
2 76 7 10505 32 2.000000000
2 77 7 10506 32 2.000000000
2 78 7 10507 32 2.000000000
2 79 7 10508 32 2.000000000
2 80 7 10509 32 2.000000000
2 81 7 10510 32 2.000000000
2 82 7 10511 32 2.000000000
2 83 7 10512 32 2.000000000
2 84 7 10513 32 2.000000000
2 85 7 10514 32 2.000000000
2 86 7 10515 32 2.000000000
2 87 7 10516 32 2.000000000
2 88 7 10517 32 2.000000000
2 89 7 10518 32 2.000000000
2 90 7 10519 32 2.000000000
2 91 7 10520 32 2.000000000
2 92 7 10521 32 2.000000000
2 93 7 10522 32 2.000000000
2 94 7 10523 32 2.000000000
2 95 7 10524 32 2.000000000
2 96 7 10525 32 2.000000000
2 97 7 10526 32 2.000000000
2 98 7 10527 32 2.000000000
2 99 7 10528 32 2.000000000
2 100 7 10529 32 2.000000000
2 101 7 10530 32 2.000000000
2 102 7 10531 32 2.000000000
2 103 7 10532 32 2.000000000
2 104 7 10533 32 2.000000000
2 105 7 10534 32 2.000000000
2 106 7 10535 32 2.000000000
2 107 7 10536 32 2.000000000
2 108 7 10537 32 2.000000000
2 109 7 10538 32 2.000000000
2 110 7 10539 32 2.000000000
2 111 7 10540 32 2.000000000
2 112 7 10541 32 2.000000000
2 113 7 10542 32 2.000000000
2 114 7 10543 32 2.000000000
2 115 7 10544 32 2.000000000
2 116 7 10545 32 2.000000000
2 117 7 10546 32 2.000000000
2 118 7 10547 32 2.000000000
2 119 7 10548 32 2.000000000
2 120 7 10549 32 2.000000000
2 121 7 10550 32 2.000000000
2 122 7 10551 32 2.000000000
2 123 7 10552 32 2.000000000
2 124 7 10553 32 2.000000000
2 125 7 10554 32 2.000000000
2 126 7 10555 32 2.000000000
2 127 7 10556 32 2.000000000
2 128 7 10557 32 2.000000000
2 129 7 10558 32 2.000000000
2 130 7 10559 32 2.000000000
2 131 7 10560 32 2.000000000
2 132 7 10561 32 2.000000000
2 133 7 10562 32 2.000000000
2 134 7 10563 32 2.000000000
2 135 7 10564 32 2.000000000
2 136 7 10565 32 2.000000000
2 137 7 10566 32 2.000000000
2 138 7 10567 32 2.000000000
2 139 7 10568 32 2.000000000
2 140 7 10569 32 2.000000000
2 141 7 10570 32 2.000000000
2 142 7 10571 32 2.000000000
2 143 7 10572 32 2.000000000
2 144 7 10573 32 2.000000000
2 145 7 10574 32 2.000000000
2 146 7 10575 32 2.000000000
2 147 7 10576 32 2.000000000
2 148 7 10577 32 2.000000000
2 149 7 10578 32 2.000000000
2 150 7 10579 32 2.000000000
2 151 7 10580 32 2.000000000
2 152 7 10581 32 2.000000000
2 153 7 10582 32 2.000000000
2 154 7 10583 32 2.000000000
2 155 7 10584 32 2.000000000
2 156 7 10585 32 2.000000000
2 157 7 10586 32 2.000000000
2 158 7 10587 32 2.000000000
2 159 7 10588 32 2.000000000
2 160 7 10589 32 2.000000000
2 161 7 10590 32 2.000000000
2 162 7 10591 32 2.000000000
2 163 7 10592 32 2.000000000
2 164 7 10593 32 2.000000000
2 165 7 10594 32 2.000000000
2 166 7 10595 32 2.000000000
2 167 7 10596 32 2.000000000
2 168 7 10597 32 2.000000000
2 169 7 10598 32 2.000000000
2 170 7 10599 32 2.000000000
2 171 7 10600 32 2.000000000
2 172 7 10601 32 2.000000000
2 173 7 10602 32 2.000000000
2 174 7 10603 32 2.000000000
2 175 7 10604 32 2.000000000
2 176 7 10605 32 2.000000000
2 177 7 10606 32 2.000000000
2 178 7 10607 32 2.000000000
2 179 7 10608 32 2.000000000
2 180 7 10609 32 2.000000000
2 181 7 10610 32 2.000000000
2 182 7 10611 32 2.000000000
2 183 7 10612 32 2.000000000
2 184 7 10613 32 2.000000000
2 185 7 10614 32 2.000000000
2 186 7 10615 32 2.000000000
2 187 7 10616 32 2.000000000
2 188 7 10617 32 2.000000000
2 189 7 10618 32 2.000000000
2 190 7 10619 32 2.000000000
2 191 7 10620 32 2.000000000
2 192 7 10621 32 2.000000000
2 193 7 10622 32 2.000000000
2 194 7 10623 32 2.000000000
2 195 7 10624 32 2.000000000
2 196 7 10625 32 2.000000000
2 197 7 10626 32 2.000000000
2 198 7 10627 32 2.000000000
2 199 7 10628 32 2.000000000
2 200 7 10629 32 2.000000000
2 201 7 10630 32 2.000000000
2 202 7 10631 32 2.000000000
2 203 7 10632 32 2.000000000
2 204 7 10633 32 2.000000000
2 205 7 10634 32 2.000000000
2 206 7 10635 32 2.000000000
2 207 7 10636 32 2.000000000
2 208 7 10637 32 2.000000000
2 209 7 10638 32 2.000000000
2 210 7 10639 32 2.000000000
2 211 7 10640 32 2.000000000
2 212 7 10641 32 2.000000000
2 213 7 10642 32 2.000000000
2 214 7 10643 32 2.000000000
2 215 7 10644 32 2.000000000
3 0 7 10645 32 2.000000000
3 1 7 10646 32 2.000000000
3 2 7 10647 32 2.000000000
3 4 7 10648 32 2.000000000
3 5 7 10649 32 2.000000000
3 6 7 10650 32 2.000000000
3 7 7 10651 32 2.000000000
3 8 7 10652 32 2.000000000
3 9 7 10653 32 2.000000000
3 10 7 10654 32 2.000000000
3 11 7 10655 32 2.000000000
3 12 7 10656 32 2.000000000
3 13 7 10657 32 2.000000000
3 14 7 10658 32 2.000000000
3 15 7 10659 32 2.000000000
3 16 7 10660 32 2.000000000
3 17 7 10661 32 2.000000000
3 18 7 10662 32 2.000000000
3 19 7 10663 32 2.000000000
3 20 7 10664 32 2.000000000
3 21 7 10665 32 2.000000000
3 22 7 10666 32 2.000000000
3 23 7 10667 32 2.000000000
3 24 7 10668 32 2.000000000
3 25 7 10669 32 2.000000000
3 26 7 10670 32 2.000000000
3 27 7 10671 32 2.000000000
3 28 7 10672 32 2.000000000
3 29 7 10673 32 2.000000000
3 30 7 10674 32 2.000000000
3 31 7 10675 32 2.000000000
3 32 7 10676 32 2.000000000
3 33 7 10677 32 2.000000000
3 34 7 10678 32 2.000000000
3 35 7 10679 32 2.000000000
3 36 7 10680 32 2.000000000
3 37 7 10681 32 2.000000000
3 38 7 10682 32 2.000000000
3 39 7 10683 32 2.000000000
3 40 7 10684 32 2.000000000
3 41 7 10685 32 2.000000000
3 42 7 10686 32 2.000000000
3 43 7 10687 32 2.000000000
3 44 7 10688 32 2.000000000
3 45 7 10689 32 2.000000000
3 46 7 10690 32 2.000000000
3 47 7 10691 32 2.000000000
3 48 7 10692 32 2.000000000
3 49 7 10693 32 2.000000000
3 50 7 10694 32 2.000000000
3 51 7 10695 32 2.000000000
3 52 7 10696 32 2.000000000
3 53 7 10697 32 2.000000000
3 54 7 10698 32 2.000000000
3 55 7 10699 32 2.000000000
3 56 7 10700 32 2.000000000
3 57 7 10701 32 2.000000000
3 58 7 10702 32 2.000000000
3 59 7 10703 32 2.000000000
3 60 7 10704 32 2.000000000
3 61 7 10705 32 2.000000000
3 62 7 10706 32 2.000000000
3 63 7 10707 32 2.000000000
3 64 7 10708 32 2.000000000
3 65 7 10709 32 2.000000000
3 66 7 10710 32 2.000000000
3 67 7 10711 32 2.000000000
3 68 7 10712 32 2.000000000
3 69 7 10713 32 2.000000000
3 70 7 10714 32 2.000000000
3 71 7 10715 32 2.000000000
3 72 7 10716 32 2.000000000
3 73 7 10717 32 2.000000000
3 74 7 10718 32 2.000000000
3 75 7 10719 32 2.000000000
3 76 7 10720 32 2.000000000
3 77 7 10721 32 2.000000000
3 78 7 10722 32 2.000000000
3 79 7 10723 32 2.000000000
3 80 7 10724 32 2.000000000
3 81 7 10725 32 2.000000000
3 82 7 10726 32 2.000000000
3 83 7 10727 32 2.000000000
3 84 7 10728 32 2.000000000
3 85 7 10729 32 2.000000000
3 86 7 10730 32 2.000000000
3 87 7 10731 32 2.000000000
3 88 7 10732 32 2.000000000
3 89 7 10733 32 2.000000000
3 90 7 10734 32 2.000000000
3 91 7 10735 32 2.000000000
3 92 7 10736 32 2.000000000
3 93 7 10737 32 2.000000000
3 94 7 10738 32 2.000000000
3 95 7 10739 32 2.000000000
3 96 7 10740 32 2.000000000
3 97 7 10741 32 2.000000000
3 98 7 10742 32 2.000000000
3 99 7 10743 32 2.000000000
3 100 7 10744 32 2.000000000
3 101 7 10745 32 2.000000000
3 102 7 10746 32 2.000000000
3 103 7 10747 32 2.000000000
3 104 7 10748 32 2.000000000
3 105 7 10749 32 2.000000000
3 106 7 10750 32 2.000000000
3 107 7 10751 32 2.000000000
3 108 7 10752 32 2.000000000
3 109 7 10753 32 2.000000000
3 110 7 10754 32 2.000000000
3 111 7 10755 32 2.000000000
3 112 7 10756 32 2.000000000
3 113 7 10757 32 2.000000000
3 114 7 10758 32 2.000000000
3 115 7 10759 32 2.000000000
3 116 7 10760 32 2.000000000
3 117 7 10761 32 2.000000000
3 118 7 10762 32 2.000000000
3 119 7 10763 32 2.000000000
3 120 7 10764 32 2.000000000
3 121 7 10765 32 2.000000000
3 122 7 10766 32 2.000000000
3 123 7 10767 32 2.000000000
3 124 7 10768 32 2.000000000
3 125 7 10769 32 2.000000000
3 126 7 10770 32 2.000000000
3 127 7 10771 32 2.000000000
3 128 7 10772 32 2.000000000
3 129 7 10773 32 2.000000000
3 130 7 10774 32 2.000000000
3 131 7 10775 32 2.000000000
3 132 7 10776 32 2.000000000
3 133 7 10777 32 2.000000000
3 134 7 10778 32 2.000000000
3 135 7 10779 32 2.000000000
3 136 7 10780 32 2.000000000
3 137 7 10781 32 2.000000000
3 138 7 10782 32 2.000000000
3 139 7 10783 32 2.000000000
3 140 7 10784 32 2.000000000
3 141 7 10785 32 2.000000000
3 142 7 10786 32 2.000000000
3 143 7 10787 32 2.000000000
3 144 7 10788 32 2.000000000
3 145 7 10789 32 2.000000000
3 146 7 10790 32 2.000000000
3 147 7 10791 32 2.000000000
3 148 7 10792 32 2.000000000
3 149 7 10793 32 2.000000000
3 150 7 10794 32 2.000000000
3 151 7 10795 32 2.000000000
3 152 7 10796 32 2.000000000
3 153 7 10797 32 2.000000000
3 154 7 10798 32 2.000000000
3 155 7 10799 32 2.000000000
3 156 7 10800 32 2.000000000
3 157 7 10801 32 2.000000000
3 158 7 10802 32 2.000000000
3 159 7 10803 32 2.000000000
3 160 7 10804 32 2.000000000
3 161 7 10805 32 2.000000000
3 162 7 10806 32 2.000000000
3 163 7 10807 32 2.000000000
3 164 7 10808 32 2.000000000
3 165 7 10809 32 2.000000000
3 166 7 10810 32 2.000000000
3 167 7 10811 32 2.000000000
3 168 7 10812 32 2.000000000
3 169 7 10813 32 2.000000000
3 170 7 10814 32 2.000000000
3 171 7 10815 32 2.000000000
3 172 7 10816 32 2.000000000
3 173 7 10817 32 2.000000000
3 174 7 10818 32 2.000000000
3 175 7 10819 32 2.000000000
3 176 7 10820 32 2.000000000
3 177 7 10821 32 2.000000000
3 178 7 10822 32 2.000000000
3 179 7 10823 32 2.000000000
3 180 7 10824 32 2.000000000
3 181 7 10825 32 2.000000000
3 182 7 10826 32 2.000000000
3 183 7 10827 32 2.000000000
3 184 7 10828 32 2.000000000
3 185 7 10829 32 2.000000000
3 186 7 10830 32 2.000000000
3 187 7 10831 32 2.000000000
3 188 7 10832 32 2.000000000
3 189 7 10833 32 2.000000000
3 190 7 10834 32 2.000000000
3 191 7 10835 32 2.000000000
3 192 7 10836 32 2.000000000
3 193 7 10837 32 2.000000000
3 194 7 10838 32 2.000000000
3 195 7 10839 32 2.000000000
3 196 7 10840 32 2.000000000
3 197 7 10841 32 2.000000000
3 198 7 10842 32 2.000000000
3 199 7 10843 32 2.000000000
3 200 7 10844 32 2.000000000
3 201 7 10845 32 2.000000000
3 202 7 10846 32 2.000000000
3 203 7 10847 32 2.000000000
3 204 7 10848 32 2.000000000
3 205 7 10849 32 2.000000000
3 206 7 10850 32 2.000000000
3 207 7 10851 32 2.000000000
3 208 7 10852 32 2.000000000
3 209 7 10853 32 2.000000000
3 210 7 10854 32 2.000000000
3 211 7 10855 32 2.000000000
3 212 7 10856 32 2.000000000
3 213 7 10857 32 2.000000000
3 214 7 10858 32 2.000000000
3 215 7 10859 32 2.000000000
4 0 7 10860 32 2.000000000
4 1 7 10861 32 2.000000000
4 2 7 10862 32 2.000000000
4 3 7 10863 32 2.000000000
4 5 7 10864 32 2.000000000
4 6 7 10865 32 2.000000000
4 7 7 10866 32 2.000000000
4 8 7 10867 32 2.000000000
4 9 7 10868 32 2.000000000
4 10 7 10869 32 2.000000000
4 11 7 10870 32 2.000000000
4 12 7 10871 32 2.000000000
4 13 7 10872 32 2.000000000
4 14 7 10873 32 2.000000000
4 15 7 10874 32 2.000000000
4 16 7 10875 32 2.000000000
4 17 7 10876 32 2.000000000
4 18 7 10877 32 2.000000000
4 19 7 10878 32 2.000000000
4 20 7 10879 32 2.000000000
4 21 7 10880 32 2.000000000
4 22 7 10881 32 2.000000000
4 23 7 10882 32 2.000000000
4 24 7 10883 32 2.000000000
4 25 7 10884 32 2.000000000
4 26 7 10885 32 2.000000000
4 27 7 10886 32 2.000000000
4 28 7 10887 32 2.000000000
4 29 7 10888 32 2.000000000
4 30 7 10889 32 2.000000000
4 31 7 10890 32 2.000000000
4 32 7 10891 32 2.000000000
4 33 7 10892 32 2.000000000
4 34 7 10893 32 2.000000000
4 35 7 10894 32 2.000000000
4 36 7 10895 32 2.000000000
4 37 7 10896 32 2.000000000
4 38 7 10897 32 2.000000000
4 39 7 10898 32 2.000000000
4 40 7 10899 32 2.000000000
4 41 7 10900 32 2.000000000
4 42 7 10901 32 2.000000000
4 43 7 10902 32 2.000000000
4 44 7 10903 32 2.000000000
4 45 7 10904 32 2.000000000
4 46 7 10905 32 2.000000000
4 47 7 10906 32 2.000000000
4 48 7 10907 32 2.000000000
4 49 7 10908 32 2.000000000
4 50 7 10909 32 2.000000000
4 51 7 10910 32 2.000000000
4 52 7 10911 32 2.000000000
4 53 7 10912 32 2.000000000
4 54 7 10913 32 2.000000000
4 55 7 10914 32 2.000000000
4 56 7 10915 32 2.000000000
4 57 7 10916 32 2.000000000
4 58 7 10917 32 2.000000000
4 59 7 10918 32 2.000000000
4 60 7 10919 32 2.000000000
4 61 7 10920 32 2.000000000
4 62 7 10921 32 2.000000000
4 63 7 10922 32 2.000000000
4 64 7 10923 32 2.000000000
4 65 7 10924 32 2.000000000
4 66 7 10925 32 2.000000000
4 67 7 10926 32 2.000000000
4 68 7 10927 32 2.000000000
4 69 7 10928 32 2.000000000
4 70 7 10929 32 2.000000000
4 71 7 10930 32 2.000000000
4 72 7 10931 32 2.000000000
4 73 7 10932 32 2.000000000
4 74 7 10933 32 2.000000000
4 75 7 10934 32 2.000000000
4 76 7 10935 32 2.000000000
4 77 7 10936 32 2.000000000
4 78 7 10937 32 2.000000000
4 79 7 10938 32 2.000000000
4 80 7 10939 32 2.000000000
4 81 7 10940 32 2.000000000
4 82 7 10941 32 2.000000000
4 83 7 10942 32 2.000000000
4 84 7 10943 32 2.000000000
4 85 7 10944 32 2.000000000
4 86 7 10945 32 2.000000000
4 87 7 10946 32 2.000000000
4 88 7 10947 32 2.000000000
4 89 7 10948 32 2.000000000
4 90 7 10949 32 2.000000000
4 91 7 10950 32 2.000000000
4 92 7 10951 32 2.000000000
4 93 7 10952 32 2.000000000
4 94 7 10953 32 2.000000000
4 95 7 10954 32 2.000000000
4 96 7 10955 32 2.000000000
4 97 7 10956 32 2.000000000
4 98 7 10957 32 2.000000000
4 99 7 10958 32 2.000000000
4 100 7 10959 32 2.000000000
4 101 7 10960 32 2.000000000
4 102 7 10961 32 2.000000000
4 103 7 10962 32 2.000000000
4 104 7 10963 32 2.000000000
4 105 7 10964 32 2.000000000
4 106 7 10965 32 2.000000000
4 107 7 10966 32 2.000000000
4 108 7 10967 32 2.000000000
4 109 7 10968 32 2.000000000
4 110 7 10969 32 2.000000000
4 111 7 10970 32 2.000000000
4 112 7 10971 32 2.000000000
4 113 7 10972 32 2.000000000
4 114 7 10973 32 2.000000000
4 115 7 10974 32 2.000000000
4 116 7 10975 32 2.000000000
4 117 7 10976 32 2.000000000
4 118 7 10977 32 2.000000000
4 119 7 10978 32 2.000000000
4 120 7 10979 32 2.000000000
4 121 7 10980 32 2.000000000
4 122 7 10981 32 2.000000000
4 123 7 10982 32 2.000000000
4 124 7 10983 32 2.000000000
4 125 7 10984 32 2.000000000
4 126 7 10985 32 2.000000000
4 127 7 10986 32 2.000000000
4 128 7 10987 32 2.000000000
4 129 7 10988 32 2.000000000
4 130 7 10989 32 2.000000000
4 131 7 10990 32 2.000000000
4 132 7 10991 32 2.000000000
4 133 7 10992 32 2.000000000
4 134 7 10993 32 2.000000000
4 135 7 10994 32 2.000000000
4 136 7 10995 32 2.000000000
4 137 7 10996 32 2.000000000
4 138 7 10997 32 2.000000000
4 139 7 10998 32 2.000000000
4 140 7 10999 32 2.000000000
4 141 7 11000 32 2.000000000
4 142 7 11001 32 2.000000000
4 143 7 11002 32 2.000000000
4 144 7 11003 32 2.000000000
4 145 7 11004 32 2.000000000
4 146 7 11005 32 2.000000000
4 147 7 11006 32 2.000000000
4 148 7 11007 32 2.000000000
4 149 7 11008 32 2.000000000
4 150 7 11009 32 2.000000000
4 151 7 11010 32 2.000000000
4 152 7 11011 32 2.000000000
4 153 7 11012 32 2.000000000
4 154 7 11013 32 2.000000000
4 155 7 11014 32 2.000000000
4 156 7 11015 32 2.000000000
4 157 7 11016 32 2.000000000
4 158 7 11017 32 2.000000000
4 159 7 11018 32 2.000000000
4 160 7 11019 32 2.000000000
4 161 7 11020 32 2.000000000
4 162 7 11021 32 2.000000000
4 163 7 11022 32 2.000000000
4 164 7 11023 32 2.000000000
4 165 7 11024 32 2.000000000
4 166 7 11025 32 2.000000000
4 167 7 11026 32 2.000000000
4 168 7 11027 32 2.000000000
4 169 7 11028 32 2.000000000
4 170 7 11029 32 2.000000000
4 171 7 11030 32 2.000000000
4 172 7 11031 32 2.000000000
4 173 7 11032 32 2.000000000
4 174 7 11033 32 2.000000000
4 175 7 11034 32 2.000000000
4 176 7 11035 32 2.000000000
4 177 7 11036 32 2.000000000
4 178 7 11037 32 2.000000000
4 179 7 11038 32 2.000000000
4 180 7 11039 32 2.000000000
4 181 7 11040 32 2.000000000
4 182 7 11041 32 2.000000000
4 183 7 11042 32 2.000000000
4 184 7 11043 32 2.000000000
4 185 7 11044 32 2.000000000
4 186 7 11045 32 2.000000000
4 187 7 11046 32 2.000000000
4 188 7 11047 32 2.000000000
4 189 7 11048 32 2.000000000
4 190 7 11049 32 2.000000000
4 191 7 11050 32 2.000000000
4 192 7 11051 32 2.000000000
4 193 7 11052 32 2.000000000
4 194 7 11053 32 2.000000000
4 195 7 11054 32 2.000000000
4 196 7 11055 32 2.000000000
4 197 7 11056 32 2.000000000
4 198 7 11057 32 2.000000000
4 199 7 11058 32 2.000000000
4 200 7 11059 32 2.000000000
4 201 7 11060 32 2.000000000
4 202 7 11061 32 2.000000000
4 203 7 11062 32 2.000000000
4 204 7 11063 32 2.000000000
4 205 7 11064 32 2.000000000
4 206 7 11065 32 2.000000000
4 207 7 11066 32 2.000000000
4 208 7 11067 32 2.000000000
4 209 7 11068 32 2.000000000
4 210 7 11069 32 2.000000000
4 211 7 11070 32 2.000000000
4 212 7 11071 32 2.000000000
4 213 7 11072 32 2.000000000
4 214 7 11073 32 2.000000000
4 215 7 11074 32 2.000000000
5 0 7 11075 32 2.000000000
5 1 7 11076 32 2.000000000
5 2 7 11077 32 2.000000000
5 3 7 11078 32 2.000000000
5 4 7 11079 32 2.000000000
5 6 7 11080 32 2.000000000
5 7 7 11081 32 2.000000000
5 8 7 11082 32 2.000000000
5 9 7 11083 32 2.000000000
5 10 7 11084 32 2.000000000
5 11 7 11085 32 2.000000000
5 12 7 11086 32 2.000000000
5 13 7 11087 32 2.000000000
5 14 7 11088 32 2.000000000
5 15 7 11089 32 2.000000000
5 16 7 11090 32 2.000000000
5 17 7 11091 32 2.000000000
5 18 7 11092 32 2.000000000
5 19 7 11093 32 2.000000000
5 20 7 11094 32 2.000000000
5 21 7 11095 32 2.000000000
5 22 7 11096 32 2.000000000
5 23 7 11097 32 2.000000000
5 24 7 11098 32 2.000000000
5 25 7 11099 32 2.000000000
5 26 7 11100 32 2.000000000
5 27 7 11101 32 2.000000000
5 28 7 11102 32 2.000000000
5 29 7 11103 32 2.000000000
5 30 7 11104 32 2.000000000
5 31 7 11105 32 2.000000000
5 32 7 11106 32 2.000000000
5 33 7 11107 32 2.000000000
5 34 7 11108 32 2.000000000
5 35 7 11109 32 2.000000000
5 36 7 11110 32 2.000000000
5 37 7 11111 32 2.000000000
5 38 7 11112 32 2.000000000
5 39 7 11113 32 2.000000000
5 40 7 11114 32 2.000000000
5 41 7 11115 32 2.000000000
5 42 7 11116 32 2.000000000
5 43 7 11117 32 2.000000000
5 44 7 11118 32 2.000000000
5 45 7 11119 32 2.000000000
5 46 7 11120 32 2.000000000
5 47 7 11121 32 2.000000000
5 48 7 11122 32 2.000000000
5 49 7 11123 32 2.000000000
5 50 7 11124 32 2.000000000
5 51 7 11125 32 2.000000000
5 52 7 11126 32 2.000000000
5 53 7 11127 32 2.000000000
5 54 7 11128 32 2.000000000
5 55 7 11129 32 2.000000000
5 56 7 11130 32 2.000000000
5 57 7 11131 32 2.000000000
5 58 7 11132 32 2.000000000
5 59 7 11133 32 2.000000000
5 60 7 11134 32 2.000000000
5 61 7 11135 32 2.000000000
5 62 7 11136 32 2.000000000
5 63 7 11137 32 2.000000000
5 64 7 11138 32 2.000000000
5 65 7 11139 32 2.000000000
5 66 7 11140 32 2.000000000
5 67 7 11141 32 2.000000000
5 68 7 11142 32 2.000000000
5 69 7 11143 32 2.000000000
5 70 7 11144 32 2.000000000
5 71 7 11145 32 2.000000000
5 72 7 11146 32 2.000000000
5 73 7 11147 32 2.000000000
5 74 7 11148 32 2.000000000
5 75 7 11149 32 2.000000000
5 76 7 11150 32 2.000000000
5 77 7 11151 32 2.000000000
5 78 7 11152 32 2.000000000
5 79 7 11153 32 2.000000000
5 80 7 11154 32 2.000000000
5 81 7 11155 32 2.000000000
5 82 7 11156 32 2.000000000
5 83 7 11157 32 2.000000000
5 84 7 11158 32 2.000000000
5 85 7 11159 32 2.000000000
5 86 7 11160 32 2.000000000
5 87 7 11161 32 2.000000000
5 88 7 11162 32 2.000000000
5 89 7 11163 32 2.000000000
5 90 7 11164 32 2.000000000
5 91 7 11165 32 2.000000000
5 92 7 11166 32 2.000000000
5 93 7 11167 32 2.000000000
5 94 7 11168 32 2.000000000
5 95 7 11169 32 2.000000000
5 96 7 11170 32 2.000000000
5 97 7 11171 32 2.000000000
5 98 7 11172 32 2.000000000
5 99 7 11173 32 2.000000000
5 100 7 11174 32 2.000000000
5 101 7 11175 32 2.000000000
5 102 7 11176 32 2.000000000
5 103 7 11177 32 2.000000000
5 104 7 11178 32 2.000000000
5 105 7 11179 32 2.000000000
5 106 7 11180 32 2.000000000
5 107 7 11181 32 2.000000000
5 108 7 11182 32 2.000000000
5 109 7 11183 32 2.000000000
5 110 7 11184 32 2.000000000
5 111 7 11185 32 2.000000000
5 112 7 11186 32 2.000000000
5 113 7 11187 32 2.000000000
5 114 7 11188 32 2.000000000
5 115 7 11189 32 2.000000000
5 116 7 11190 32 2.000000000
5 117 7 11191 32 2.000000000
5 118 7 11192 32 2.000000000
5 119 7 11193 32 2.000000000
5 120 7 11194 32 2.000000000
5 121 7 11195 32 2.000000000
5 122 7 11196 32 2.000000000
5 123 7 11197 32 2.000000000
5 124 7 11198 32 2.000000000
5 125 7 11199 32 2.000000000
5 126 7 11200 32 2.000000000
5 127 7 11201 32 2.000000000
5 128 7 11202 32 2.000000000
5 129 7 11203 32 2.000000000
5 130 7 11204 32 2.000000000
5 131 7 11205 32 2.000000000
5 132 7 11206 32 2.000000000
5 133 7 11207 32 2.000000000
5 134 7 11208 32 2.000000000
5 135 7 11209 32 2.000000000
5 136 7 11210 32 2.000000000
5 137 7 11211 32 2.000000000
5 138 7 11212 32 2.000000000
5 139 7 11213 32 2.000000000
5 140 7 11214 32 2.000000000
5 141 7 11215 32 2.000000000
5 142 7 11216 32 2.000000000
5 143 7 11217 32 2.000000000
5 144 7 11218 32 2.000000000
5 145 7 11219 32 2.000000000
5 146 7 11220 32 2.000000000
5 147 7 11221 32 2.000000000
5 148 7 11222 32 2.000000000
5 149 7 11223 32 2.000000000
5 150 7 11224 32 2.000000000
5 151 7 11225 32 2.000000000
5 152 7 11226 32 2.000000000
5 153 7 11227 32 2.000000000
5 154 7 11228 32 2.000000000
5 155 7 11229 32 2.000000000
5 156 7 11230 32 2.000000000
5 157 7 11231 32 2.000000000
5 158 7 11232 32 2.000000000
5 159 7 11233 32 2.000000000
5 160 7 11234 32 2.000000000
5 161 7 11235 32 2.000000000
5 162 7 11236 32 2.000000000
5 163 7 11237 32 2.000000000
5 164 7 11238 32 2.000000000
5 165 7 11239 32 2.000000000
5 166 7 11240 32 2.000000000
5 167 7 11241 32 2.000000000
5 168 7 11242 32 2.000000000
5 169 7 11243 32 2.000000000
5 170 7 11244 32 2.000000000
5 171 7 11245 32 2.000000000
5 172 7 11246 32 2.000000000
5 173 7 11247 32 2.000000000
5 174 7 11248 32 2.000000000
5 175 7 11249 32 2.000000000
5 176 7 11250 32 2.000000000
5 177 7 11251 32 2.000000000
5 178 7 11252 32 2.000000000
5 179 7 11253 32 2.000000000
5 180 7 11254 32 2.000000000
5 181 7 11255 32 2.000000000
5 182 7 11256 32 2.000000000
5 183 7 11257 32 2.000000000
5 184 7 11258 32 2.000000000
5 185 7 11259 32 2.000000000
5 186 7 11260 32 2.000000000
5 187 7 11261 32 2.000000000
5 188 7 11262 32 2.000000000
5 189 7 11263 32 2.000000000
5 190 7 11264 32 2.000000000
5 191 7 11265 32 2.000000000
5 192 7 11266 32 2.000000000
5 193 7 11267 32 2.000000000
5 194 7 11268 32 2.000000000
5 195 7 11269 32 2.000000000
5 196 7 11270 32 2.000000000
5 197 7 11271 32 2.000000000
5 198 7 11272 32 2.000000000
5 199 7 11273 32 2.000000000
5 200 7 11274 32 2.000000000
5 201 7 11275 32 2.000000000
5 202 7 11276 32 2.000000000
5 203 7 11277 32 2.000000000
5 204 7 11278 32 2.000000000
5 205 7 11279 32 2.000000000
5 206 7 11280 32 2.000000000
5 207 7 11281 32 2.000000000
5 208 7 11282 32 2.000000000
5 209 7 11283 32 2.000000000
5 210 7 11284 32 2.000000000
5 211 7 11285 32 2.000000000
5 212 7 11286 32 2.000000000
5 213 7 11287 32 2.000000000
5 214 7 11288 32 2.000000000
5 215 7 11289 32 2.000000000
