1260
0 1 7 10000 4 2.000000000
0 2 7 10001 4 2.000000000
0 3 7 10002 4 2.000000000
0 4 7 10003 4 2.000000000
0 5 7 10004 4 2.000000000
0 6 7 10005 4 2.000000000
0 7 7 10006 4 2.000000000
0 8 7 10007 4 2.000000000
0 9 7 10008 4 2.000000000
0 10 7 10009 4 2.000000000
0 11 7 10010 4 2.000000000
0 12 7 10011 4 2.000000000
0 13 7 10012 4 2.000000000
0 14 7 10013 4 2.000000000
0 15 7 10014 4 2.000000000
0 16 7 10015 4 2.000000000
0 17 7 10016 4 2.000000000
0 18 7 10017 4 2.000000000
0 19 7 10018 4 2.000000000
0 20 7 10019 4 2.000000000
0 21 7 10020 4 2.000000000
0 22 7 10021 4 2.000000000
0 23 7 10022 4 2.000000000
0 24 7 10023 4 2.000000000
0 25 7 10024 4 2.000000000
0 26 7 10025 4 2.000000000
0 27 7 10026 4 2.000000000
0 28 7 10027 4 2.000000000
0 29 7 10028 4 2.000000000
0 30 7 10029 4 2.000000000
0 31 7 10030 4 2.000000000
0 32 7 10031 4 2.000000000
0 33 7 10032 4 2.000000000
0 34 7 10033 4 2.000000000
0 35 7 10034 4 2.000000000
1 0 7 10035 4 2.000000000
1 2 7 10036 4 2.000000000
1 3 7 10037 4 2.000000000
1 4 7 10038 4 2.000000000
1 5 7 10039 4 2.000000000
1 6 7 10040 4 2.000000000
1 7 7 10041 4 2.000000000
1 8 7 10042 4 2.000000000
1 9 7 10043 4 2.000000000
1 10 7 10044 4 2.000000000
1 11 7 10045 4 2.000000000
1 12 7 10046 4 2.000000000
1 13 7 10047 4 2.000000000
1 14 7 10048 4 2.000000000
1 15 7 10049 4 2.000000000
1 16 7 10050 4 2.000000000
1 17 7 10051 4 2.000000000
1 18 7 10052 4 2.000000000
1 19 7 10053 4 2.000000000
1 20 7 10054 4 2.000000000
1 21 7 10055 4 2.000000000
1 22 7 10056 4 2.000000000
1 23 7 10057 4 2.000000000
1 24 7 10058 4 2.000000000
1 25 7 10059 4 2.000000000
1 26 7 10060 4 2.000000000
1 27 7 10061 4 2.000000000
1 28 7 10062 4 2.000000000
1 29 7 10063 4 2.000000000
1 30 7 10064 4 2.000000000
1 31 7 10065 4 2.000000000
1 32 7 10066 4 2.000000000
1 33 7 10067 4 2.000000000
1 34 7 10068 4 2.000000000
1 35 7 10069 4 2.000000000
2 0 7 10070 4 2.000000000
2 1 7 10071 4 2.000000000
2 3 7 10072 4 2.000000000
2 4 7 10073 4 2.000000000
2 5 7 10074 4 2.000000000
2 6 7 10075 4 2.000000000
2 7 7 10076 4 2.000000000
2 8 7 10077 4 2.000000000
2 9 7 10078 4 2.000000000
2 10 7 10079 4 2.000000000
2 11 7 10080 4 2.000000000
2 12 7 10081 4 2.000000000
2 13 7 10082 4 2.000000000
2 14 7 10083 4 2.000000000
2 15 7 10084 4 2.000000000
2 16 7 10085 4 2.000000000
2 17 7 10086 4 2.000000000
2 18 7 10087 4 2.000000000
2 19 7 10088 4 2.000000000
2 20 7 10089 4 2.000000000
2 21 7 10090 4 2.000000000
2 22 7 10091 4 2.000000000
2 23 7 10092 4 2.000000000
2 24 7 10093 4 2.000000000
2 25 7 10094 4 2.000000000
2 26 7 10095 4 2.000000000
2 27 7 10096 4 2.000000000
2 28 7 10097 4 2.000000000
2 29 7 10098 4 2.000000000
2 30 7 10099 4 2.000000000
2 31 7 10100 4 2.000000000
2 32 7 10101 4 2.000000000
2 33 7 10102 4 2.000000000
2 34 7 10103 4 2.000000000
2 35 7 10104 4 2.000000000
3 0 7 10105 4 2.000000000
3 1 7 10106 4 2.000000000
3 2 7 10107 4 2.000000000
3 4 7 10108 4 2.000000000
3 5 7 10109 4 2.000000000
3 6 7 10110 4 2.000000000
3 7 7 10111 4 2.000000000
3 8 7 10112 4 2.000000000
3 9 7 10113 4 2.000000000
3 10 7 10114 4 2.000000000
3 11 7 10115 4 2.000000000
3 12 7 10116 4 2.000000000
3 13 7 10117 4 2.000000000
3 14 7 10118 4 2.000000000
3 15 7 10119 4 2.000000000
3 16 7 10120 4 2.000000000
3 17 7 10121 4 2.000000000
3 18 7 10122 4 2.000000000
3 19 7 10123 4 2.000000000
3 20 7 10124 4 2.000000000
3 21 7 10125 4 2.000000000
3 22 7 10126 4 2.000000000
3 23 7 10127 4 2.000000000
3 24 7 10128 4 2.000000000
3 25 7 10129 4 2.000000000
3 26 7 10130 4 2.000000000
3 27 7 10131 4 2.000000000
3 28 7 10132 4 2.000000000
3 29 7 10133 4 2.000000000
3 30 7 10134 4 2.000000000
3 31 7 10135 4 2.000000000
3 32 7 10136 4 2.000000000
3 33 7 10137 4 2.000000000
3 34 7 10138 4 2.000000000
3 35 7 10139 4 2.000000000
4 0 7 10140 4 2.000000000
4 1 7 10141 4 2.000000000
4 2 7 10142 4 2.000000000
4 3 7 10143 4 2.000000000
4 5 7 10144 4 2.000000000
4 6 7 10145 4 2.000000000
4 7 7 10146 4 2.000000000
4 8 7 10147 4 2.000000000
4 9 7 10148 4 2.000000000
4 10 7 10149 4 2.000000000
4 11 7 10150 4 2.000000000
4 12 7 10151 4 2.000000000
4 13 7 10152 4 2.000000000
4 14 7 10153 4 2.000000000
4 15 7 10154 4 2.000000000
4 16 7 10155 4 2.000000000
4 17 7 10156 4 2.000000000
4 18 7 10157 4 2.000000000
4 19 7 10158 4 2.000000000
4 20 7 10159 4 2.000000000
4 21 7 10160 4 2.000000000
4 22 7 10161 4 2.000000000
4 23 7 10162 4 2.000000000
4 24 7 10163 4 2.000000000
4 25 7 10164 4 2.000000000
4 26 7 10165 4 2.000000000
4 27 7 10166 4 2.000000000
4 28 7 10167 4 2.000000000
4 29 7 10168 4 2.000000000
4 30 7 10169 4 2.000000000
4 31 7 10170 4 2.000000000
4 32 7 10171 4 2.000000000
4 33 7 10172 4 2.000000000
4 34 7 10173 4 2.000000000
4 35 7 10174 4 2.000000000
5 0 7 10175 4 2.000000000
5 1 7 10176 4 2.000000000
5 2 7 10177 4 2.000000000
5 3 7 10178 4 2.000000000
5 4 7 10179 4 2.000000000
5 6 7 10180 4 2.000000000
5 7 7 10181 4 2.000000000
5 8 7 10182 4 2.000000000
5 9 7 10183 4 2.000000000
5 10 7 10184 4 2.000000000
5 11 7 10185 4 2.000000000
5 12 7 10186 4 2.000000000
5 13 7 10187 4 2.000000000
5 14 7 10188 4 2.000000000
5 15 7 10189 4 2.000000000
5 16 7 10190 4 2.000000000
5 17 7 10191 4 2.000000000
5 18 7 10192 4 2.000000000
5 19 7 10193 4 2.000000000
5 20 7 10194 4 2.000000000
5 21 7 10195 4 2.000000000
5 22 7 10196 4 2.000000000
5 23 7 10197 4 2.000000000
5 24 7 10198 4 2.000000000
5 25 7 10199 4 2.000000000
5 26 7 10200 4 2.000000000
5 27 7 10201 4 2.000000000
5 28 7 10202 4 2.000000000
5 29 7 10203 4 2.000000000
5 30 7 10204 4 2.000000000
5 31 7 10205 4 2.000000000
5 32 7 10206 4 2.000000000
5 33 7 10207 4 2.000000000
5 34 7 10208 4 2.000000000
5 35 7 10209 4 2.000000000
6 0 7 10210 4 2.000000000
6 1 7 10211 4 2.000000000
6 2 7 10212 4 2.000000000
6 3 7 10213 4 2.000000000
6 4 7 10214 4 2.000000000
6 5 7 10215 4 2.000000000
6 7 7 10216 4 2.000000000
6 8 7 10217 4 2.000000000
6 9 7 10218 4 2.000000000
6 10 7 10219 4 2.000000000
6 11 7 10220 4 2.000000000
6 12 7 10221 4 2.000000000
6 13 7 10222 4 2.000000000
6 14 7 10223 4 2.000000000
6 15 7 10224 4 2.000000000
6 16 7 10225 4 2.000000000
6 17 7 10226 4 2.000000000
6 18 7 10227 4 2.000000000
6 19 7 10228 4 2.000000000
6 20 7 10229 4 2.000000000
6 21 7 10230 4 2.000000000
6 22 7 10231 4 2.000000000
6 23 7 10232 4 2.000000000
6 24 7 10233 4 2.000000000
6 25 7 10234 4 2.000000000
6 26 7 10235 4 2.000000000
6 27 7 10236 4 2.000000000
6 28 7 10237 4 2.000000000
6 29 7 10238 4 2.000000000
6 30 7 10239 4 2.000000000
6 31 7 10240 4 2.000000000
6 32 7 10241 4 2.000000000
6 33 7 10242 4 2.000000000
6 34 7 10243 4 2.000000000
6 35 7 10244 4 2.000000000
7 0 7 10245 4 2.000000000
7 1 7 10246 4 2.000000000
7 2 7 10247 4 2.000000000
7 3 7 10248 4 2.000000000
7 4 7 10249 4 2.000000000
7 5 7 10250 4 2.000000000
7 6 7 10251 4 2.000000000
7 8 7 10252 4 2.000000000
7 9 7 10253 4 2.000000000
7 10 7 10254 4 2.000000000
7 11 7 10255 4 2.000000000
7 12 7 10256 4 2.000000000
7 13 7 10257 4 2.000000000
7 14 7 10258 4 2.000000000
7 15 7 10259 4 2.000000000
7 16 7 10260 4 2.000000000
7 17 7 10261 4 2.000000000
7 18 7 10262 4 2.000000000
7 19 7 10263 4 2.000000000
7 20 7 10264 4 2.000000000
7 21 7 10265 4 2.000000000
7 22 7 10266 4 2.000000000
7 23 7 10267 4 2.000000000
7 24 7 10268 4 2.000000000
7 25 7 10269 4 2.000000000
7 26 7 10270 4 2.000000000
7 27 7 10271 4 2.000000000
7 28 7 10272 4 2.000000000
7 29 7 10273 4 2.000000000
7 30 7 10274 4 2.000000000
7 31 7 10275 4 2.000000000
7 32 7 10276 4 2.000000000
7 33 7 10277 4 2.000000000
7 34 7 10278 4 2.000000000
7 35 7 10279 4 2.000000000
8 0 7 10280 4 2.000000000
8 1 7 10281 4 2.000000000
8 2 7 10282 4 2.000000000
8 3 7 10283 4 2.000000000
8 4 7 10284 4 2.000000000
8 5 7 10285 4 2.000000000
8 6 7 10286 4 2.000000000
8 7 7 10287 4 2.000000000
8 9 7 10288 4 2.000000000
8 10 7 10289 4 2.000000000
8 11 7 10290 4 2.000000000
8 12 7 10291 4 2.000000000
8 13 7 10292 4 2.000000000
8 14 7 10293 4 2.000000000
8 15 7 10294 4 2.000000000
8 16 7 10295 4 2.000000000
8 17 7 10296 4 2.000000000
8 18 7 10297 4 2.000000000
8 19 7 10298 4 2.000000000
8 20 7 10299 4 2.000000000
8 21 7 10300 4 2.000000000
8 22 7 10301 4 2.000000000
8 23 7 10302 4 2.000000000
8 24 7 10303 4 2.000000000
8 25 7 10304 4 2.000000000
8 26 7 10305 4 2.000000000
8 27 7 10306 4 2.000000000
8 28 7 10307 4 2.000000000
8 29 7 10308 4 2.000000000
8 30 7 10309 4 2.000000000
8 31 7 10310 4 2.000000000
8 32 7 10311 4 2.000000000
8 33 7 10312 4 2.000000000
8 34 7 10313 4 2.000000000
8 35 7 10314 4 2.000000000
9 0 7 10315 4 2.000000000
9 1 7 10316 4 2.000000000
9 2 7 10317 4 2.000000000
9 3 7 10318 4 2.000000000
9 4 7 10319 4 2.000000000
9 5 7 10320 4 2.000000000
9 6 7 10321 4 2.000000000
9 7 7 10322 4 2.000000000
9 8 7 10323 4 2.000000000
9 10 7 10324 4 2.000000000
9 11 7 10325 4 2.000000000
9 12 7 10326 4 2.000000000
9 13 7 10327 4 2.000000000
9 14 7 10328 4 2.000000000
9 15 7 10329 4 2.000000000
9 16 7 10330 4 2.000000000
9 17 7 10331 4 2.000000000
9 18 7 10332 4 2.000000000
9 19 7 10333 4 2.000000000
9 20 7 10334 4 2.000000000
9 21 7 10335 4 2.000000000
9 22 7 10336 4 2.000000000
9 23 7 10337 4 2.000000000
9 24 7 10338 4 2.000000000
9 25 7 10339 4 2.000000000
9 26 7 10340 4 2.000000000
9 27 7 10341 4 2.000000000
9 28 7 10342 4 2.000000000
9 29 7 10343 4 2.000000000
9 30 7 10344 4 2.000000000
9 31 7 10345 4 2.000000000
9 32 7 10346 4 2.000000000
9 33 7 10347 4 2.000000000
9 34 7 10348 4 2.000000000
9 35 7 10349 4 2.000000000
10 0 7 10350 4 2.000000000
10 1 7 10351 4 2.000000000
10 2 7 10352 4 2.000000000
10 3 7 10353 4 2.000000000
10 4 7 10354 4 2.000000000
10 5 7 10355 4 2.000000000
10 6 7 10356 4 2.000000000
10 7 7 10357 4 2.000000000
10 8 7 10358 4 2.000000000
10 9 7 10359 4 2.000000000
10 11 7 10360 4 2.000000000
10 12 7 10361 4 2.000000000
10 13 7 10362 4 2.000000000
10 14 7 10363 4 2.000000000
10 15 7 10364 4 2.000000000
10 16 7 10365 4 2.000000000
10 17 7 10366 4 2.000000000
10 18 7 10367 4 2.000000000
10 19 7 10368 4 2.000000000
10 20 7 10369 4 2.000000000
10 21 7 10370 4 2.000000000
10 22 7 10371 4 2.000000000
10 23 7 10372 4 2.000000000
10 24 7 10373 4 2.000000000
10 25 7 10374 4 2.000000000
10 26 7 10375 4 2.000000000
10 27 7 10376 4 2.000000000
10 28 7 10377 4 2.000000000
10 29 7 10378 4 2.000000000
10 30 7 10379 4 2.000000000
10 31 7 10380 4 2.000000000
10 32 7 10381 4 2.000000000
10 33 7 10382 4 2.000000000
10 34 7 10383 4 2.000000000
10 35 7 10384 4 2.000000000
11 0 7 10385 4 2.000000000
11 1 7 10386 4 2.000000000
11 2 7 10387 4 2.000000000
11 3 7 10388 4 2.000000000
11 4 7 10389 4 2.000000000
11 5 7 10390 4 2.000000000
11 6 7 10391 4 2.000000000
11 7 7 10392 4 2.000000000
11 8 7 10393 4 2.000000000
11 9 7 10394 4 2.000000000
11 10 7 10395 4 2.000000000
11 12 7 10396 4 2.000000000
11 13 7 10397 4 2.000000000
11 14 7 10398 4 2.000000000
11 15 7 10399 4 2.000000000
11 16 7 10400 4 2.000000000
11 17 7 10401 4 2.000000000
11 18 7 10402 4 2.000000000
11 19 7 10403 4 2.000000000
11 20 7 10404 4 2.000000000
11 21 7 10405 4 2.000000000
11 22 7 10406 4 2.000000000
11 23 7 10407 4 2.000000000
11 24 7 10408 4 2.000000000
11 25 7 10409 4 2.000000000
11 26 7 10410 4 2.000000000
11 27 7 10411 4 2.000000000
11 28 7 10412 4 2.000000000
11 29 7 10413 4 2.000000000
11 30 7 10414 4 2.000000000
11 31 7 10415 4 2.000000000
11 32 7 10416 4 2.000000000
11 33 7 10417 4 2.000000000
11 34 7 10418 4 2.000000000
11 35 7 10419 4 2.000000000
12 0 7 10420 4 2.000000000
12 1 7 10421 4 2.000000000
12 2 7 10422 4 2.000000000
12 3 7 10423 4 2.000000000
12 4 7 10424 4 2.000000000
12 5 7 10425 4 2.000000000
12 6 7 10426 4 2.000000000
12 7 7 10427 4 2.000000000
12 8 7 10428 4 2.000000000
12 9 7 10429 4 2.000000000
12 10 7 10430 4 2.000000000
12 11 7 10431 4 2.000000000
12 13 7 10432 4 2.000000000
12 14 7 10433 4 2.000000000
12 15 7 10434 4 2.000000000
12 16 7 10435 4 2.000000000
12 17 7 10436 4 2.000000000
12 18 7 10437 4 2.000000000
12 19 7 10438 4 2.000000000
12 20 7 10439 4 2.000000000
12 21 7 10440 4 2.000000000
12 22 7 10441 4 2.000000000
12 23 7 10442 4 2.000000000
12 24 7 10443 4 2.000000000
12 25 7 10444 4 2.000000000
12 26 7 10445 4 2.000000000
12 27 7 10446 4 2.000000000
12 28 7 10447 4 2.000000000
12 29 7 10448 4 2.000000000
12 30 7 10449 4 2.000000000
12 31 7 10450 4 2.000000000
12 32 7 10451 4 2.000000000
12 33 7 10452 4 2.000000000
12 34 7 10453 4 2.000000000
12 35 7 10454 4 2.000000000
13 0 7 10455 4 2.000000000
13 1 7 10456 4 2.000000000
13 2 7 10457 4 2.000000000
13 3 7 10458 4 2.000000000
13 4 7 10459 4 2.000000000
13 5 7 10460 4 2.000000000
13 6 7 10461 4 2.000000000
13 7 7 10462 4 2.000000000
13 8 7 10463 4 2.000000000
13 9 7 10464 4 2.000000000
13 10 7 10465 4 2.000000000
13 11 7 10466 4 2.000000000
13 12 7 10467 4 2.000000000
13 14 7 10468 4 2.000000000
13 15 7 10469 4 2.000000000
13 16 7 10470 4 2.000000000
13 17 7 10471 4 2.000000000
13 18 7 10472 4 2.000000000
13 19 7 10473 4 2.000000000
13 20 7 10474 4 2.000000000
13 21 7 10475 4 2.000000000
13 22 7 10476 4 2.000000000
13 23 7 10477 4 2.000000000
13 24 7 10478 4 2.000000000
13 25 7 10479 4 2.000000000
13 26 7 10480 4 2.000000000
13 27 7 10481 4 2.000000000
13 28 7 10482 4 2.000000000
13 29 7 10483 4 2.000000000
13 30 7 10484 4 2.000000000
13 31 7 10485 4 2.000000000
13 32 7 10486 4 2.000000000
13 33 7 10487 4 2.000000000
13 34 7 10488 4 2.000000000
13 35 7 10489 4 2.000000000
14 0 7 10490 4 2.000000000
14 1 7 10491 4 2.000000000
14 2 7 10492 4 2.000000000
14 3 7 10493 4 2.000000000
14 4 7 10494 4 2.000000000
14 5 7 10495 4 2.000000000
14 6 7 10496 4 2.000000000
14 7 7 10497 4 2.000000000
14 8 7 10498 4 2.000000000
14 9 7 10499 4 2.000000000
14 10 7 10500 4 2.000000000
14 11 7 10501 4 2.000000000
14 12 7 10502 4 2.000000000
14 13 7 10503 4 2.000000000
14 15 7 10504 4 2.000000000
14 16 7 10505 4 2.000000000
14 17 7 10506 4 2.000000000
14 18 7 10507 4 2.000000000
14 19 7 10508 4 2.000000000
14 20 7 10509 4 2.000000000
14 21 7 10510 4 2.000000000
14 22 7 10511 4 2.000000000
14 23 7 10512 4 2.000000000
14 24 7 10513 4 2.000000000
14 25 7 10514 4 2.000000000
14 26 7 10515 4 2.000000000
14 27 7 10516 4 2.000000000
14 28 7 10517 4 2.000000000
14 29 7 10518 4 2.000000000
14 30 7 10519 4 2.000000000
14 31 7 10520 4 2.000000000
14 32 7 10521 4 2.000000000
14 33 7 10522 4 2.000000000
14 34 7 10523 4 2.000000000
14 35 7 10524 4 2.000000000
15 0 7 10525 4 2.000000000
15 1 7 10526 4 2.000000000
15 2 7 10527 4 2.000000000
15 3 7 10528 4 2.000000000
15 4 7 10529 4 2.000000000
15 5 7 10530 4 2.000000000
15 6 7 10531 4 2.000000000
15 7 7 10532 4 2.000000000
15 8 7 10533 4 2.000000000
15 9 7 10534 4 2.000000000
15 10 7 10535 4 2.000000000
15 11 7 10536 4 2.000000000
15 12 7 10537 4 2.000000000
15 13 7 10538 4 2.000000000
15 14 7 10539 4 2.000000000
15 16 7 10540 4 2.000000000
15 17 7 10541 4 2.000000000
15 18 7 10542 4 2.000000000
15 19 7 10543 4 2.000000000
15 20 7 10544 4 2.000000000
15 21 7 10545 4 2.000000000
15 22 7 10546 4 2.000000000
15 23 7 10547 4 2.000000000
15 24 7 10548 4 2.000000000
15 25 7 10549 4 2.000000000
15 26 7 10550 4 2.000000000
15 27 7 10551 4 2.000000000
15 28 7 10552 4 2.000000000
15 29 7 10553 4 2.000000000
15 30 7 10554 4 2.000000000
15 31 7 10555 4 2.000000000
15 32 7 10556 4 2.000000000
15 33 7 10557 4 2.000000000
15 34 7 10558 4 2.000000000
15 35 7 10559 4 2.000000000
16 0 7 10560 4 2.000000000
16 1 7 10561 4 2.000000000
16 2 7 10562 4 2.000000000
16 3 7 10563 4 2.000000000
16 4 7 10564 4 2.000000000
16 5 7 10565 4 2.000000000
16 6 7 10566 4 2.000000000
16 7 7 10567 4 2.000000000
16 8 7 10568 4 2.000000000
16 9 7 10569 4 2.000000000
16 10 7 10570 4 2.000000000
16 11 7 10571 4 2.000000000
16 12 7 10572 4 2.000000000
16 13 7 10573 4 2.000000000
16 14 7 10574 4 2.000000000
16 15 7 10575 4 2.000000000
16 17 7 10576 4 2.000000000
16 18 7 10577 4 2.000000000
16 19 7 10578 4 2.000000000
16 20 7 10579 4 2.000000000
16 21 7 10580 4 2.000000000
16 22 7 10581 4 2.000000000
16 23 7 10582 4 2.000000000
16 24 7 10583 4 2.000000000
16 25 7 10584 4 2.000000000
16 26 7 10585 4 2.000000000
16 27 7 10586 4 2.000000000
16 28 7 10587 4 2.000000000
16 29 7 10588 4 2.000000000
16 30 7 10589 4 2.000000000
16 31 7 10590 4 2.000000000
16 32 7 10591 4 2.000000000
16 33 7 10592 4 2.000000000
16 34 7 10593 4 2.000000000
16 35 7 10594 4 2.000000000
17 0 7 10595 4 2.000000000
17 1 7 10596 4 2.000000000
17 2 7 10597 4 2.000000000
17 3 7 10598 4 2.000000000
17 4 7 10599 4 2.000000000
17 5 7 10600 4 2.000000000
17 6 7 10601 4 2.000000000
17 7 7 10602 4 2.000000000
17 8 7 10603 4 2.000000000
17 9 7 10604 4 2.000000000
17 10 7 10605 4 2.000000000
17 11 7 10606 4 2.000000000
17 12 7 10607 4 2.000000000
17 13 7 10608 4 2.000000000
17 14 7 10609 4 2.000000000
17 15 7 10610 4 2.000000000
17 16 7 10611 4 2.000000000
17 18 7 10612 4 2.000000000
17 19 7 10613 4 2.000000000
17 20 7 10614 4 2.000000000
17 21 7 10615 4 2.000000000
17 22 7 10616 4 2.000000000
17 23 7 10617 4 2.000000000
17 24 7 10618 4 2.000000000
17 25 7 10619 4 2.000000000
17 26 7 10620 4 2.000000000
17 27 7 10621 4 2.000000000
17 28 7 10622 4 2.000000000
17 29 7 10623 4 2.000000000
17 30 7 10624 4 2.000000000
17 31 7 10625 4 2.000000000
17 32 7 10626 4 2.000000000
17 33 7 10627 4 2.000000000
17 34 7 10628 4 2.000000000
17 35 7 10629 4 2.000000000
18 0 7 10630 4 2.000000000
18 1 7 10631 4 2.000000000
18 2 7 10632 4 2.000000000
18 3 7 10633 4 2.000000000
18 4 7 10634 4 2.000000000
18 5 7 10635 4 2.000000000
18 6 7 10636 4 2.000000000
18 7 7 10637 4 2.000000000
18 8 7 10638 4 2.000000000
18 9 7 10639 4 2.000000000
18 10 7 10640 4 2.000000000
18 11 7 10641 4 2.000000000
18 12 7 10642 4 2.000000000
18 13 7 10643 4 2.000000000
18 14 7 10644 4 2.000000000
18 15 7 10645 4 2.000000000
18 16 7 10646 4 2.000000000
18 17 7 10647 4 2.000000000
18 19 7 10648 4 2.000000000
18 20 7 10649 4 2.000000000
18 21 7 10650 4 2.000000000
18 22 7 10651 4 2.000000000
18 23 7 10652 4 2.000000000
18 24 7 10653 4 2.000000000
18 25 7 10654 4 2.000000000
18 26 7 10655 4 2.000000000
18 27 7 10656 4 2.000000000
18 28 7 10657 4 2.000000000
18 29 7 10658 4 2.000000000
18 30 7 10659 4 2.000000000
18 31 7 10660 4 2.000000000
18 32 7 10661 4 2.000000000
18 33 7 10662 4 2.000000000
18 34 7 10663 4 2.000000000
18 35 7 10664 4 2.000000000
19 0 7 10665 4 2.000000000
19 1 7 10666 4 2.000000000
19 2 7 10667 4 2.000000000
19 3 7 10668 4 2.000000000
19 4 7 10669 4 2.000000000
19 5 7 10670 4 2.000000000
19 6 7 10671 4 2.000000000
19 7 7 10672 4 2.000000000
19 8 7 10673 4 2.000000000
19 9 7 10674 4 2.000000000
19 10 7 10675 4 2.000000000
19 11 7 10676 4 2.000000000
19 12 7 10677 4 2.000000000
19 13 7 10678 4 2.000000000
19 14 7 10679 4 2.000000000
19 15 7 10680 4 2.000000000
19 16 7 10681 4 2.000000000
19 17 7 10682 4 2.000000000
19 18 7 10683 4 2.000000000
19 20 7 10684 4 2.000000000
19 21 7 10685 4 2.000000000
19 22 7 10686 4 2.000000000
19 23 7 10687 4 2.000000000
19 24 7 10688 4 2.000000000
19 25 7 10689 4 2.000000000
19 26 7 10690 4 2.000000000
19 27 7 10691 4 2.000000000
19 28 7 10692 4 2.000000000
19 29 7 10693 4 2.000000000
19 30 7 10694 4 2.000000000
19 31 7 10695 4 2.000000000
19 32 7 10696 4 2.000000000
19 33 7 10697 4 2.000000000
19 34 7 10698 4 2.000000000
19 35 7 10699 4 2.000000000
20 0 7 10700 4 2.000000000
20 1 7 10701 4 2.000000000
20 2 7 10702 4 2.000000000
20 3 7 10703 4 2.000000000
20 4 7 10704 4 2.000000000
20 5 7 10705 4 2.000000000
20 6 7 10706 4 2.000000000
20 7 7 10707 4 2.000000000
20 8 7 10708 4 2.000000000
20 9 7 10709 4 2.000000000
20 10 7 10710 4 2.000000000
20 11 7 10711 4 2.000000000
20 12 7 10712 4 2.000000000
20 13 7 10713 4 2.000000000
20 14 7 10714 4 2.000000000
20 15 7 10715 4 2.000000000
20 16 7 10716 4 2.000000000
20 17 7 10717 4 2.000000000
20 18 7 10718 4 2.000000000
20 19 7 10719 4 2.000000000
20 21 7 10720 4 2.000000000
20 22 7 10721 4 2.000000000
20 23 7 10722 4 2.000000000
20 24 7 10723 4 2.000000000
20 25 7 10724 4 2.000000000
20 26 7 10725 4 2.000000000
20 27 7 10726 4 2.000000000
20 28 7 10727 4 2.000000000
20 29 7 10728 4 2.000000000
20 30 7 10729 4 2.000000000
20 31 7 10730 4 2.000000000
20 32 7 10731 4 2.000000000
20 33 7 10732 4 2.000000000
20 34 7 10733 4 2.000000000
20 35 7 10734 4 2.000000000
21 0 7 10735 4 2.000000000
21 1 7 10736 4 2.000000000
21 2 7 10737 4 2.000000000
21 3 7 10738 4 2.000000000
21 4 7 10739 4 2.000000000
21 5 7 10740 4 2.000000000
21 6 7 10741 4 2.000000000
21 7 7 10742 4 2.000000000
21 8 7 10743 4 2.000000000
21 9 7 10744 4 2.000000000
21 10 7 10745 4 2.000000000
21 11 7 10746 4 2.000000000
21 12 7 10747 4 2.000000000
21 13 7 10748 4 2.000000000
21 14 7 10749 4 2.000000000
21 15 7 10750 4 2.000000000
21 16 7 10751 4 2.000000000
21 17 7 10752 4 2.000000000
21 18 7 10753 4 2.000000000
21 19 7 10754 4 2.000000000
21 20 7 10755 4 2.000000000
21 22 7 10756 4 2.000000000
21 23 7 10757 4 2.000000000
21 24 7 10758 4 2.000000000
21 25 7 10759 4 2.000000000
21 26 7 10760 4 2.000000000
21 27 7 10761 4 2.000000000
21 28 7 10762 4 2.000000000
21 29 7 10763 4 2.000000000
21 30 7 10764 4 2.000000000
21 31 7 10765 4 2.000000000
21 32 7 10766 4 2.000000000
21 33 7 10767 4 2.000000000
21 34 7 10768 4 2.000000000
21 35 7 10769 4 2.000000000
22 0 7 10770 4 2.000000000
22 1 7 10771 4 2.000000000
22 2 7 10772 4 2.000000000
22 3 7 10773 4 2.000000000
22 4 7 10774 4 2.000000000
22 5 7 10775 4 2.000000000
22 6 7 10776 4 2.000000000
22 7 7 10777 4 2.000000000
22 8 7 10778 4 2.000000000
22 9 7 10779 4 2.000000000
22 10 7 10780 4 2.000000000
22 11 7 10781 4 2.000000000
22 12 7 10782 4 2.000000000
22 13 7 10783 4 2.000000000
22 14 7 10784 4 2.000000000
22 15 7 10785 4 2.000000000
22 16 7 10786 4 2.000000000
22 17 7 10787 4 2.000000000
22 18 7 10788 4 2.000000000
22 19 7 10789 4 2.000000000
22 20 7 10790 4 2.000000000
22 21 7 10791 4 2.000000000
22 23 7 10792 4 2.000000000
22 24 7 10793 4 2.000000000
22 25 7 10794 4 2.000000000
22 26 7 10795 4 2.000000000
22 27 7 10796 4 2.000000000
22 28 7 10797 4 2.000000000
22 29 7 10798 4 2.000000000
22 30 7 10799 4 2.000000000
22 31 7 10800 4 2.000000000
22 32 7 10801 4 2.000000000
22 33 7 10802 4 2.000000000
22 34 7 10803 4 2.000000000
22 35 7 10804 4 2.000000000
23 0 7 10805 4 2.000000000
23 1 7 10806 4 2.000000000
23 2 7 10807 4 2.000000000
23 3 7 10808 4 2.000000000
23 4 7 10809 4 2.000000000
23 5 7 10810 4 2.000000000
23 6 7 10811 4 2.000000000
23 7 7 10812 4 2.000000000
23 8 7 10813 4 2.000000000
23 9 7 10814 4 2.000000000
23 10 7 10815 4 2.000000000
23 11 7 10816 4 2.000000000
23 12 7 10817 4 2.000000000
23 13 7 10818 4 2.000000000
23 14 7 10819 4 2.000000000
23 15 7 10820 4 2.000000000
23 16 7 10821 4 2.000000000
23 17 7 10822 4 2.000000000
23 18 7 10823 4 2.000000000
23 19 7 10824 4 2.000000000
23 20 7 10825 4 2.000000000
23 21 7 10826 4 2.000000000
23 22 7 10827 4 2.000000000
23 24 7 10828 4 2.000000000
23 25 7 10829 4 2.000000000
23 26 7 10830 4 2.000000000
23 27 7 10831 4 2.000000000
23 28 7 10832 4 2.000000000
23 29 7 10833 4 2.000000000
23 30 7 10834 4 2.000000000
23 31 7 10835 4 2.000000000
23 32 7 10836 4 2.000000000
23 33 7 10837 4 2.000000000
23 34 7 10838 4 2.000000000
23 35 7 10839 4 2.000000000
24 0 7 10840 4 2.000000000
24 1 7 10841 4 2.000000000
24 2 7 10842 4 2.000000000
24 3 7 10843 4 2.000000000
24 4 7 10844 4 2.000000000
24 5 7 10845 4 2.000000000
24 6 7 10846 4 2.000000000
24 7 7 10847 4 2.000000000
24 8 7 10848 4 2.000000000
24 9 7 10849 4 2.000000000
24 10 7 10850 4 2.000000000
24 11 7 10851 4 2.000000000
24 12 7 10852 4 2.000000000
24 13 7 10853 4 2.000000000
24 14 7 10854 4 2.000000000
24 15 7 10855 4 2.000000000
24 16 7 10856 4 2.000000000
24 17 7 10857 4 2.000000000
24 18 7 10858 4 2.000000000
24 19 7 10859 4 2.000000000
24 20 7 10860 4 2.000000000
24 21 7 10861 4 2.000000000
24 22 7 10862 4 2.000000000
24 23 7 10863 4 2.000000000
24 25 7 10864 4 2.000000000
24 26 7 10865 4 2.000000000
24 27 7 10866 4 2.000000000
24 28 7 10867 4 2.000000000
24 29 7 10868 4 2.000000000
24 30 7 10869 4 2.000000000
24 31 7 10870 4 2.000000000
24 32 7 10871 4 2.000000000
24 33 7 10872 4 2.000000000
24 34 7 10873 4 2.000000000
24 35 7 10874 4 2.000000000
25 0 7 10875 4 2.000000000
25 1 7 10876 4 2.000000000
25 2 7 10877 4 2.000000000
25 3 7 10878 4 2.000000000
25 4 7 10879 4 2.000000000
25 5 7 10880 4 2.000000000
25 6 7 10881 4 2.000000000
25 7 7 10882 4 2.000000000
25 8 7 10883 4 2.000000000
25 9 7 10884 4 2.000000000
25 10 7 10885 4 2.000000000
25 11 7 10886 4 2.000000000
25 12 7 10887 4 2.000000000
25 13 7 10888 4 2.000000000
25 14 7 10889 4 2.000000000
25 15 7 10890 4 2.000000000
25 16 7 10891 4 2.000000000
25 17 7 10892 4 2.000000000
25 18 7 10893 4 2.000000000
25 19 7 10894 4 2.000000000
25 20 7 10895 4 2.000000000
25 21 7 10896 4 2.000000000
25 22 7 10897 4 2.000000000
25 23 7 10898 4 2.000000000
25 24 7 10899 4 2.000000000
25 26 7 10900 4 2.000000000
25 27 7 10901 4 2.000000000
25 28 7 10902 4 2.000000000
25 29 7 10903 4 2.000000000
25 30 7 10904 4 2.000000000
25 31 7 10905 4 2.000000000
25 32 7 10906 4 2.000000000
25 33 7 10907 4 2.000000000
25 34 7 10908 4 2.000000000
25 35 7 10909 4 2.000000000
26 0 7 10910 4 2.000000000
26 1 7 10911 4 2.000000000
26 2 7 10912 4 2.000000000
26 3 7 10913 4 2.000000000
26 4 7 10914 4 2.000000000
26 5 7 10915 4 2.000000000
26 6 7 10916 4 2.000000000
26 7 7 10917 4 2.000000000
26 8 7 10918 4 2.000000000
26 9 7 10919 4 2.000000000
26 10 7 10920 4 2.000000000
26 11 7 10921 4 2.000000000
26 12 7 10922 4 2.000000000
26 13 7 10923 4 2.000000000
26 14 7 10924 4 2.000000000
26 15 7 10925 4 2.000000000
26 16 7 10926 4 2.000000000
26 17 7 10927 4 2.000000000
26 18 7 10928 4 2.000000000
26 19 7 10929 4 2.000000000
26 20 7 10930 4 2.000000000
26 21 7 10931 4 2.000000000
26 22 7 10932 4 2.000000000
26 23 7 10933 4 2.000000000
26 24 7 10934 4 2.000000000
26 25 7 10935 4 2.000000000
26 27 7 10936 4 2.000000000
26 28 7 10937 4 2.000000000
26 29 7 10938 4 2.000000000
26 30 7 10939 4 2.000000000
26 31 7 10940 4 2.000000000
26 32 7 10941 4 2.000000000
26 33 7 10942 4 2.000000000
26 34 7 10943 4 2.000000000
26 35 7 10944 4 2.000000000
27 0 7 10945 4 2.000000000
27 1 7 10946 4 2.000000000
27 2 7 10947 4 2.000000000
27 3 7 10948 4 2.000000000
27 4 7 10949 4 2.000000000
27 5 7 10950 4 2.000000000
27 6 7 10951 4 2.000000000
27 7 7 10952 4 2.000000000
27 8 7 10953 4 2.000000000
27 9 7 10954 4 2.000000000
27 10 7 10955 4 2.000000000
27 11 7 10956 4 2.000000000
27 12 7 10957 4 2.000000000
27 13 7 10958 4 2.000000000
27 14 7 10959 4 2.000000000
27 15 7 10960 4 2.000000000
27 16 7 10961 4 2.000000000
27 17 7 10962 4 2.000000000
27 18 7 10963 4 2.000000000
27 19 7 10964 4 2.000000000
27 20 7 10965 4 2.000000000
27 21 7 10966 4 2.000000000
27 22 7 10967 4 2.000000000
27 23 7 10968 4 2.000000000
27 24 7 10969 4 2.000000000
27 25 7 10970 4 2.000000000
27 26 7 10971 4 2.000000000
27 28 7 10972 4 2.000000000
27 29 7 10973 4 2.000000000
27 30 7 10974 4 2.000000000
27 31 7 10975 4 2.000000000
27 32 7 10976 4 2.000000000
27 33 7 10977 4 2.000000000
27 34 7 10978 4 2.000000000
27 35 7 10979 4 2.000000000
28 0 7 10980 4 2.000000000
28 1 7 10981 4 2.000000000
28 2 7 10982 4 2.000000000
28 3 7 10983 4 2.000000000
28 4 7 10984 4 2.000000000
28 5 7 10985 4 2.000000000
28 6 7 10986 4 2.000000000
28 7 7 10987 4 2.000000000
28 8 7 10988 4 2.000000000
28 9 7 10989 4 2.000000000
28 10 7 10990 4 2.000000000
28 11 7 10991 4 2.000000000
28 12 7 10992 4 2.000000000
28 13 7 10993 4 2.000000000
28 14 7 10994 4 2.000000000
28 15 7 10995 4 2.000000000
28 16 7 10996 4 2.000000000
28 17 7 10997 4 2.000000000
28 18 7 10998 4 2.000000000
28 19 7 10999 4 2.000000000
28 20 7 11000 4 2.000000000
28 21 7 11001 4 2.000000000
28 22 7 11002 4 2.000000000
28 23 7 11003 4 2.000000000
28 24 7 11004 4 2.000000000
28 25 7 11005 4 2.000000000
28 26 7 11006 4 2.000000000
28 27 7 11007 4 2.000000000
28 29 7 11008 4 2.000000000
28 30 7 11009 4 2.000000000
28 31 7 11010 4 2.000000000
28 32 7 11011 4 2.000000000
28 33 7 11012 4 2.000000000
28 34 7 11013 4 2.000000000
28 35 7 11014 4 2.000000000
29 0 7 11015 4 2.000000000
29 1 7 11016 4 2.000000000
29 2 7 11017 4 2.000000000
29 3 7 11018 4 2.000000000
29 4 7 11019 4 2.000000000
29 5 7 11020 4 2.000000000
29 6 7 11021 4 2.000000000
29 7 7 11022 4 2.000000000
29 8 7 11023 4 2.000000000
29 9 7 11024 4 2.000000000
29 10 7 11025 4 2.000000000
29 11 7 11026 4 2.000000000
29 12 7 11027 4 2.000000000
29 13 7 11028 4 2.000000000
29 14 7 11029 4 2.000000000
29 15 7 11030 4 2.000000000
29 16 7 11031 4 2.000000000
29 17 7 11032 4 2.000000000
29 18 7 11033 4 2.000000000
29 19 7 11034 4 2.000000000
29 20 7 11035 4 2.000000000
29 21 7 11036 4 2.000000000
29 22 7 11037 4 2.000000000
29 23 7 11038 4 2.000000000
29 24 7 11039 4 2.000000000
29 25 7 11040 4 2.000000000
29 26 7 11041 4 2.000000000
29 27 7 11042 4 2.000000000
29 28 7 11043 4 2.000000000
29 30 7 11044 4 2.000000000
29 31 7 11045 4 2.000000000
29 32 7 11046 4 2.000000000
29 33 7 11047 4 2.000000000
29 34 7 11048 4 2.000000000
29 35 7 11049 4 2.000000000
30 0 7 11050 4 2.000000000
30 1 7 11051 4 2.000000000
30 2 7 11052 4 2.000000000
30 3 7 11053 4 2.000000000
30 4 7 11054 4 2.000000000
30 5 7 11055 4 2.000000000
30 6 7 11056 4 2.000000000
30 7 7 11057 4 2.000000000
30 8 7 11058 4 2.000000000
30 9 7 11059 4 2.000000000
30 10 7 11060 4 2.000000000
30 11 7 11061 4 2.000000000
30 12 7 11062 4 2.000000000
30 13 7 11063 4 2.000000000
30 14 7 11064 4 2.000000000
30 15 7 11065 4 2.000000000
30 16 7 11066 4 2.000000000
30 17 7 11067 4 2.000000000
30 18 7 11068 4 2.000000000
30 19 7 11069 4 2.000000000
30 20 7 11070 4 2.000000000
30 21 7 11071 4 2.000000000
30 22 7 11072 4 2.000000000
30 23 7 11073 4 2.000000000
30 24 7 11074 4 2.000000000
30 25 7 11075 4 2.000000000
30 26 7 11076 4 2.000000000
30 27 7 11077 4 2.000000000
30 28 7 11078 4 2.000000000
30 29 7 11079 4 2.000000000
30 31 7 11080 4 2.000000000
30 32 7 11081 4 2.000000000
30 33 7 11082 4 2.000000000
30 34 7 11083 4 2.000000000
30 35 7 11084 4 2.000000000
31 0 7 11085 4 2.000000000
31 1 7 11086 4 2.000000000
31 2 7 11087 4 2.000000000
31 3 7 11088 4 2.000000000
31 4 7 11089 4 2.000000000
31 5 7 11090 4 2.000000000
31 6 7 11091 4 2.000000000
31 7 7 11092 4 2.000000000
31 8 7 11093 4 2.000000000
31 9 7 11094 4 2.000000000
31 10 7 11095 4 2.000000000
31 11 7 11096 4 2.000000000
31 12 7 11097 4 2.000000000
31 13 7 11098 4 2.000000000
31 14 7 11099 4 2.000000000
31 15 7 11100 4 2.000000000
31 16 7 11101 4 2.000000000
31 17 7 11102 4 2.000000000
31 18 7 11103 4 2.000000000
31 19 7 11104 4 2.000000000
31 20 7 11105 4 2.000000000
31 21 7 11106 4 2.000000000
31 22 7 11107 4 2.000000000
31 23 7 11108 4 2.000000000
31 24 7 11109 4 2.000000000
31 25 7 11110 4 2.000000000
31 26 7 11111 4 2.000000000
31 27 7 11112 4 2.000000000
31 28 7 11113 4 2.000000000
31 29 7 11114 4 2.000000000
31 30 7 11115 4 2.000000000
31 32 7 11116 4 2.000000000
31 33 7 11117 4 2.000000000
31 34 7 11118 4 2.000000000
31 35 7 11119 4 2.000000000
32 0 7 11120 4 2.000000000
32 1 7 11121 4 2.000000000
32 2 7 11122 4 2.000000000
32 3 7 11123 4 2.000000000
32 4 7 11124 4 2.000000000
32 5 7 11125 4 2.000000000
32 6 7 11126 4 2.000000000
32 7 7 11127 4 2.000000000
32 8 7 11128 4 2.000000000
32 9 7 11129 4 2.000000000
32 10 7 11130 4 2.000000000
32 11 7 11131 4 2.000000000
32 12 7 11132 4 2.000000000
32 13 7 11133 4 2.000000000
32 14 7 11134 4 2.000000000
32 15 7 11135 4 2.000000000
32 16 7 11136 4 2.000000000
32 17 7 11137 4 2.000000000
32 18 7 11138 4 2.000000000
32 19 7 11139 4 2.000000000
32 20 7 11140 4 2.000000000
32 21 7 11141 4 2.000000000
32 22 7 11142 4 2.000000000
32 23 7 11143 4 2.000000000
32 24 7 11144 4 2.000000000
32 25 7 11145 4 2.000000000
32 26 7 11146 4 2.000000000
32 27 7 11147 4 2.000000000
32 28 7 11148 4 2.000000000
32 29 7 11149 4 2.000000000
32 30 7 11150 4 2.000000000
32 31 7 11151 4 2.000000000
32 33 7 11152 4 2.000000000
32 34 7 11153 4 2.000000000
32 35 7 11154 4 2.000000000
33 0 7 11155 4 2.000000000
33 1 7 11156 4 2.000000000
33 2 7 11157 4 2.000000000
33 3 7 11158 4 2.000000000
33 4 7 11159 4 2.000000000
33 5 7 11160 4 2.000000000
33 6 7 11161 4 2.000000000
33 7 7 11162 4 2.000000000
33 8 7 11163 4 2.000000000
33 9 7 11164 4 2.000000000
33 10 7 11165 4 2.000000000
33 11 7 11166 4 2.000000000
33 12 7 11167 4 2.000000000
33 13 7 11168 4 2.000000000
33 14 7 11169 4 2.000000000
33 15 7 11170 4 2.000000000
33 16 7 11171 4 2.000000000
33 17 7 11172 4 2.000000000
33 18 7 11173 4 2.000000000
33 19 7 11174 4 2.000000000
33 20 7 11175 4 2.000000000
33 21 7 11176 4 2.000000000
33 22 7 11177 4 2.000000000
33 23 7 11178 4 2.000000000
33 24 7 11179 4 2.000000000
33 25 7 11180 4 2.000000000
33 26 7 11181 4 2.000000000
33 27 7 11182 4 2.000000000
33 28 7 11183 4 2.000000000
33 29 7 11184 4 2.000000000
33 30 7 11185 4 2.000000000
33 31 7 11186 4 2.000000000
33 32 7 11187 4 2.000000000
33 34 7 11188 4 2.000000000
33 35 7 11189 4 2.000000000
34 0 7 11190 4 2.000000000
34 1 7 11191 4 2.000000000
34 2 7 11192 4 2.000000000
34 3 7 11193 4 2.000000000
34 4 7 11194 4 2.000000000
34 5 7 11195 4 2.000000000
34 6 7 11196 4 2.000000000
34 7 7 11197 4 2.000000000
34 8 7 11198 4 2.000000000
34 9 7 11199 4 2.000000000
34 10 7 11200 4 2.000000000
34 11 7 11201 4 2.000000000
34 12 7 11202 4 2.000000000
34 13 7 11203 4 2.000000000
34 14 7 11204 4 2.000000000
34 15 7 11205 4 2.000000000
34 16 7 11206 4 2.000000000
34 17 7 11207 4 2.000000000
34 18 7 11208 4 2.000000000
34 19 7 11209 4 2.000000000
34 20 7 11210 4 2.000000000
34 21 7 11211 4 2.000000000
34 22 7 11212 4 2.000000000
34 23 7 11213 4 2.000000000
34 24 7 11214 4 2.000000000
34 25 7 11215 4 2.000000000
34 26 7 11216 4 2.000000000
34 27 7 11217 4 2.000000000
34 28 7 11218 4 2.000000000
34 29 7 11219 4 2.000000000
34 30 7 11220 4 2.000000000
34 31 7 11221 4 2.000000000
34 32 7 11222 4 2.000000000
34 33 7 11223 4 2.000000000
34 35 7 11224 4 2.000000000
35 0 7 11225 4 2.000000000
35 1 7 11226 4 2.000000000
35 2 7 11227 4 2.000000000
35 3 7 11228 4 2.000000000
35 4 7 11229 4 2.000000000
35 5 7 11230 4 2.000000000
35 6 7 11231 4 2.000000000
35 7 7 11232 4 2.000000000
35 8 7 11233 4 2.000000000
35 9 7 11234 4 2.000000000
35 10 7 11235 4 2.000000000
35 11 7 11236 4 2.000000000
35 12 7 11237 4 2.000000000
35 13 7 11238 4 2.000000000
35 14 7 11239 4 2.000000000
35 15 7 11240 4 2.000000000
35 16 7 11241 4 2.000000000
35 17 7 11242 4 2.000000000
35 18 7 11243 4 2.000000000
35 19 7 11244 4 2.000000000
35 20 7 11245 4 2.000000000
35 21 7 11246 4 2.000000000
35 22 7 11247 4 2.000000000
35 23 7 11248 4 2.000000000
35 24 7 11249 4 2.000000000
35 25 7 11250 4 2.000000000
35 26 7 11251 4 2.000000000
35 27 7 11252 4 2.000000000
35 28 7 11253 4 2.000000000
35 29 7 11254 4 2.000000000
35 30 7 11255 4 2.000000000
35 31 7 11256 4 2.000000000
35 32 7 11257 4 2.000000000
35 33 7 11258 4 2.000000000
35 34 7 11259 4 2.000000000
