1260
0 1 7 10000 32 2.000000000
0 2 7 10001 32 2.000000000
0 3 7 10002 32 2.000000000
0 4 7 10003 32 2.000000000
0 5 7 10004 32 2.000000000
0 6 7 10005 32 2.000000000
0 7 7 10006 32 2.000000000
0 8 7 10007 32 2.000000000
0 9 7 10008 32 2.000000000
0 10 7 10009 32 2.000000000
0 11 7 10010 32 2.000000000
0 12 7 10011 32 2.000000000
0 13 7 10012 32 2.000000000
0 14 7 10013 32 2.000000000
0 15 7 10014 32 2.000000000
0 16 7 10015 32 2.000000000
0 17 7 10016 32 2.000000000
0 18 7 10017 32 2.000000000
0 19 7 10018 32 2.000000000
0 20 7 10019 32 2.000000000
0 21 7 10020 32 2.000000000
0 22 7 10021 32 2.000000000
0 23 7 10022 32 2.000000000
0 24 7 10023 32 2.000000000
0 25 7 10024 32 2.000000000
0 26 7 10025 32 2.000000000
0 27 7 10026 32 2.000000000
0 28 7 10027 32 2.000000000
0 29 7 10028 32 2.000000000
0 30 7 10029 32 2.000000000
0 31 7 10030 32 2.000000000
0 32 7 10031 32 2.000000000
0 33 7 10032 32 2.000000000
0 34 7 10033 32 2.000000000
0 35 7 10034 32 2.000000000
1 0 7 10035 32 2.000000000
1 2 7 10036 32 2.000000000
1 3 7 10037 32 2.000000000
1 4 7 10038 32 2.000000000
1 5 7 10039 32 2.000000000
1 6 7 10040 32 2.000000000
1 7 7 10041 32 2.000000000
1 8 7 10042 32 2.000000000
1 9 7 10043 32 2.000000000
1 10 7 10044 32 2.000000000
1 11 7 10045 32 2.000000000
1 12 7 10046 32 2.000000000
1 13 7 10047 32 2.000000000
1 14 7 10048 32 2.000000000
1 15 7 10049 32 2.000000000
1 16 7 10050 32 2.000000000
1 17 7 10051 32 2.000000000
1 18 7 10052 32 2.000000000
1 19 7 10053 32 2.000000000
1 20 7 10054 32 2.000000000
1 21 7 10055 32 2.000000000
1 22 7 10056 32 2.000000000
1 23 7 10057 32 2.000000000
1 24 7 10058 32 2.000000000
1 25 7 10059 32 2.000000000
1 26 7 10060 32 2.000000000
1 27 7 10061 32 2.000000000
1 28 7 10062 32 2.000000000
1 29 7 10063 32 2.000000000
1 30 7 10064 32 2.000000000
1 31 7 10065 32 2.000000000
1 32 7 10066 32 2.000000000
1 33 7 10067 32 2.000000000
1 34 7 10068 32 2.000000000
1 35 7 10069 32 2.000000000
2 0 7 10070 32 2.000000000
2 1 7 10071 32 2.000000000
2 3 7 10072 32 2.000000000
2 4 7 10073 32 2.000000000
2 5 7 10074 32 2.000000000
2 6 7 10075 32 2.000000000
2 7 7 10076 32 2.000000000
2 8 7 10077 32 2.000000000
2 9 7 10078 32 2.000000000
2 10 7 10079 32 2.000000000
2 11 7 10080 32 2.000000000
2 12 7 10081 32 2.000000000
2 13 7 10082 32 2.000000000
2 14 7 10083 32 2.000000000
2 15 7 10084 32 2.000000000
2 16 7 10085 32 2.000000000
2 17 7 10086 32 2.000000000
2 18 7 10087 32 2.000000000
2 19 7 10088 32 2.000000000
2 20 7 10089 32 2.000000000
2 21 7 10090 32 2.000000000
2 22 7 10091 32 2.000000000
2 23 7 10092 32 2.000000000
2 24 7 10093 32 2.000000000
2 25 7 10094 32 2.000000000
2 26 7 10095 32 2.000000000
2 27 7 10096 32 2.000000000
2 28 7 10097 32 2.000000000
2 29 7 10098 32 2.000000000
2 30 7 10099 32 2.000000000
2 31 7 10100 32 2.000000000
2 32 7 10101 32 2.000000000
2 33 7 10102 32 2.000000000
2 34 7 10103 32 2.000000000
2 35 7 10104 32 2.000000000
3 0 7 10105 32 2.000000000
3 1 7 10106 32 2.000000000
3 2 7 10107 32 2.000000000
3 4 7 10108 32 2.000000000
3 5 7 10109 32 2.000000000
3 6 7 10110 32 2.000000000
3 7 7 10111 32 2.000000000
3 8 7 10112 32 2.000000000
3 9 7 10113 32 2.000000000
3 10 7 10114 32 2.000000000
3 11 7 10115 32 2.000000000
3 12 7 10116 32 2.000000000
3 13 7 10117 32 2.000000000
3 14 7 10118 32 2.000000000
3 15 7 10119 32 2.000000000
3 16 7 10120 32 2.000000000
3 17 7 10121 32 2.000000000
3 18 7 10122 32 2.000000000
3 19 7 10123 32 2.000000000
3 20 7 10124 32 2.000000000
3 21 7 10125 32 2.000000000
3 22 7 10126 32 2.000000000
3 23 7 10127 32 2.000000000
3 24 7 10128 32 2.000000000
3 25 7 10129 32 2.000000000
3 26 7 10130 32 2.000000000
3 27 7 10131 32 2.000000000
3 28 7 10132 32 2.000000000
3 29 7 10133 32 2.000000000
3 30 7 10134 32 2.000000000
3 31 7 10135 32 2.000000000
3 32 7 10136 32 2.000000000
3 33 7 10137 32 2.000000000
3 34 7 10138 32 2.000000000
3 35 7 10139 32 2.000000000
4 0 7 10140 32 2.000000000
4 1 7 10141 32 2.000000000
4 2 7 10142 32 2.000000000
4 3 7 10143 32 2.000000000
4 5 7 10144 32 2.000000000
4 6 7 10145 32 2.000000000
4 7 7 10146 32 2.000000000
4 8 7 10147 32 2.000000000
4 9 7 10148 32 2.000000000
4 10 7 10149 32 2.000000000
4 11 7 10150 32 2.000000000
4 12 7 10151 32 2.000000000
4 13 7 10152 32 2.000000000
4 14 7 10153 32 2.000000000
4 15 7 10154 32 2.000000000
4 16 7 10155 32 2.000000000
4 17 7 10156 32 2.000000000
4 18 7 10157 32 2.000000000
4 19 7 10158 32 2.000000000
4 20 7 10159 32 2.000000000
4 21 7 10160 32 2.000000000
4 22 7 10161 32 2.000000000
4 23 7 10162 32 2.000000000
4 24 7 10163 32 2.000000000
4 25 7 10164 32 2.000000000
4 26 7 10165 32 2.000000000
4 27 7 10166 32 2.000000000
4 28 7 10167 32 2.000000000
4 29 7 10168 32 2.000000000
4 30 7 10169 32 2.000000000
4 31 7 10170 32 2.000000000
4 32 7 10171 32 2.000000000
4 33 7 10172 32 2.000000000
4 34 7 10173 32 2.000000000
4 35 7 10174 32 2.000000000
5 0 7 10175 32 2.000000000
5 1 7 10176 32 2.000000000
5 2 7 10177 32 2.000000000
5 3 7 10178 32 2.000000000
5 4 7 10179 32 2.000000000
5 6 7 10180 32 2.000000000
5 7 7 10181 32 2.000000000
5 8 7 10182 32 2.000000000
5 9 7 10183 32 2.000000000
5 10 7 10184 32 2.000000000
5 11 7 10185 32 2.000000000
5 12 7 10186 32 2.000000000
5 13 7 10187 32 2.000000000
5 14 7 10188 32 2.000000000
5 15 7 10189 32 2.000000000
5 16 7 10190 32 2.000000000
5 17 7 10191 32 2.000000000
5 18 7 10192 32 2.000000000
5 19 7 10193 32 2.000000000
5 20 7 10194 32 2.000000000
5 21 7 10195 32 2.000000000
5 22 7 10196 32 2.000000000
5 23 7 10197 32 2.000000000
5 24 7 10198 32 2.000000000
5 25 7 10199 32 2.000000000
5 26 7 10200 32 2.000000000
5 27 7 10201 32 2.000000000
5 28 7 10202 32 2.000000000
5 29 7 10203 32 2.000000000
5 30 7 10204 32 2.000000000
5 31 7 10205 32 2.000000000
5 32 7 10206 32 2.000000000
5 33 7 10207 32 2.000000000
5 34 7 10208 32 2.000000000
5 35 7 10209 32 2.000000000
6 0 7 10210 32 2.000000000
6 1 7 10211 32 2.000000000
6 2 7 10212 32 2.000000000
6 3 7 10213 32 2.000000000
6 4 7 10214 32 2.000000000
6 5 7 10215 32 2.000000000
6 7 7 10216 32 2.000000000
6 8 7 10217 32 2.000000000
6 9 7 10218 32 2.000000000
6 10 7 10219 32 2.000000000
6 11 7 10220 32 2.000000000
6 12 7 10221 32 2.000000000
6 13 7 10222 32 2.000000000
6 14 7 10223 32 2.000000000
6 15 7 10224 32 2.000000000
6 16 7 10225 32 2.000000000
6 17 7 10226 32 2.000000000
6 18 7 10227 32 2.000000000
6 19 7 10228 32 2.000000000
6 20 7 10229 32 2.000000000
6 21 7 10230 32 2.000000000
6 22 7 10231 32 2.000000000
6 23 7 10232 32 2.000000000
6 24 7 10233 32 2.000000000
6 25 7 10234 32 2.000000000
6 26 7 10235 32 2.000000000
6 27 7 10236 32 2.000000000
6 28 7 10237 32 2.000000000
6 29 7 10238 32 2.000000000
6 30 7 10239 32 2.000000000
6 31 7 10240 32 2.000000000
6 32 7 10241 32 2.000000000
6 33 7 10242 32 2.000000000
6 34 7 10243 32 2.000000000
6 35 7 10244 32 2.000000000
7 0 7 10245 32 2.000000000
7 1 7 10246 32 2.000000000
7 2 7 10247 32 2.000000000
7 3 7 10248 32 2.000000000
7 4 7 10249 32 2.000000000
7 5 7 10250 32 2.000000000
7 6 7 10251 32 2.000000000
7 8 7 10252 32 2.000000000
7 9 7 10253 32 2.000000000
7 10 7 10254 32 2.000000000
7 11 7 10255 32 2.000000000
7 12 7 10256 32 2.000000000
7 13 7 10257 32 2.000000000
7 14 7 10258 32 2.000000000
7 15 7 10259 32 2.000000000
7 16 7 10260 32 2.000000000
7 17 7 10261 32 2.000000000
7 18 7 10262 32 2.000000000
7 19 7 10263 32 2.000000000
7 20 7 10264 32 2.000000000
7 21 7 10265 32 2.000000000
7 22 7 10266 32 2.000000000
7 23 7 10267 32 2.000000000
7 24 7 10268 32 2.000000000
7 25 7 10269 32 2.000000000
7 26 7 10270 32 2.000000000
7 27 7 10271 32 2.000000000
7 28 7 10272 32 2.000000000
7 29 7 10273 32 2.000000000
7 30 7 10274 32 2.000000000
7 31 7 10275 32 2.000000000
7 32 7 10276 32 2.000000000
7 33 7 10277 32 2.000000000
7 34 7 10278 32 2.000000000
7 35 7 10279 32 2.000000000
8 0 7 10280 32 2.000000000
8 1 7 10281 32 2.000000000
8 2 7 10282 32 2.000000000
8 3 7 10283 32 2.000000000
8 4 7 10284 32 2.000000000
8 5 7 10285 32 2.000000000
8 6 7 10286 32 2.000000000
8 7 7 10287 32 2.000000000
8 9 7 10288 32 2.000000000
8 10 7 10289 32 2.000000000
8 11 7 10290 32 2.000000000
8 12 7 10291 32 2.000000000
8 13 7 10292 32 2.000000000
8 14 7 10293 32 2.000000000
8 15 7 10294 32 2.000000000
8 16 7 10295 32 2.000000000
8 17 7 10296 32 2.000000000
8 18 7 10297 32 2.000000000
8 19 7 10298 32 2.000000000
8 20 7 10299 32 2.000000000
8 21 7 10300 32 2.000000000
8 22 7 10301 32 2.000000000
8 23 7 10302 32 2.000000000
8 24 7 10303 32 2.000000000
8 25 7 10304 32 2.000000000
8 26 7 10305 32 2.000000000
8 27 7 10306 32 2.000000000
8 28 7 10307 32 2.000000000
8 29 7 10308 32 2.000000000
8 30 7 10309 32 2.000000000
8 31 7 10310 32 2.000000000
8 32 7 10311 32 2.000000000
8 33 7 10312 32 2.000000000
8 34 7 10313 32 2.000000000
8 35 7 10314 32 2.000000000
9 0 7 10315 32 2.000000000
9 1 7 10316 32 2.000000000
9 2 7 10317 32 2.000000000
9 3 7 10318 32 2.000000000
9 4 7 10319 32 2.000000000
9 5 7 10320 32 2.000000000
9 6 7 10321 32 2.000000000
9 7 7 10322 32 2.000000000
9 8 7 10323 32 2.000000000
9 10 7 10324 32 2.000000000
9 11 7 10325 32 2.000000000
9 12 7 10326 32 2.000000000
9 13 7 10327 32 2.000000000
9 14 7 10328 32 2.000000000
9 15 7 10329 32 2.000000000
9 16 7 10330 32 2.000000000
9 17 7 10331 32 2.000000000
9 18 7 10332 32 2.000000000
9 19 7 10333 32 2.000000000
9 20 7 10334 32 2.000000000
9 21 7 10335 32 2.000000000
9 22 7 10336 32 2.000000000
9 23 7 10337 32 2.000000000
9 24 7 10338 32 2.000000000
9 25 7 10339 32 2.000000000
9 26 7 10340 32 2.000000000
9 27 7 10341 32 2.000000000
9 28 7 10342 32 2.000000000
9 29 7 10343 32 2.000000000
9 30 7 10344 32 2.000000000
9 31 7 10345 32 2.000000000
9 32 7 10346 32 2.000000000
9 33 7 10347 32 2.000000000
9 34 7 10348 32 2.000000000
9 35 7 10349 32 2.000000000
10 0 7 10350 32 2.000000000
10 1 7 10351 32 2.000000000
10 2 7 10352 32 2.000000000
10 3 7 10353 32 2.000000000
10 4 7 10354 32 2.000000000
10 5 7 10355 32 2.000000000
10 6 7 10356 32 2.000000000
10 7 7 10357 32 2.000000000
10 8 7 10358 32 2.000000000
10 9 7 10359 32 2.000000000
10 11 7 10360 32 2.000000000
10 12 7 10361 32 2.000000000
10 13 7 10362 32 2.000000000
10 14 7 10363 32 2.000000000
10 15 7 10364 32 2.000000000
10 16 7 10365 32 2.000000000
10 17 7 10366 32 2.000000000
10 18 7 10367 32 2.000000000
10 19 7 10368 32 2.000000000
10 20 7 10369 32 2.000000000
10 21 7 10370 32 2.000000000
10 22 7 10371 32 2.000000000
10 23 7 10372 32 2.000000000
10 24 7 10373 32 2.000000000
10 25 7 10374 32 2.000000000
10 26 7 10375 32 2.000000000
10 27 7 10376 32 2.000000000
10 28 7 10377 32 2.000000000
10 29 7 10378 32 2.000000000
10 30 7 10379 32 2.000000000
10 31 7 10380 32 2.000000000
10 32 7 10381 32 2.000000000
10 33 7 10382 32 2.000000000
10 34 7 10383 32 2.000000000
10 35 7 10384 32 2.000000000
11 0 7 10385 32 2.000000000
11 1 7 10386 32 2.000000000
11 2 7 10387 32 2.000000000
11 3 7 10388 32 2.000000000
11 4 7 10389 32 2.000000000
11 5 7 10390 32 2.000000000
11 6 7 10391 32 2.000000000
11 7 7 10392 32 2.000000000
11 8 7 10393 32 2.000000000
11 9 7 10394 32 2.000000000
11 10 7 10395 32 2.000000000
11 12 7 10396 32 2.000000000
11 13 7 10397 32 2.000000000
11 14 7 10398 32 2.000000000
11 15 7 10399 32 2.000000000
11 16 7 10400 32 2.000000000
11 17 7 10401 32 2.000000000
11 18 7 10402 32 2.000000000
11 19 7 10403 32 2.000000000
11 20 7 10404 32 2.000000000
11 21 7 10405 32 2.000000000
11 22 7 10406 32 2.000000000
11 23 7 10407 32 2.000000000
11 24 7 10408 32 2.000000000
11 25 7 10409 32 2.000000000
11 26 7 10410 32 2.000000000
11 27 7 10411 32 2.000000000
11 28 7 10412 32 2.000000000
11 29 7 10413 32 2.000000000
11 30 7 10414 32 2.000000000
11 31 7 10415 32 2.000000000
11 32 7 10416 32 2.000000000
11 33 7 10417 32 2.000000000
11 34 7 10418 32 2.000000000
11 35 7 10419 32 2.000000000
12 0 7 10420 32 2.000000000
12 1 7 10421 32 2.000000000
12 2 7 10422 32 2.000000000
12 3 7 10423 32 2.000000000
12 4 7 10424 32 2.000000000
12 5 7 10425 32 2.000000000
12 6 7 10426 32 2.000000000
12 7 7 10427 32 2.000000000
12 8 7 10428 32 2.000000000
12 9 7 10429 32 2.000000000
12 10 7 10430 32 2.000000000
12 11 7 10431 32 2.000000000
12 13 7 10432 32 2.000000000
12 14 7 10433 32 2.000000000
12 15 7 10434 32 2.000000000
12 16 7 10435 32 2.000000000
12 17 7 10436 32 2.000000000
12 18 7 10437 32 2.000000000
12 19 7 10438 32 2.000000000
12 20 7 10439 32 2.000000000
12 21 7 10440 32 2.000000000
12 22 7 10441 32 2.000000000
12 23 7 10442 32 2.000000000
12 24 7 10443 32 2.000000000
12 25 7 10444 32 2.000000000
12 26 7 10445 32 2.000000000
12 27 7 10446 32 2.000000000
12 28 7 10447 32 2.000000000
12 29 7 10448 32 2.000000000
12 30 7 10449 32 2.000000000
12 31 7 10450 32 2.000000000
12 32 7 10451 32 2.000000000
12 33 7 10452 32 2.000000000
12 34 7 10453 32 2.000000000
12 35 7 10454 32 2.000000000
13 0 7 10455 32 2.000000000
13 1 7 10456 32 2.000000000
13 2 7 10457 32 2.000000000
13 3 7 10458 32 2.000000000
13 4 7 10459 32 2.000000000
13 5 7 10460 32 2.000000000
13 6 7 10461 32 2.000000000
13 7 7 10462 32 2.000000000
13 8 7 10463 32 2.000000000
13 9 7 10464 32 2.000000000
13 10 7 10465 32 2.000000000
13 11 7 10466 32 2.000000000
13 12 7 10467 32 2.000000000
13 14 7 10468 32 2.000000000
13 15 7 10469 32 2.000000000
13 16 7 10470 32 2.000000000
13 17 7 10471 32 2.000000000
13 18 7 10472 32 2.000000000
13 19 7 10473 32 2.000000000
13 20 7 10474 32 2.000000000
13 21 7 10475 32 2.000000000
13 22 7 10476 32 2.000000000
13 23 7 10477 32 2.000000000
13 24 7 10478 32 2.000000000
13 25 7 10479 32 2.000000000
13 26 7 10480 32 2.000000000
13 27 7 10481 32 2.000000000
13 28 7 10482 32 2.000000000
13 29 7 10483 32 2.000000000
13 30 7 10484 32 2.000000000
13 31 7 10485 32 2.000000000
13 32 7 10486 32 2.000000000
13 33 7 10487 32 2.000000000
13 34 7 10488 32 2.000000000
13 35 7 10489 32 2.000000000
14 0 7 10490 32 2.000000000
14 1 7 10491 32 2.000000000
14 2 7 10492 32 2.000000000
14 3 7 10493 32 2.000000000
14 4 7 10494 32 2.000000000
14 5 7 10495 32 2.000000000
14 6 7 10496 32 2.000000000
14 7 7 10497 32 2.000000000
14 8 7 10498 32 2.000000000
14 9 7 10499 32 2.000000000
14 10 7 10500 32 2.000000000
14 11 7 10501 32 2.000000000
14 12 7 10502 32 2.000000000
14 13 7 10503 32 2.000000000
14 15 7 10504 32 2.000000000
14 16 7 10505 32 2.000000000
14 17 7 10506 32 2.000000000
14 18 7 10507 32 2.000000000
14 19 7 10508 32 2.000000000
14 20 7 10509 32 2.000000000
14 21 7 10510 32 2.000000000
14 22 7 10511 32 2.000000000
14 23 7 10512 32 2.000000000
14 24 7 10513 32 2.000000000
14 25 7 10514 32 2.000000000
14 26 7 10515 32 2.000000000
14 27 7 10516 32 2.000000000
14 28 7 10517 32 2.000000000
14 29 7 10518 32 2.000000000
14 30 7 10519 32 2.000000000
14 31 7 10520 32 2.000000000
14 32 7 10521 32 2.000000000
14 33 7 10522 32 2.000000000
14 34 7 10523 32 2.000000000
14 35 7 10524 32 2.000000000
15 0 7 10525 32 2.000000000
15 1 7 10526 32 2.000000000
15 2 7 10527 32 2.000000000
15 3 7 10528 32 2.000000000
15 4 7 10529 32 2.000000000
15 5 7 10530 32 2.000000000
15 6 7 10531 32 2.000000000
15 7 7 10532 32 2.000000000
15 8 7 10533 32 2.000000000
15 9 7 10534 32 2.000000000
15 10 7 10535 32 2.000000000
15 11 7 10536 32 2.000000000
15 12 7 10537 32 2.000000000
15 13 7 10538 32 2.000000000
15 14 7 10539 32 2.000000000
15 16 7 10540 32 2.000000000
15 17 7 10541 32 2.000000000
15 18 7 10542 32 2.000000000
15 19 7 10543 32 2.000000000
15 20 7 10544 32 2.000000000
15 21 7 10545 32 2.000000000
15 22 7 10546 32 2.000000000
15 23 7 10547 32 2.000000000
15 24 7 10548 32 2.000000000
15 25 7 10549 32 2.000000000
15 26 7 10550 32 2.000000000
15 27 7 10551 32 2.000000000
15 28 7 10552 32 2.000000000
15 29 7 10553 32 2.000000000
15 30 7 10554 32 2.000000000
15 31 7 10555 32 2.000000000
15 32 7 10556 32 2.000000000
15 33 7 10557 32 2.000000000
15 34 7 10558 32 2.000000000
15 35 7 10559 32 2.000000000
16 0 7 10560 32 2.000000000
16 1 7 10561 32 2.000000000
16 2 7 10562 32 2.000000000
16 3 7 10563 32 2.000000000
16 4 7 10564 32 2.000000000
16 5 7 10565 32 2.000000000
16 6 7 10566 32 2.000000000
16 7 7 10567 32 2.000000000
16 8 7 10568 32 2.000000000
16 9 7 10569 32 2.000000000
16 10 7 10570 32 2.000000000
16 11 7 10571 32 2.000000000
16 12 7 10572 32 2.000000000
16 13 7 10573 32 2.000000000
16 14 7 10574 32 2.000000000
16 15 7 10575 32 2.000000000
16 17 7 10576 32 2.000000000
16 18 7 10577 32 2.000000000
16 19 7 10578 32 2.000000000
16 20 7 10579 32 2.000000000
16 21 7 10580 32 2.000000000
16 22 7 10581 32 2.000000000
16 23 7 10582 32 2.000000000
16 24 7 10583 32 2.000000000
16 25 7 10584 32 2.000000000
16 26 7 10585 32 2.000000000
16 27 7 10586 32 2.000000000
16 28 7 10587 32 2.000000000
16 29 7 10588 32 2.000000000
16 30 7 10589 32 2.000000000
16 31 7 10590 32 2.000000000
16 32 7 10591 32 2.000000000
16 33 7 10592 32 2.000000000
16 34 7 10593 32 2.000000000
16 35 7 10594 32 2.000000000
17 0 7 10595 32 2.000000000
17 1 7 10596 32 2.000000000
17 2 7 10597 32 2.000000000
17 3 7 10598 32 2.000000000
17 4 7 10599 32 2.000000000
17 5 7 10600 32 2.000000000
17 6 7 10601 32 2.000000000
17 7 7 10602 32 2.000000000
17 8 7 10603 32 2.000000000
17 9 7 10604 32 2.000000000
17 10 7 10605 32 2.000000000
17 11 7 10606 32 2.000000000
17 12 7 10607 32 2.000000000
17 13 7 10608 32 2.000000000
17 14 7 10609 32 2.000000000
17 15 7 10610 32 2.000000000
17 16 7 10611 32 2.000000000
17 18 7 10612 32 2.000000000
17 19 7 10613 32 2.000000000
17 20 7 10614 32 2.000000000
17 21 7 10615 32 2.000000000
17 22 7 10616 32 2.000000000
17 23 7 10617 32 2.000000000
17 24 7 10618 32 2.000000000
17 25 7 10619 32 2.000000000
17 26 7 10620 32 2.000000000
17 27 7 10621 32 2.000000000
17 28 7 10622 32 2.000000000
17 29 7 10623 32 2.000000000
17 30 7 10624 32 2.000000000
17 31 7 10625 32 2.000000000
17 32 7 10626 32 2.000000000
17 33 7 10627 32 2.000000000
17 34 7 10628 32 2.000000000
17 35 7 10629 32 2.000000000
18 0 7 10630 32 2.000000000
18 1 7 10631 32 2.000000000
18 2 7 10632 32 2.000000000
18 3 7 10633 32 2.000000000
18 4 7 10634 32 2.000000000
18 5 7 10635 32 2.000000000
18 6 7 10636 32 2.000000000
18 7 7 10637 32 2.000000000
18 8 7 10638 32 2.000000000
18 9 7 10639 32 2.000000000
18 10 7 10640 32 2.000000000
18 11 7 10641 32 2.000000000
18 12 7 10642 32 2.000000000
18 13 7 10643 32 2.000000000
18 14 7 10644 32 2.000000000
18 15 7 10645 32 2.000000000
18 16 7 10646 32 2.000000000
18 17 7 10647 32 2.000000000
18 19 7 10648 32 2.000000000
18 20 7 10649 32 2.000000000
18 21 7 10650 32 2.000000000
18 22 7 10651 32 2.000000000
18 23 7 10652 32 2.000000000
18 24 7 10653 32 2.000000000
18 25 7 10654 32 2.000000000
18 26 7 10655 32 2.000000000
18 27 7 10656 32 2.000000000
18 28 7 10657 32 2.000000000
18 29 7 10658 32 2.000000000
18 30 7 10659 32 2.000000000
18 31 7 10660 32 2.000000000
18 32 7 10661 32 2.000000000
18 33 7 10662 32 2.000000000
18 34 7 10663 32 2.000000000
18 35 7 10664 32 2.000000000
19 0 7 10665 32 2.000000000
19 1 7 10666 32 2.000000000
19 2 7 10667 32 2.000000000
19 3 7 10668 32 2.000000000
19 4 7 10669 32 2.000000000
19 5 7 10670 32 2.000000000
19 6 7 10671 32 2.000000000
19 7 7 10672 32 2.000000000
19 8 7 10673 32 2.000000000
19 9 7 10674 32 2.000000000
19 10 7 10675 32 2.000000000
19 11 7 10676 32 2.000000000
19 12 7 10677 32 2.000000000
19 13 7 10678 32 2.000000000
19 14 7 10679 32 2.000000000
19 15 7 10680 32 2.000000000
19 16 7 10681 32 2.000000000
19 17 7 10682 32 2.000000000
19 18 7 10683 32 2.000000000
19 20 7 10684 32 2.000000000
19 21 7 10685 32 2.000000000
19 22 7 10686 32 2.000000000
19 23 7 10687 32 2.000000000
19 24 7 10688 32 2.000000000
19 25 7 10689 32 2.000000000
19 26 7 10690 32 2.000000000
19 27 7 10691 32 2.000000000
19 28 7 10692 32 2.000000000
19 29 7 10693 32 2.000000000
19 30 7 10694 32 2.000000000
19 31 7 10695 32 2.000000000
19 32 7 10696 32 2.000000000
19 33 7 10697 32 2.000000000
19 34 7 10698 32 2.000000000
19 35 7 10699 32 2.000000000
20 0 7 10700 32 2.000000000
20 1 7 10701 32 2.000000000
20 2 7 10702 32 2.000000000
20 3 7 10703 32 2.000000000
20 4 7 10704 32 2.000000000
20 5 7 10705 32 2.000000000
20 6 7 10706 32 2.000000000
20 7 7 10707 32 2.000000000
20 8 7 10708 32 2.000000000
20 9 7 10709 32 2.000000000
20 10 7 10710 32 2.000000000
20 11 7 10711 32 2.000000000
20 12 7 10712 32 2.000000000
20 13 7 10713 32 2.000000000
20 14 7 10714 32 2.000000000
20 15 7 10715 32 2.000000000
20 16 7 10716 32 2.000000000
20 17 7 10717 32 2.000000000
20 18 7 10718 32 2.000000000
20 19 7 10719 32 2.000000000
20 21 7 10720 32 2.000000000
20 22 7 10721 32 2.000000000
20 23 7 10722 32 2.000000000
20 24 7 10723 32 2.000000000
20 25 7 10724 32 2.000000000
20 26 7 10725 32 2.000000000
20 27 7 10726 32 2.000000000
20 28 7 10727 32 2.000000000
20 29 7 10728 32 2.000000000
20 30 7 10729 32 2.000000000
20 31 7 10730 32 2.000000000
20 32 7 10731 32 2.000000000
20 33 7 10732 32 2.000000000
20 34 7 10733 32 2.000000000
20 35 7 10734 32 2.000000000
21 0 7 10735 32 2.000000000
21 1 7 10736 32 2.000000000
21 2 7 10737 32 2.000000000
21 3 7 10738 32 2.000000000
21 4 7 10739 32 2.000000000
21 5 7 10740 32 2.000000000
21 6 7 10741 32 2.000000000
21 7 7 10742 32 2.000000000
21 8 7 10743 32 2.000000000
21 9 7 10744 32 2.000000000
21 10 7 10745 32 2.000000000
21 11 7 10746 32 2.000000000
21 12 7 10747 32 2.000000000
21 13 7 10748 32 2.000000000
21 14 7 10749 32 2.000000000
21 15 7 10750 32 2.000000000
21 16 7 10751 32 2.000000000
21 17 7 10752 32 2.000000000
21 18 7 10753 32 2.000000000
21 19 7 10754 32 2.000000000
21 20 7 10755 32 2.000000000
21 22 7 10756 32 2.000000000
21 23 7 10757 32 2.000000000
21 24 7 10758 32 2.000000000
21 25 7 10759 32 2.000000000
21 26 7 10760 32 2.000000000
21 27 7 10761 32 2.000000000
21 28 7 10762 32 2.000000000
21 29 7 10763 32 2.000000000
21 30 7 10764 32 2.000000000
21 31 7 10765 32 2.000000000
21 32 7 10766 32 2.000000000
21 33 7 10767 32 2.000000000
21 34 7 10768 32 2.000000000
21 35 7 10769 32 2.000000000
22 0 7 10770 32 2.000000000
22 1 7 10771 32 2.000000000
22 2 7 10772 32 2.000000000
22 3 7 10773 32 2.000000000
22 4 7 10774 32 2.000000000
22 5 7 10775 32 2.000000000
22 6 7 10776 32 2.000000000
22 7 7 10777 32 2.000000000
22 8 7 10778 32 2.000000000
22 9 7 10779 32 2.000000000
22 10 7 10780 32 2.000000000
22 11 7 10781 32 2.000000000
22 12 7 10782 32 2.000000000
22 13 7 10783 32 2.000000000
22 14 7 10784 32 2.000000000
22 15 7 10785 32 2.000000000
22 16 7 10786 32 2.000000000
22 17 7 10787 32 2.000000000
22 18 7 10788 32 2.000000000
22 19 7 10789 32 2.000000000
22 20 7 10790 32 2.000000000
22 21 7 10791 32 2.000000000
22 23 7 10792 32 2.000000000
22 24 7 10793 32 2.000000000
22 25 7 10794 32 2.000000000
22 26 7 10795 32 2.000000000
22 27 7 10796 32 2.000000000
22 28 7 10797 32 2.000000000
22 29 7 10798 32 2.000000000
22 30 7 10799 32 2.000000000
22 31 7 10800 32 2.000000000
22 32 7 10801 32 2.000000000
22 33 7 10802 32 2.000000000
22 34 7 10803 32 2.000000000
22 35 7 10804 32 2.000000000
23 0 7 10805 32 2.000000000
23 1 7 10806 32 2.000000000
23 2 7 10807 32 2.000000000
23 3 7 10808 32 2.000000000
23 4 7 10809 32 2.000000000
23 5 7 10810 32 2.000000000
23 6 7 10811 32 2.000000000
23 7 7 10812 32 2.000000000
23 8 7 10813 32 2.000000000
23 9 7 10814 32 2.000000000
23 10 7 10815 32 2.000000000
23 11 7 10816 32 2.000000000
23 12 7 10817 32 2.000000000
23 13 7 10818 32 2.000000000
23 14 7 10819 32 2.000000000
23 15 7 10820 32 2.000000000
23 16 7 10821 32 2.000000000
23 17 7 10822 32 2.000000000
23 18 7 10823 32 2.000000000
23 19 7 10824 32 2.000000000
23 20 7 10825 32 2.000000000
23 21 7 10826 32 2.000000000
23 22 7 10827 32 2.000000000
23 24 7 10828 32 2.000000000
23 25 7 10829 32 2.000000000
23 26 7 10830 32 2.000000000
23 27 7 10831 32 2.000000000
23 28 7 10832 32 2.000000000
23 29 7 10833 32 2.000000000
23 30 7 10834 32 2.000000000
23 31 7 10835 32 2.000000000
23 32 7 10836 32 2.000000000
23 33 7 10837 32 2.000000000
23 34 7 10838 32 2.000000000
23 35 7 10839 32 2.000000000
24 0 7 10840 32 2.000000000
24 1 7 10841 32 2.000000000
24 2 7 10842 32 2.000000000
24 3 7 10843 32 2.000000000
24 4 7 10844 32 2.000000000
24 5 7 10845 32 2.000000000
24 6 7 10846 32 2.000000000
24 7 7 10847 32 2.000000000
24 8 7 10848 32 2.000000000
24 9 7 10849 32 2.000000000
24 10 7 10850 32 2.000000000
24 11 7 10851 32 2.000000000
24 12 7 10852 32 2.000000000
24 13 7 10853 32 2.000000000
24 14 7 10854 32 2.000000000
24 15 7 10855 32 2.000000000
24 16 7 10856 32 2.000000000
24 17 7 10857 32 2.000000000
24 18 7 10858 32 2.000000000
24 19 7 10859 32 2.000000000
24 20 7 10860 32 2.000000000
24 21 7 10861 32 2.000000000
24 22 7 10862 32 2.000000000
24 23 7 10863 32 2.000000000
24 25 7 10864 32 2.000000000
24 26 7 10865 32 2.000000000
24 27 7 10866 32 2.000000000
24 28 7 10867 32 2.000000000
24 29 7 10868 32 2.000000000
24 30 7 10869 32 2.000000000
24 31 7 10870 32 2.000000000
24 32 7 10871 32 2.000000000
24 33 7 10872 32 2.000000000
24 34 7 10873 32 2.000000000
24 35 7 10874 32 2.000000000
25 0 7 10875 32 2.000000000
25 1 7 10876 32 2.000000000
25 2 7 10877 32 2.000000000
25 3 7 10878 32 2.000000000
25 4 7 10879 32 2.000000000
25 5 7 10880 32 2.000000000
25 6 7 10881 32 2.000000000
25 7 7 10882 32 2.000000000
25 8 7 10883 32 2.000000000
25 9 7 10884 32 2.000000000
25 10 7 10885 32 2.000000000
25 11 7 10886 32 2.000000000
25 12 7 10887 32 2.000000000
25 13 7 10888 32 2.000000000
25 14 7 10889 32 2.000000000
25 15 7 10890 32 2.000000000
25 16 7 10891 32 2.000000000
25 17 7 10892 32 2.000000000
25 18 7 10893 32 2.000000000
25 19 7 10894 32 2.000000000
25 20 7 10895 32 2.000000000
25 21 7 10896 32 2.000000000
25 22 7 10897 32 2.000000000
25 23 7 10898 32 2.000000000
25 24 7 10899 32 2.000000000
25 26 7 10900 32 2.000000000
25 27 7 10901 32 2.000000000
25 28 7 10902 32 2.000000000
25 29 7 10903 32 2.000000000
25 30 7 10904 32 2.000000000
25 31 7 10905 32 2.000000000
25 32 7 10906 32 2.000000000
25 33 7 10907 32 2.000000000
25 34 7 10908 32 2.000000000
25 35 7 10909 32 2.000000000
26 0 7 10910 32 2.000000000
26 1 7 10911 32 2.000000000
26 2 7 10912 32 2.000000000
26 3 7 10913 32 2.000000000
26 4 7 10914 32 2.000000000
26 5 7 10915 32 2.000000000
26 6 7 10916 32 2.000000000
26 7 7 10917 32 2.000000000
26 8 7 10918 32 2.000000000
26 9 7 10919 32 2.000000000
26 10 7 10920 32 2.000000000
26 11 7 10921 32 2.000000000
26 12 7 10922 32 2.000000000
26 13 7 10923 32 2.000000000
26 14 7 10924 32 2.000000000
26 15 7 10925 32 2.000000000
26 16 7 10926 32 2.000000000
26 17 7 10927 32 2.000000000
26 18 7 10928 32 2.000000000
26 19 7 10929 32 2.000000000
26 20 7 10930 32 2.000000000
26 21 7 10931 32 2.000000000
26 22 7 10932 32 2.000000000
26 23 7 10933 32 2.000000000
26 24 7 10934 32 2.000000000
26 25 7 10935 32 2.000000000
26 27 7 10936 32 2.000000000
26 28 7 10937 32 2.000000000
26 29 7 10938 32 2.000000000
26 30 7 10939 32 2.000000000
26 31 7 10940 32 2.000000000
26 32 7 10941 32 2.000000000
26 33 7 10942 32 2.000000000
26 34 7 10943 32 2.000000000
26 35 7 10944 32 2.000000000
27 0 7 10945 32 2.000000000
27 1 7 10946 32 2.000000000
27 2 7 10947 32 2.000000000
27 3 7 10948 32 2.000000000
27 4 7 10949 32 2.000000000
27 5 7 10950 32 2.000000000
27 6 7 10951 32 2.000000000
27 7 7 10952 32 2.000000000
27 8 7 10953 32 2.000000000
27 9 7 10954 32 2.000000000
27 10 7 10955 32 2.000000000
27 11 7 10956 32 2.000000000
27 12 7 10957 32 2.000000000
27 13 7 10958 32 2.000000000
27 14 7 10959 32 2.000000000
27 15 7 10960 32 2.000000000
27 16 7 10961 32 2.000000000
27 17 7 10962 32 2.000000000
27 18 7 10963 32 2.000000000
27 19 7 10964 32 2.000000000
27 20 7 10965 32 2.000000000
27 21 7 10966 32 2.000000000
27 22 7 10967 32 2.000000000
27 23 7 10968 32 2.000000000
27 24 7 10969 32 2.000000000
27 25 7 10970 32 2.000000000
27 26 7 10971 32 2.000000000
27 28 7 10972 32 2.000000000
27 29 7 10973 32 2.000000000
27 30 7 10974 32 2.000000000
27 31 7 10975 32 2.000000000
27 32 7 10976 32 2.000000000
27 33 7 10977 32 2.000000000
27 34 7 10978 32 2.000000000
27 35 7 10979 32 2.000000000
28 0 7 10980 32 2.000000000
28 1 7 10981 32 2.000000000
28 2 7 10982 32 2.000000000
28 3 7 10983 32 2.000000000
28 4 7 10984 32 2.000000000
28 5 7 10985 32 2.000000000
28 6 7 10986 32 2.000000000
28 7 7 10987 32 2.000000000
28 8 7 10988 32 2.000000000
28 9 7 10989 32 2.000000000
28 10 7 10990 32 2.000000000
28 11 7 10991 32 2.000000000
28 12 7 10992 32 2.000000000
28 13 7 10993 32 2.000000000
28 14 7 10994 32 2.000000000
28 15 7 10995 32 2.000000000
28 16 7 10996 32 2.000000000
28 17 7 10997 32 2.000000000
28 18 7 10998 32 2.000000000
28 19 7 10999 32 2.000000000
28 20 7 11000 32 2.000000000
28 21 7 11001 32 2.000000000
28 22 7 11002 32 2.000000000
28 23 7 11003 32 2.000000000
28 24 7 11004 32 2.000000000
28 25 7 11005 32 2.000000000
28 26 7 11006 32 2.000000000
28 27 7 11007 32 2.000000000
28 29 7 11008 32 2.000000000
28 30 7 11009 32 2.000000000
28 31 7 11010 32 2.000000000
28 32 7 11011 32 2.000000000
28 33 7 11012 32 2.000000000
28 34 7 11013 32 2.000000000
28 35 7 11014 32 2.000000000
29 0 7 11015 32 2.000000000
29 1 7 11016 32 2.000000000
29 2 7 11017 32 2.000000000
29 3 7 11018 32 2.000000000
29 4 7 11019 32 2.000000000
29 5 7 11020 32 2.000000000
29 6 7 11021 32 2.000000000
29 7 7 11022 32 2.000000000
29 8 7 11023 32 2.000000000
29 9 7 11024 32 2.000000000
29 10 7 11025 32 2.000000000
29 11 7 11026 32 2.000000000
29 12 7 11027 32 2.000000000
29 13 7 11028 32 2.000000000
29 14 7 11029 32 2.000000000
29 15 7 11030 32 2.000000000
29 16 7 11031 32 2.000000000
29 17 7 11032 32 2.000000000
29 18 7 11033 32 2.000000000
29 19 7 11034 32 2.000000000
29 20 7 11035 32 2.000000000
29 21 7 11036 32 2.000000000
29 22 7 11037 32 2.000000000
29 23 7 11038 32 2.000000000
29 24 7 11039 32 2.000000000
29 25 7 11040 32 2.000000000
29 26 7 11041 32 2.000000000
29 27 7 11042 32 2.000000000
29 28 7 11043 32 2.000000000
29 30 7 11044 32 2.000000000
29 31 7 11045 32 2.000000000
29 32 7 11046 32 2.000000000
29 33 7 11047 32 2.000000000
29 34 7 11048 32 2.000000000
29 35 7 11049 32 2.000000000
30 0 7 11050 32 2.000000000
30 1 7 11051 32 2.000000000
30 2 7 11052 32 2.000000000
30 3 7 11053 32 2.000000000
30 4 7 11054 32 2.000000000
30 5 7 11055 32 2.000000000
30 6 7 11056 32 2.000000000
30 7 7 11057 32 2.000000000
30 8 7 11058 32 2.000000000
30 9 7 11059 32 2.000000000
30 10 7 11060 32 2.000000000
30 11 7 11061 32 2.000000000
30 12 7 11062 32 2.000000000
30 13 7 11063 32 2.000000000
30 14 7 11064 32 2.000000000
30 15 7 11065 32 2.000000000
30 16 7 11066 32 2.000000000
30 17 7 11067 32 2.000000000
30 18 7 11068 32 2.000000000
30 19 7 11069 32 2.000000000
30 20 7 11070 32 2.000000000
30 21 7 11071 32 2.000000000
30 22 7 11072 32 2.000000000
30 23 7 11073 32 2.000000000
30 24 7 11074 32 2.000000000
30 25 7 11075 32 2.000000000
30 26 7 11076 32 2.000000000
30 27 7 11077 32 2.000000000
30 28 7 11078 32 2.000000000
30 29 7 11079 32 2.000000000
30 31 7 11080 32 2.000000000
30 32 7 11081 32 2.000000000
30 33 7 11082 32 2.000000000
30 34 7 11083 32 2.000000000
30 35 7 11084 32 2.000000000
31 0 7 11085 32 2.000000000
31 1 7 11086 32 2.000000000
31 2 7 11087 32 2.000000000
31 3 7 11088 32 2.000000000
31 4 7 11089 32 2.000000000
31 5 7 11090 32 2.000000000
31 6 7 11091 32 2.000000000
31 7 7 11092 32 2.000000000
31 8 7 11093 32 2.000000000
31 9 7 11094 32 2.000000000
31 10 7 11095 32 2.000000000
31 11 7 11096 32 2.000000000
31 12 7 11097 32 2.000000000
31 13 7 11098 32 2.000000000
31 14 7 11099 32 2.000000000
31 15 7 11100 32 2.000000000
31 16 7 11101 32 2.000000000
31 17 7 11102 32 2.000000000
31 18 7 11103 32 2.000000000
31 19 7 11104 32 2.000000000
31 20 7 11105 32 2.000000000
31 21 7 11106 32 2.000000000
31 22 7 11107 32 2.000000000
31 23 7 11108 32 2.000000000
31 24 7 11109 32 2.000000000
31 25 7 11110 32 2.000000000
31 26 7 11111 32 2.000000000
31 27 7 11112 32 2.000000000
31 28 7 11113 32 2.000000000
31 29 7 11114 32 2.000000000
31 30 7 11115 32 2.000000000
31 32 7 11116 32 2.000000000
31 33 7 11117 32 2.000000000
31 34 7 11118 32 2.000000000
31 35 7 11119 32 2.000000000
32 0 7 11120 32 2.000000000
32 1 7 11121 32 2.000000000
32 2 7 11122 32 2.000000000
32 3 7 11123 32 2.000000000
32 4 7 11124 32 2.000000000
32 5 7 11125 32 2.000000000
32 6 7 11126 32 2.000000000
32 7 7 11127 32 2.000000000
32 8 7 11128 32 2.000000000
32 9 7 11129 32 2.000000000
32 10 7 11130 32 2.000000000
32 11 7 11131 32 2.000000000
32 12 7 11132 32 2.000000000
32 13 7 11133 32 2.000000000
32 14 7 11134 32 2.000000000
32 15 7 11135 32 2.000000000
32 16 7 11136 32 2.000000000
32 17 7 11137 32 2.000000000
32 18 7 11138 32 2.000000000
32 19 7 11139 32 2.000000000
32 20 7 11140 32 2.000000000
32 21 7 11141 32 2.000000000
32 22 7 11142 32 2.000000000
32 23 7 11143 32 2.000000000
32 24 7 11144 32 2.000000000
32 25 7 11145 32 2.000000000
32 26 7 11146 32 2.000000000
32 27 7 11147 32 2.000000000
32 28 7 11148 32 2.000000000
32 29 7 11149 32 2.000000000
32 30 7 11150 32 2.000000000
32 31 7 11151 32 2.000000000
32 33 7 11152 32 2.000000000
32 34 7 11153 32 2.000000000
32 35 7 11154 32 2.000000000
33 0 7 11155 32 2.000000000
33 1 7 11156 32 2.000000000
33 2 7 11157 32 2.000000000
33 3 7 11158 32 2.000000000
33 4 7 11159 32 2.000000000
33 5 7 11160 32 2.000000000
33 6 7 11161 32 2.000000000
33 7 7 11162 32 2.000000000
33 8 7 11163 32 2.000000000
33 9 7 11164 32 2.000000000
33 10 7 11165 32 2.000000000
33 11 7 11166 32 2.000000000
33 12 7 11167 32 2.000000000
33 13 7 11168 32 2.000000000
33 14 7 11169 32 2.000000000
33 15 7 11170 32 2.000000000
33 16 7 11171 32 2.000000000
33 17 7 11172 32 2.000000000
33 18 7 11173 32 2.000000000
33 19 7 11174 32 2.000000000
33 20 7 11175 32 2.000000000
33 21 7 11176 32 2.000000000
33 22 7 11177 32 2.000000000
33 23 7 11178 32 2.000000000
33 24 7 11179 32 2.000000000
33 25 7 11180 32 2.000000000
33 26 7 11181 32 2.000000000
33 27 7 11182 32 2.000000000
33 28 7 11183 32 2.000000000
33 29 7 11184 32 2.000000000
33 30 7 11185 32 2.000000000
33 31 7 11186 32 2.000000000
33 32 7 11187 32 2.000000000
33 34 7 11188 32 2.000000000
33 35 7 11189 32 2.000000000
34 0 7 11190 32 2.000000000
34 1 7 11191 32 2.000000000
34 2 7 11192 32 2.000000000
34 3 7 11193 32 2.000000000
34 4 7 11194 32 2.000000000
34 5 7 11195 32 2.000000000
34 6 7 11196 32 2.000000000
34 7 7 11197 32 2.000000000
34 8 7 11198 32 2.000000000
34 9 7 11199 32 2.000000000
34 10 7 11200 32 2.000000000
34 11 7 11201 32 2.000000000
34 12 7 11202 32 2.000000000
34 13 7 11203 32 2.000000000
34 14 7 11204 32 2.000000000
34 15 7 11205 32 2.000000000
34 16 7 11206 32 2.000000000
34 17 7 11207 32 2.000000000
34 18 7 11208 32 2.000000000
34 19 7 11209 32 2.000000000
34 20 7 11210 32 2.000000000
34 21 7 11211 32 2.000000000
34 22 7 11212 32 2.000000000
34 23 7 11213 32 2.000000000
34 24 7 11214 32 2.000000000
34 25 7 11215 32 2.000000000
34 26 7 11216 32 2.000000000
34 27 7 11217 32 2.000000000
34 28 7 11218 32 2.000000000
34 29 7 11219 32 2.000000000
34 30 7 11220 32 2.000000000
34 31 7 11221 32 2.000000000
34 32 7 11222 32 2.000000000
34 33 7 11223 32 2.000000000
34 35 7 11224 32 2.000000000
35 0 7 11225 32 2.000000000
35 1 7 11226 32 2.000000000
35 2 7 11227 32 2.000000000
35 3 7 11228 32 2.000000000
35 4 7 11229 32 2.000000000
35 5 7 11230 32 2.000000000
35 6 7 11231 32 2.000000000
35 7 7 11232 32 2.000000000
35 8 7 11233 32 2.000000000
35 9 7 11234 32 2.000000000
35 10 7 11235 32 2.000000000
35 11 7 11236 32 2.000000000
35 12 7 11237 32 2.000000000
35 13 7 11238 32 2.000000000
35 14 7 11239 32 2.000000000
35 15 7 11240 32 2.000000000
35 16 7 11241 32 2.000000000
35 17 7 11242 32 2.000000000
35 18 7 11243 32 2.000000000
35 19 7 11244 32 2.000000000
35 20 7 11245 32 2.000000000
35 21 7 11246 32 2.000000000
35 22 7 11247 32 2.000000000
35 23 7 11248 32 2.000000000
35 24 7 11249 32 2.000000000
35 25 7 11250 32 2.000000000
35 26 7 11251 32 2.000000000
35 27 7 11252 32 2.000000000
35 28 7 11253 32 2.000000000
35 29 7 11254 32 2.000000000
35 30 7 11255 32 2.000000000
35 31 7 11256 32 2.000000000
35 32 7 11257 32 2.000000000
35 33 7 11258 32 2.000000000
35 34 7 11259 32 2.000000000
