1260
0 1 7 10000 16 2.000000000
0 2 7 10001 16 2.000000000
0 3 7 10002 16 2.000000000
0 4 7 10003 16 2.000000000
0 5 7 10004 16 2.000000000
0 6 7 10005 16 2.000000000
0 7 7 10006 16 2.000000000
0 8 7 10007 16 2.000000000
0 9 7 10008 16 2.000000000
0 10 7 10009 16 2.000000000
0 11 7 10010 16 2.000000000
0 12 7 10011 16 2.000000000
0 13 7 10012 16 2.000000000
0 14 7 10013 16 2.000000000
0 15 7 10014 16 2.000000000
0 16 7 10015 16 2.000000000
0 17 7 10016 16 2.000000000
0 18 7 10017 16 2.000000000
0 19 7 10018 16 2.000000000
0 20 7 10019 16 2.000000000
0 21 7 10020 16 2.000000000
0 22 7 10021 16 2.000000000
0 23 7 10022 16 2.000000000
0 24 7 10023 16 2.000000000
0 25 7 10024 16 2.000000000
0 26 7 10025 16 2.000000000
0 27 7 10026 16 2.000000000
0 28 7 10027 16 2.000000000
0 29 7 10028 16 2.000000000
0 30 7 10029 16 2.000000000
0 31 7 10030 16 2.000000000
0 32 7 10031 16 2.000000000
0 33 7 10032 16 2.000000000
0 34 7 10033 16 2.000000000
0 35 7 10034 16 2.000000000
1 0 7 10035 16 2.000000000
1 2 7 10036 16 2.000000000
1 3 7 10037 16 2.000000000
1 4 7 10038 16 2.000000000
1 5 7 10039 16 2.000000000
1 6 7 10040 16 2.000000000
1 7 7 10041 16 2.000000000
1 8 7 10042 16 2.000000000
1 9 7 10043 16 2.000000000
1 10 7 10044 16 2.000000000
1 11 7 10045 16 2.000000000
1 12 7 10046 16 2.000000000
1 13 7 10047 16 2.000000000
1 14 7 10048 16 2.000000000
1 15 7 10049 16 2.000000000
1 16 7 10050 16 2.000000000
1 17 7 10051 16 2.000000000
1 18 7 10052 16 2.000000000
1 19 7 10053 16 2.000000000
1 20 7 10054 16 2.000000000
1 21 7 10055 16 2.000000000
1 22 7 10056 16 2.000000000
1 23 7 10057 16 2.000000000
1 24 7 10058 16 2.000000000
1 25 7 10059 16 2.000000000
1 26 7 10060 16 2.000000000
1 27 7 10061 16 2.000000000
1 28 7 10062 16 2.000000000
1 29 7 10063 16 2.000000000
1 30 7 10064 16 2.000000000
1 31 7 10065 16 2.000000000
1 32 7 10066 16 2.000000000
1 33 7 10067 16 2.000000000
1 34 7 10068 16 2.000000000
1 35 7 10069 16 2.000000000
2 0 7 10070 16 2.000000000
2 1 7 10071 16 2.000000000
2 3 7 10072 16 2.000000000
2 4 7 10073 16 2.000000000
2 5 7 10074 16 2.000000000
2 6 7 10075 16 2.000000000
2 7 7 10076 16 2.000000000
2 8 7 10077 16 2.000000000
2 9 7 10078 16 2.000000000
2 10 7 10079 16 2.000000000
2 11 7 10080 16 2.000000000
2 12 7 10081 16 2.000000000
2 13 7 10082 16 2.000000000
2 14 7 10083 16 2.000000000
2 15 7 10084 16 2.000000000
2 16 7 10085 16 2.000000000
2 17 7 10086 16 2.000000000
2 18 7 10087 16 2.000000000
2 19 7 10088 16 2.000000000
2 20 7 10089 16 2.000000000
2 21 7 10090 16 2.000000000
2 22 7 10091 16 2.000000000
2 23 7 10092 16 2.000000000
2 24 7 10093 16 2.000000000
2 25 7 10094 16 2.000000000
2 26 7 10095 16 2.000000000
2 27 7 10096 16 2.000000000
2 28 7 10097 16 2.000000000
2 29 7 10098 16 2.000000000
2 30 7 10099 16 2.000000000
2 31 7 10100 16 2.000000000
2 32 7 10101 16 2.000000000
2 33 7 10102 16 2.000000000
2 34 7 10103 16 2.000000000
2 35 7 10104 16 2.000000000
3 0 7 10105 16 2.000000000
3 1 7 10106 16 2.000000000
3 2 7 10107 16 2.000000000
3 4 7 10108 16 2.000000000
3 5 7 10109 16 2.000000000
3 6 7 10110 16 2.000000000
3 7 7 10111 16 2.000000000
3 8 7 10112 16 2.000000000
3 9 7 10113 16 2.000000000
3 10 7 10114 16 2.000000000
3 11 7 10115 16 2.000000000
3 12 7 10116 16 2.000000000
3 13 7 10117 16 2.000000000
3 14 7 10118 16 2.000000000
3 15 7 10119 16 2.000000000
3 16 7 10120 16 2.000000000
3 17 7 10121 16 2.000000000
3 18 7 10122 16 2.000000000
3 19 7 10123 16 2.000000000
3 20 7 10124 16 2.000000000
3 21 7 10125 16 2.000000000
3 22 7 10126 16 2.000000000
3 23 7 10127 16 2.000000000
3 24 7 10128 16 2.000000000
3 25 7 10129 16 2.000000000
3 26 7 10130 16 2.000000000
3 27 7 10131 16 2.000000000
3 28 7 10132 16 2.000000000
3 29 7 10133 16 2.000000000
3 30 7 10134 16 2.000000000
3 31 7 10135 16 2.000000000
3 32 7 10136 16 2.000000000
3 33 7 10137 16 2.000000000
3 34 7 10138 16 2.000000000
3 35 7 10139 16 2.000000000
4 0 7 10140 16 2.000000000
4 1 7 10141 16 2.000000000
4 2 7 10142 16 2.000000000
4 3 7 10143 16 2.000000000
4 5 7 10144 16 2.000000000
4 6 7 10145 16 2.000000000
4 7 7 10146 16 2.000000000
4 8 7 10147 16 2.000000000
4 9 7 10148 16 2.000000000
4 10 7 10149 16 2.000000000
4 11 7 10150 16 2.000000000
4 12 7 10151 16 2.000000000
4 13 7 10152 16 2.000000000
4 14 7 10153 16 2.000000000
4 15 7 10154 16 2.000000000
4 16 7 10155 16 2.000000000
4 17 7 10156 16 2.000000000
4 18 7 10157 16 2.000000000
4 19 7 10158 16 2.000000000
4 20 7 10159 16 2.000000000
4 21 7 10160 16 2.000000000
4 22 7 10161 16 2.000000000
4 23 7 10162 16 2.000000000
4 24 7 10163 16 2.000000000
4 25 7 10164 16 2.000000000
4 26 7 10165 16 2.000000000
4 27 7 10166 16 2.000000000
4 28 7 10167 16 2.000000000
4 29 7 10168 16 2.000000000
4 30 7 10169 16 2.000000000
4 31 7 10170 16 2.000000000
4 32 7 10171 16 2.000000000
4 33 7 10172 16 2.000000000
4 34 7 10173 16 2.000000000
4 35 7 10174 16 2.000000000
5 0 7 10175 16 2.000000000
5 1 7 10176 16 2.000000000
5 2 7 10177 16 2.000000000
5 3 7 10178 16 2.000000000
5 4 7 10179 16 2.000000000
5 6 7 10180 16 2.000000000
5 7 7 10181 16 2.000000000
5 8 7 10182 16 2.000000000
5 9 7 10183 16 2.000000000
5 10 7 10184 16 2.000000000
5 11 7 10185 16 2.000000000
5 12 7 10186 16 2.000000000
5 13 7 10187 16 2.000000000
5 14 7 10188 16 2.000000000
5 15 7 10189 16 2.000000000
5 16 7 10190 16 2.000000000
5 17 7 10191 16 2.000000000
5 18 7 10192 16 2.000000000
5 19 7 10193 16 2.000000000
5 20 7 10194 16 2.000000000
5 21 7 10195 16 2.000000000
5 22 7 10196 16 2.000000000
5 23 7 10197 16 2.000000000
5 24 7 10198 16 2.000000000
5 25 7 10199 16 2.000000000
5 26 7 10200 16 2.000000000
5 27 7 10201 16 2.000000000
5 28 7 10202 16 2.000000000
5 29 7 10203 16 2.000000000
5 30 7 10204 16 2.000000000
5 31 7 10205 16 2.000000000
5 32 7 10206 16 2.000000000
5 33 7 10207 16 2.000000000
5 34 7 10208 16 2.000000000
5 35 7 10209 16 2.000000000
6 0 7 10210 16 2.000000000
6 1 7 10211 16 2.000000000
6 2 7 10212 16 2.000000000
6 3 7 10213 16 2.000000000
6 4 7 10214 16 2.000000000
6 5 7 10215 16 2.000000000
6 7 7 10216 16 2.000000000
6 8 7 10217 16 2.000000000
6 9 7 10218 16 2.000000000
6 10 7 10219 16 2.000000000
6 11 7 10220 16 2.000000000
6 12 7 10221 16 2.000000000
6 13 7 10222 16 2.000000000
6 14 7 10223 16 2.000000000
6 15 7 10224 16 2.000000000
6 16 7 10225 16 2.000000000
6 17 7 10226 16 2.000000000
6 18 7 10227 16 2.000000000
6 19 7 10228 16 2.000000000
6 20 7 10229 16 2.000000000
6 21 7 10230 16 2.000000000
6 22 7 10231 16 2.000000000
6 23 7 10232 16 2.000000000
6 24 7 10233 16 2.000000000
6 25 7 10234 16 2.000000000
6 26 7 10235 16 2.000000000
6 27 7 10236 16 2.000000000
6 28 7 10237 16 2.000000000
6 29 7 10238 16 2.000000000
6 30 7 10239 16 2.000000000
6 31 7 10240 16 2.000000000
6 32 7 10241 16 2.000000000
6 33 7 10242 16 2.000000000
6 34 7 10243 16 2.000000000
6 35 7 10244 16 2.000000000
7 0 7 10245 16 2.000000000
7 1 7 10246 16 2.000000000
7 2 7 10247 16 2.000000000
7 3 7 10248 16 2.000000000
7 4 7 10249 16 2.000000000
7 5 7 10250 16 2.000000000
7 6 7 10251 16 2.000000000
7 8 7 10252 16 2.000000000
7 9 7 10253 16 2.000000000
7 10 7 10254 16 2.000000000
7 11 7 10255 16 2.000000000
7 12 7 10256 16 2.000000000
7 13 7 10257 16 2.000000000
7 14 7 10258 16 2.000000000
7 15 7 10259 16 2.000000000
7 16 7 10260 16 2.000000000
7 17 7 10261 16 2.000000000
7 18 7 10262 16 2.000000000
7 19 7 10263 16 2.000000000
7 20 7 10264 16 2.000000000
7 21 7 10265 16 2.000000000
7 22 7 10266 16 2.000000000
7 23 7 10267 16 2.000000000
7 24 7 10268 16 2.000000000
7 25 7 10269 16 2.000000000
7 26 7 10270 16 2.000000000
7 27 7 10271 16 2.000000000
7 28 7 10272 16 2.000000000
7 29 7 10273 16 2.000000000
7 30 7 10274 16 2.000000000
7 31 7 10275 16 2.000000000
7 32 7 10276 16 2.000000000
7 33 7 10277 16 2.000000000
7 34 7 10278 16 2.000000000
7 35 7 10279 16 2.000000000
8 0 7 10280 16 2.000000000
8 1 7 10281 16 2.000000000
8 2 7 10282 16 2.000000000
8 3 7 10283 16 2.000000000
8 4 7 10284 16 2.000000000
8 5 7 10285 16 2.000000000
8 6 7 10286 16 2.000000000
8 7 7 10287 16 2.000000000
8 9 7 10288 16 2.000000000
8 10 7 10289 16 2.000000000
8 11 7 10290 16 2.000000000
8 12 7 10291 16 2.000000000
8 13 7 10292 16 2.000000000
8 14 7 10293 16 2.000000000
8 15 7 10294 16 2.000000000
8 16 7 10295 16 2.000000000
8 17 7 10296 16 2.000000000
8 18 7 10297 16 2.000000000
8 19 7 10298 16 2.000000000
8 20 7 10299 16 2.000000000
8 21 7 10300 16 2.000000000
8 22 7 10301 16 2.000000000
8 23 7 10302 16 2.000000000
8 24 7 10303 16 2.000000000
8 25 7 10304 16 2.000000000
8 26 7 10305 16 2.000000000
8 27 7 10306 16 2.000000000
8 28 7 10307 16 2.000000000
8 29 7 10308 16 2.000000000
8 30 7 10309 16 2.000000000
8 31 7 10310 16 2.000000000
8 32 7 10311 16 2.000000000
8 33 7 10312 16 2.000000000
8 34 7 10313 16 2.000000000
8 35 7 10314 16 2.000000000
9 0 7 10315 16 2.000000000
9 1 7 10316 16 2.000000000
9 2 7 10317 16 2.000000000
9 3 7 10318 16 2.000000000
9 4 7 10319 16 2.000000000
9 5 7 10320 16 2.000000000
9 6 7 10321 16 2.000000000
9 7 7 10322 16 2.000000000
9 8 7 10323 16 2.000000000
9 10 7 10324 16 2.000000000
9 11 7 10325 16 2.000000000
9 12 7 10326 16 2.000000000
9 13 7 10327 16 2.000000000
9 14 7 10328 16 2.000000000
9 15 7 10329 16 2.000000000
9 16 7 10330 16 2.000000000
9 17 7 10331 16 2.000000000
9 18 7 10332 16 2.000000000
9 19 7 10333 16 2.000000000
9 20 7 10334 16 2.000000000
9 21 7 10335 16 2.000000000
9 22 7 10336 16 2.000000000
9 23 7 10337 16 2.000000000
9 24 7 10338 16 2.000000000
9 25 7 10339 16 2.000000000
9 26 7 10340 16 2.000000000
9 27 7 10341 16 2.000000000
9 28 7 10342 16 2.000000000
9 29 7 10343 16 2.000000000
9 30 7 10344 16 2.000000000
9 31 7 10345 16 2.000000000
9 32 7 10346 16 2.000000000
9 33 7 10347 16 2.000000000
9 34 7 10348 16 2.000000000
9 35 7 10349 16 2.000000000
10 0 7 10350 16 2.000000000
10 1 7 10351 16 2.000000000
10 2 7 10352 16 2.000000000
10 3 7 10353 16 2.000000000
10 4 7 10354 16 2.000000000
10 5 7 10355 16 2.000000000
10 6 7 10356 16 2.000000000
10 7 7 10357 16 2.000000000
10 8 7 10358 16 2.000000000
10 9 7 10359 16 2.000000000
10 11 7 10360 16 2.000000000
10 12 7 10361 16 2.000000000
10 13 7 10362 16 2.000000000
10 14 7 10363 16 2.000000000
10 15 7 10364 16 2.000000000
10 16 7 10365 16 2.000000000
10 17 7 10366 16 2.000000000
10 18 7 10367 16 2.000000000
10 19 7 10368 16 2.000000000
10 20 7 10369 16 2.000000000
10 21 7 10370 16 2.000000000
10 22 7 10371 16 2.000000000
10 23 7 10372 16 2.000000000
10 24 7 10373 16 2.000000000
10 25 7 10374 16 2.000000000
10 26 7 10375 16 2.000000000
10 27 7 10376 16 2.000000000
10 28 7 10377 16 2.000000000
10 29 7 10378 16 2.000000000
10 30 7 10379 16 2.000000000
10 31 7 10380 16 2.000000000
10 32 7 10381 16 2.000000000
10 33 7 10382 16 2.000000000
10 34 7 10383 16 2.000000000
10 35 7 10384 16 2.000000000
11 0 7 10385 16 2.000000000
11 1 7 10386 16 2.000000000
11 2 7 10387 16 2.000000000
11 3 7 10388 16 2.000000000
11 4 7 10389 16 2.000000000
11 5 7 10390 16 2.000000000
11 6 7 10391 16 2.000000000
11 7 7 10392 16 2.000000000
11 8 7 10393 16 2.000000000
11 9 7 10394 16 2.000000000
11 10 7 10395 16 2.000000000
11 12 7 10396 16 2.000000000
11 13 7 10397 16 2.000000000
11 14 7 10398 16 2.000000000
11 15 7 10399 16 2.000000000
11 16 7 10400 16 2.000000000
11 17 7 10401 16 2.000000000
11 18 7 10402 16 2.000000000
11 19 7 10403 16 2.000000000
11 20 7 10404 16 2.000000000
11 21 7 10405 16 2.000000000
11 22 7 10406 16 2.000000000
11 23 7 10407 16 2.000000000
11 24 7 10408 16 2.000000000
11 25 7 10409 16 2.000000000
11 26 7 10410 16 2.000000000
11 27 7 10411 16 2.000000000
11 28 7 10412 16 2.000000000
11 29 7 10413 16 2.000000000
11 30 7 10414 16 2.000000000
11 31 7 10415 16 2.000000000
11 32 7 10416 16 2.000000000
11 33 7 10417 16 2.000000000
11 34 7 10418 16 2.000000000
11 35 7 10419 16 2.000000000
12 0 7 10420 16 2.000000000
12 1 7 10421 16 2.000000000
12 2 7 10422 16 2.000000000
12 3 7 10423 16 2.000000000
12 4 7 10424 16 2.000000000
12 5 7 10425 16 2.000000000
12 6 7 10426 16 2.000000000
12 7 7 10427 16 2.000000000
12 8 7 10428 16 2.000000000
12 9 7 10429 16 2.000000000
12 10 7 10430 16 2.000000000
12 11 7 10431 16 2.000000000
12 13 7 10432 16 2.000000000
12 14 7 10433 16 2.000000000
12 15 7 10434 16 2.000000000
12 16 7 10435 16 2.000000000
12 17 7 10436 16 2.000000000
12 18 7 10437 16 2.000000000
12 19 7 10438 16 2.000000000
12 20 7 10439 16 2.000000000
12 21 7 10440 16 2.000000000
12 22 7 10441 16 2.000000000
12 23 7 10442 16 2.000000000
12 24 7 10443 16 2.000000000
12 25 7 10444 16 2.000000000
12 26 7 10445 16 2.000000000
12 27 7 10446 16 2.000000000
12 28 7 10447 16 2.000000000
12 29 7 10448 16 2.000000000
12 30 7 10449 16 2.000000000
12 31 7 10450 16 2.000000000
12 32 7 10451 16 2.000000000
12 33 7 10452 16 2.000000000
12 34 7 10453 16 2.000000000
12 35 7 10454 16 2.000000000
13 0 7 10455 16 2.000000000
13 1 7 10456 16 2.000000000
13 2 7 10457 16 2.000000000
13 3 7 10458 16 2.000000000
13 4 7 10459 16 2.000000000
13 5 7 10460 16 2.000000000
13 6 7 10461 16 2.000000000
13 7 7 10462 16 2.000000000
13 8 7 10463 16 2.000000000
13 9 7 10464 16 2.000000000
13 10 7 10465 16 2.000000000
13 11 7 10466 16 2.000000000
13 12 7 10467 16 2.000000000
13 14 7 10468 16 2.000000000
13 15 7 10469 16 2.000000000
13 16 7 10470 16 2.000000000
13 17 7 10471 16 2.000000000
13 18 7 10472 16 2.000000000
13 19 7 10473 16 2.000000000
13 20 7 10474 16 2.000000000
13 21 7 10475 16 2.000000000
13 22 7 10476 16 2.000000000
13 23 7 10477 16 2.000000000
13 24 7 10478 16 2.000000000
13 25 7 10479 16 2.000000000
13 26 7 10480 16 2.000000000
13 27 7 10481 16 2.000000000
13 28 7 10482 16 2.000000000
13 29 7 10483 16 2.000000000
13 30 7 10484 16 2.000000000
13 31 7 10485 16 2.000000000
13 32 7 10486 16 2.000000000
13 33 7 10487 16 2.000000000
13 34 7 10488 16 2.000000000
13 35 7 10489 16 2.000000000
14 0 7 10490 16 2.000000000
14 1 7 10491 16 2.000000000
14 2 7 10492 16 2.000000000
14 3 7 10493 16 2.000000000
14 4 7 10494 16 2.000000000
14 5 7 10495 16 2.000000000
14 6 7 10496 16 2.000000000
14 7 7 10497 16 2.000000000
14 8 7 10498 16 2.000000000
14 9 7 10499 16 2.000000000
14 10 7 10500 16 2.000000000
14 11 7 10501 16 2.000000000
14 12 7 10502 16 2.000000000
14 13 7 10503 16 2.000000000
14 15 7 10504 16 2.000000000
14 16 7 10505 16 2.000000000
14 17 7 10506 16 2.000000000
14 18 7 10507 16 2.000000000
14 19 7 10508 16 2.000000000
14 20 7 10509 16 2.000000000
14 21 7 10510 16 2.000000000
14 22 7 10511 16 2.000000000
14 23 7 10512 16 2.000000000
14 24 7 10513 16 2.000000000
14 25 7 10514 16 2.000000000
14 26 7 10515 16 2.000000000
14 27 7 10516 16 2.000000000
14 28 7 10517 16 2.000000000
14 29 7 10518 16 2.000000000
14 30 7 10519 16 2.000000000
14 31 7 10520 16 2.000000000
14 32 7 10521 16 2.000000000
14 33 7 10522 16 2.000000000
14 34 7 10523 16 2.000000000
14 35 7 10524 16 2.000000000
15 0 7 10525 16 2.000000000
15 1 7 10526 16 2.000000000
15 2 7 10527 16 2.000000000
15 3 7 10528 16 2.000000000
15 4 7 10529 16 2.000000000
15 5 7 10530 16 2.000000000
15 6 7 10531 16 2.000000000
15 7 7 10532 16 2.000000000
15 8 7 10533 16 2.000000000
15 9 7 10534 16 2.000000000
15 10 7 10535 16 2.000000000
15 11 7 10536 16 2.000000000
15 12 7 10537 16 2.000000000
15 13 7 10538 16 2.000000000
15 14 7 10539 16 2.000000000
15 16 7 10540 16 2.000000000
15 17 7 10541 16 2.000000000
15 18 7 10542 16 2.000000000
15 19 7 10543 16 2.000000000
15 20 7 10544 16 2.000000000
15 21 7 10545 16 2.000000000
15 22 7 10546 16 2.000000000
15 23 7 10547 16 2.000000000
15 24 7 10548 16 2.000000000
15 25 7 10549 16 2.000000000
15 26 7 10550 16 2.000000000
15 27 7 10551 16 2.000000000
15 28 7 10552 16 2.000000000
15 29 7 10553 16 2.000000000
15 30 7 10554 16 2.000000000
15 31 7 10555 16 2.000000000
15 32 7 10556 16 2.000000000
15 33 7 10557 16 2.000000000
15 34 7 10558 16 2.000000000
15 35 7 10559 16 2.000000000
16 0 7 10560 16 2.000000000
16 1 7 10561 16 2.000000000
16 2 7 10562 16 2.000000000
16 3 7 10563 16 2.000000000
16 4 7 10564 16 2.000000000
16 5 7 10565 16 2.000000000
16 6 7 10566 16 2.000000000
16 7 7 10567 16 2.000000000
16 8 7 10568 16 2.000000000
16 9 7 10569 16 2.000000000
16 10 7 10570 16 2.000000000
16 11 7 10571 16 2.000000000
16 12 7 10572 16 2.000000000
16 13 7 10573 16 2.000000000
16 14 7 10574 16 2.000000000
16 15 7 10575 16 2.000000000
16 17 7 10576 16 2.000000000
16 18 7 10577 16 2.000000000
16 19 7 10578 16 2.000000000
16 20 7 10579 16 2.000000000
16 21 7 10580 16 2.000000000
16 22 7 10581 16 2.000000000
16 23 7 10582 16 2.000000000
16 24 7 10583 16 2.000000000
16 25 7 10584 16 2.000000000
16 26 7 10585 16 2.000000000
16 27 7 10586 16 2.000000000
16 28 7 10587 16 2.000000000
16 29 7 10588 16 2.000000000
16 30 7 10589 16 2.000000000
16 31 7 10590 16 2.000000000
16 32 7 10591 16 2.000000000
16 33 7 10592 16 2.000000000
16 34 7 10593 16 2.000000000
16 35 7 10594 16 2.000000000
17 0 7 10595 16 2.000000000
17 1 7 10596 16 2.000000000
17 2 7 10597 16 2.000000000
17 3 7 10598 16 2.000000000
17 4 7 10599 16 2.000000000
17 5 7 10600 16 2.000000000
17 6 7 10601 16 2.000000000
17 7 7 10602 16 2.000000000
17 8 7 10603 16 2.000000000
17 9 7 10604 16 2.000000000
17 10 7 10605 16 2.000000000
17 11 7 10606 16 2.000000000
17 12 7 10607 16 2.000000000
17 13 7 10608 16 2.000000000
17 14 7 10609 16 2.000000000
17 15 7 10610 16 2.000000000
17 16 7 10611 16 2.000000000
17 18 7 10612 16 2.000000000
17 19 7 10613 16 2.000000000
17 20 7 10614 16 2.000000000
17 21 7 10615 16 2.000000000
17 22 7 10616 16 2.000000000
17 23 7 10617 16 2.000000000
17 24 7 10618 16 2.000000000
17 25 7 10619 16 2.000000000
17 26 7 10620 16 2.000000000
17 27 7 10621 16 2.000000000
17 28 7 10622 16 2.000000000
17 29 7 10623 16 2.000000000
17 30 7 10624 16 2.000000000
17 31 7 10625 16 2.000000000
17 32 7 10626 16 2.000000000
17 33 7 10627 16 2.000000000
17 34 7 10628 16 2.000000000
17 35 7 10629 16 2.000000000
18 0 7 10630 16 2.000000000
18 1 7 10631 16 2.000000000
18 2 7 10632 16 2.000000000
18 3 7 10633 16 2.000000000
18 4 7 10634 16 2.000000000
18 5 7 10635 16 2.000000000
18 6 7 10636 16 2.000000000
18 7 7 10637 16 2.000000000
18 8 7 10638 16 2.000000000
18 9 7 10639 16 2.000000000
18 10 7 10640 16 2.000000000
18 11 7 10641 16 2.000000000
18 12 7 10642 16 2.000000000
18 13 7 10643 16 2.000000000
18 14 7 10644 16 2.000000000
18 15 7 10645 16 2.000000000
18 16 7 10646 16 2.000000000
18 17 7 10647 16 2.000000000
18 19 7 10648 16 2.000000000
18 20 7 10649 16 2.000000000
18 21 7 10650 16 2.000000000
18 22 7 10651 16 2.000000000
18 23 7 10652 16 2.000000000
18 24 7 10653 16 2.000000000
18 25 7 10654 16 2.000000000
18 26 7 10655 16 2.000000000
18 27 7 10656 16 2.000000000
18 28 7 10657 16 2.000000000
18 29 7 10658 16 2.000000000
18 30 7 10659 16 2.000000000
18 31 7 10660 16 2.000000000
18 32 7 10661 16 2.000000000
18 33 7 10662 16 2.000000000
18 34 7 10663 16 2.000000000
18 35 7 10664 16 2.000000000
19 0 7 10665 16 2.000000000
19 1 7 10666 16 2.000000000
19 2 7 10667 16 2.000000000
19 3 7 10668 16 2.000000000
19 4 7 10669 16 2.000000000
19 5 7 10670 16 2.000000000
19 6 7 10671 16 2.000000000
19 7 7 10672 16 2.000000000
19 8 7 10673 16 2.000000000
19 9 7 10674 16 2.000000000
19 10 7 10675 16 2.000000000
19 11 7 10676 16 2.000000000
19 12 7 10677 16 2.000000000
19 13 7 10678 16 2.000000000
19 14 7 10679 16 2.000000000
19 15 7 10680 16 2.000000000
19 16 7 10681 16 2.000000000
19 17 7 10682 16 2.000000000
19 18 7 10683 16 2.000000000
19 20 7 10684 16 2.000000000
19 21 7 10685 16 2.000000000
19 22 7 10686 16 2.000000000
19 23 7 10687 16 2.000000000
19 24 7 10688 16 2.000000000
19 25 7 10689 16 2.000000000
19 26 7 10690 16 2.000000000
19 27 7 10691 16 2.000000000
19 28 7 10692 16 2.000000000
19 29 7 10693 16 2.000000000
19 30 7 10694 16 2.000000000
19 31 7 10695 16 2.000000000
19 32 7 10696 16 2.000000000
19 33 7 10697 16 2.000000000
19 34 7 10698 16 2.000000000
19 35 7 10699 16 2.000000000
20 0 7 10700 16 2.000000000
20 1 7 10701 16 2.000000000
20 2 7 10702 16 2.000000000
20 3 7 10703 16 2.000000000
20 4 7 10704 16 2.000000000
20 5 7 10705 16 2.000000000
20 6 7 10706 16 2.000000000
20 7 7 10707 16 2.000000000
20 8 7 10708 16 2.000000000
20 9 7 10709 16 2.000000000
20 10 7 10710 16 2.000000000
20 11 7 10711 16 2.000000000
20 12 7 10712 16 2.000000000
20 13 7 10713 16 2.000000000
20 14 7 10714 16 2.000000000
20 15 7 10715 16 2.000000000
20 16 7 10716 16 2.000000000
20 17 7 10717 16 2.000000000
20 18 7 10718 16 2.000000000
20 19 7 10719 16 2.000000000
20 21 7 10720 16 2.000000000
20 22 7 10721 16 2.000000000
20 23 7 10722 16 2.000000000
20 24 7 10723 16 2.000000000
20 25 7 10724 16 2.000000000
20 26 7 10725 16 2.000000000
20 27 7 10726 16 2.000000000
20 28 7 10727 16 2.000000000
20 29 7 10728 16 2.000000000
20 30 7 10729 16 2.000000000
20 31 7 10730 16 2.000000000
20 32 7 10731 16 2.000000000
20 33 7 10732 16 2.000000000
20 34 7 10733 16 2.000000000
20 35 7 10734 16 2.000000000
21 0 7 10735 16 2.000000000
21 1 7 10736 16 2.000000000
21 2 7 10737 16 2.000000000
21 3 7 10738 16 2.000000000
21 4 7 10739 16 2.000000000
21 5 7 10740 16 2.000000000
21 6 7 10741 16 2.000000000
21 7 7 10742 16 2.000000000
21 8 7 10743 16 2.000000000
21 9 7 10744 16 2.000000000
21 10 7 10745 16 2.000000000
21 11 7 10746 16 2.000000000
21 12 7 10747 16 2.000000000
21 13 7 10748 16 2.000000000
21 14 7 10749 16 2.000000000
21 15 7 10750 16 2.000000000
21 16 7 10751 16 2.000000000
21 17 7 10752 16 2.000000000
21 18 7 10753 16 2.000000000
21 19 7 10754 16 2.000000000
21 20 7 10755 16 2.000000000
21 22 7 10756 16 2.000000000
21 23 7 10757 16 2.000000000
21 24 7 10758 16 2.000000000
21 25 7 10759 16 2.000000000
21 26 7 10760 16 2.000000000
21 27 7 10761 16 2.000000000
21 28 7 10762 16 2.000000000
21 29 7 10763 16 2.000000000
21 30 7 10764 16 2.000000000
21 31 7 10765 16 2.000000000
21 32 7 10766 16 2.000000000
21 33 7 10767 16 2.000000000
21 34 7 10768 16 2.000000000
21 35 7 10769 16 2.000000000
22 0 7 10770 16 2.000000000
22 1 7 10771 16 2.000000000
22 2 7 10772 16 2.000000000
22 3 7 10773 16 2.000000000
22 4 7 10774 16 2.000000000
22 5 7 10775 16 2.000000000
22 6 7 10776 16 2.000000000
22 7 7 10777 16 2.000000000
22 8 7 10778 16 2.000000000
22 9 7 10779 16 2.000000000
22 10 7 10780 16 2.000000000
22 11 7 10781 16 2.000000000
22 12 7 10782 16 2.000000000
22 13 7 10783 16 2.000000000
22 14 7 10784 16 2.000000000
22 15 7 10785 16 2.000000000
22 16 7 10786 16 2.000000000
22 17 7 10787 16 2.000000000
22 18 7 10788 16 2.000000000
22 19 7 10789 16 2.000000000
22 20 7 10790 16 2.000000000
22 21 7 10791 16 2.000000000
22 23 7 10792 16 2.000000000
22 24 7 10793 16 2.000000000
22 25 7 10794 16 2.000000000
22 26 7 10795 16 2.000000000
22 27 7 10796 16 2.000000000
22 28 7 10797 16 2.000000000
22 29 7 10798 16 2.000000000
22 30 7 10799 16 2.000000000
22 31 7 10800 16 2.000000000
22 32 7 10801 16 2.000000000
22 33 7 10802 16 2.000000000
22 34 7 10803 16 2.000000000
22 35 7 10804 16 2.000000000
23 0 7 10805 16 2.000000000
23 1 7 10806 16 2.000000000
23 2 7 10807 16 2.000000000
23 3 7 10808 16 2.000000000
23 4 7 10809 16 2.000000000
23 5 7 10810 16 2.000000000
23 6 7 10811 16 2.000000000
23 7 7 10812 16 2.000000000
23 8 7 10813 16 2.000000000
23 9 7 10814 16 2.000000000
23 10 7 10815 16 2.000000000
23 11 7 10816 16 2.000000000
23 12 7 10817 16 2.000000000
23 13 7 10818 16 2.000000000
23 14 7 10819 16 2.000000000
23 15 7 10820 16 2.000000000
23 16 7 10821 16 2.000000000
23 17 7 10822 16 2.000000000
23 18 7 10823 16 2.000000000
23 19 7 10824 16 2.000000000
23 20 7 10825 16 2.000000000
23 21 7 10826 16 2.000000000
23 22 7 10827 16 2.000000000
23 24 7 10828 16 2.000000000
23 25 7 10829 16 2.000000000
23 26 7 10830 16 2.000000000
23 27 7 10831 16 2.000000000
23 28 7 10832 16 2.000000000
23 29 7 10833 16 2.000000000
23 30 7 10834 16 2.000000000
23 31 7 10835 16 2.000000000
23 32 7 10836 16 2.000000000
23 33 7 10837 16 2.000000000
23 34 7 10838 16 2.000000000
23 35 7 10839 16 2.000000000
24 0 7 10840 16 2.000000000
24 1 7 10841 16 2.000000000
24 2 7 10842 16 2.000000000
24 3 7 10843 16 2.000000000
24 4 7 10844 16 2.000000000
24 5 7 10845 16 2.000000000
24 6 7 10846 16 2.000000000
24 7 7 10847 16 2.000000000
24 8 7 10848 16 2.000000000
24 9 7 10849 16 2.000000000
24 10 7 10850 16 2.000000000
24 11 7 10851 16 2.000000000
24 12 7 10852 16 2.000000000
24 13 7 10853 16 2.000000000
24 14 7 10854 16 2.000000000
24 15 7 10855 16 2.000000000
24 16 7 10856 16 2.000000000
24 17 7 10857 16 2.000000000
24 18 7 10858 16 2.000000000
24 19 7 10859 16 2.000000000
24 20 7 10860 16 2.000000000
24 21 7 10861 16 2.000000000
24 22 7 10862 16 2.000000000
24 23 7 10863 16 2.000000000
24 25 7 10864 16 2.000000000
24 26 7 10865 16 2.000000000
24 27 7 10866 16 2.000000000
24 28 7 10867 16 2.000000000
24 29 7 10868 16 2.000000000
24 30 7 10869 16 2.000000000
24 31 7 10870 16 2.000000000
24 32 7 10871 16 2.000000000
24 33 7 10872 16 2.000000000
24 34 7 10873 16 2.000000000
24 35 7 10874 16 2.000000000
25 0 7 10875 16 2.000000000
25 1 7 10876 16 2.000000000
25 2 7 10877 16 2.000000000
25 3 7 10878 16 2.000000000
25 4 7 10879 16 2.000000000
25 5 7 10880 16 2.000000000
25 6 7 10881 16 2.000000000
25 7 7 10882 16 2.000000000
25 8 7 10883 16 2.000000000
25 9 7 10884 16 2.000000000
25 10 7 10885 16 2.000000000
25 11 7 10886 16 2.000000000
25 12 7 10887 16 2.000000000
25 13 7 10888 16 2.000000000
25 14 7 10889 16 2.000000000
25 15 7 10890 16 2.000000000
25 16 7 10891 16 2.000000000
25 17 7 10892 16 2.000000000
25 18 7 10893 16 2.000000000
25 19 7 10894 16 2.000000000
25 20 7 10895 16 2.000000000
25 21 7 10896 16 2.000000000
25 22 7 10897 16 2.000000000
25 23 7 10898 16 2.000000000
25 24 7 10899 16 2.000000000
25 26 7 10900 16 2.000000000
25 27 7 10901 16 2.000000000
25 28 7 10902 16 2.000000000
25 29 7 10903 16 2.000000000
25 30 7 10904 16 2.000000000
25 31 7 10905 16 2.000000000
25 32 7 10906 16 2.000000000
25 33 7 10907 16 2.000000000
25 34 7 10908 16 2.000000000
25 35 7 10909 16 2.000000000
26 0 7 10910 16 2.000000000
26 1 7 10911 16 2.000000000
26 2 7 10912 16 2.000000000
26 3 7 10913 16 2.000000000
26 4 7 10914 16 2.000000000
26 5 7 10915 16 2.000000000
26 6 7 10916 16 2.000000000
26 7 7 10917 16 2.000000000
26 8 7 10918 16 2.000000000
26 9 7 10919 16 2.000000000
26 10 7 10920 16 2.000000000
26 11 7 10921 16 2.000000000
26 12 7 10922 16 2.000000000
26 13 7 10923 16 2.000000000
26 14 7 10924 16 2.000000000
26 15 7 10925 16 2.000000000
26 16 7 10926 16 2.000000000
26 17 7 10927 16 2.000000000
26 18 7 10928 16 2.000000000
26 19 7 10929 16 2.000000000
26 20 7 10930 16 2.000000000
26 21 7 10931 16 2.000000000
26 22 7 10932 16 2.000000000
26 23 7 10933 16 2.000000000
26 24 7 10934 16 2.000000000
26 25 7 10935 16 2.000000000
26 27 7 10936 16 2.000000000
26 28 7 10937 16 2.000000000
26 29 7 10938 16 2.000000000
26 30 7 10939 16 2.000000000
26 31 7 10940 16 2.000000000
26 32 7 10941 16 2.000000000
26 33 7 10942 16 2.000000000
26 34 7 10943 16 2.000000000
26 35 7 10944 16 2.000000000
27 0 7 10945 16 2.000000000
27 1 7 10946 16 2.000000000
27 2 7 10947 16 2.000000000
27 3 7 10948 16 2.000000000
27 4 7 10949 16 2.000000000
27 5 7 10950 16 2.000000000
27 6 7 10951 16 2.000000000
27 7 7 10952 16 2.000000000
27 8 7 10953 16 2.000000000
27 9 7 10954 16 2.000000000
27 10 7 10955 16 2.000000000
27 11 7 10956 16 2.000000000
27 12 7 10957 16 2.000000000
27 13 7 10958 16 2.000000000
27 14 7 10959 16 2.000000000
27 15 7 10960 16 2.000000000
27 16 7 10961 16 2.000000000
27 17 7 10962 16 2.000000000
27 18 7 10963 16 2.000000000
27 19 7 10964 16 2.000000000
27 20 7 10965 16 2.000000000
27 21 7 10966 16 2.000000000
27 22 7 10967 16 2.000000000
27 23 7 10968 16 2.000000000
27 24 7 10969 16 2.000000000
27 25 7 10970 16 2.000000000
27 26 7 10971 16 2.000000000
27 28 7 10972 16 2.000000000
27 29 7 10973 16 2.000000000
27 30 7 10974 16 2.000000000
27 31 7 10975 16 2.000000000
27 32 7 10976 16 2.000000000
27 33 7 10977 16 2.000000000
27 34 7 10978 16 2.000000000
27 35 7 10979 16 2.000000000
28 0 7 10980 16 2.000000000
28 1 7 10981 16 2.000000000
28 2 7 10982 16 2.000000000
28 3 7 10983 16 2.000000000
28 4 7 10984 16 2.000000000
28 5 7 10985 16 2.000000000
28 6 7 10986 16 2.000000000
28 7 7 10987 16 2.000000000
28 8 7 10988 16 2.000000000
28 9 7 10989 16 2.000000000
28 10 7 10990 16 2.000000000
28 11 7 10991 16 2.000000000
28 12 7 10992 16 2.000000000
28 13 7 10993 16 2.000000000
28 14 7 10994 16 2.000000000
28 15 7 10995 16 2.000000000
28 16 7 10996 16 2.000000000
28 17 7 10997 16 2.000000000
28 18 7 10998 16 2.000000000
28 19 7 10999 16 2.000000000
28 20 7 11000 16 2.000000000
28 21 7 11001 16 2.000000000
28 22 7 11002 16 2.000000000
28 23 7 11003 16 2.000000000
28 24 7 11004 16 2.000000000
28 25 7 11005 16 2.000000000
28 26 7 11006 16 2.000000000
28 27 7 11007 16 2.000000000
28 29 7 11008 16 2.000000000
28 30 7 11009 16 2.000000000
28 31 7 11010 16 2.000000000
28 32 7 11011 16 2.000000000
28 33 7 11012 16 2.000000000
28 34 7 11013 16 2.000000000
28 35 7 11014 16 2.000000000
29 0 7 11015 16 2.000000000
29 1 7 11016 16 2.000000000
29 2 7 11017 16 2.000000000
29 3 7 11018 16 2.000000000
29 4 7 11019 16 2.000000000
29 5 7 11020 16 2.000000000
29 6 7 11021 16 2.000000000
29 7 7 11022 16 2.000000000
29 8 7 11023 16 2.000000000
29 9 7 11024 16 2.000000000
29 10 7 11025 16 2.000000000
29 11 7 11026 16 2.000000000
29 12 7 11027 16 2.000000000
29 13 7 11028 16 2.000000000
29 14 7 11029 16 2.000000000
29 15 7 11030 16 2.000000000
29 16 7 11031 16 2.000000000
29 17 7 11032 16 2.000000000
29 18 7 11033 16 2.000000000
29 19 7 11034 16 2.000000000
29 20 7 11035 16 2.000000000
29 21 7 11036 16 2.000000000
29 22 7 11037 16 2.000000000
29 23 7 11038 16 2.000000000
29 24 7 11039 16 2.000000000
29 25 7 11040 16 2.000000000
29 26 7 11041 16 2.000000000
29 27 7 11042 16 2.000000000
29 28 7 11043 16 2.000000000
29 30 7 11044 16 2.000000000
29 31 7 11045 16 2.000000000
29 32 7 11046 16 2.000000000
29 33 7 11047 16 2.000000000
29 34 7 11048 16 2.000000000
29 35 7 11049 16 2.000000000
30 0 7 11050 16 2.000000000
30 1 7 11051 16 2.000000000
30 2 7 11052 16 2.000000000
30 3 7 11053 16 2.000000000
30 4 7 11054 16 2.000000000
30 5 7 11055 16 2.000000000
30 6 7 11056 16 2.000000000
30 7 7 11057 16 2.000000000
30 8 7 11058 16 2.000000000
30 9 7 11059 16 2.000000000
30 10 7 11060 16 2.000000000
30 11 7 11061 16 2.000000000
30 12 7 11062 16 2.000000000
30 13 7 11063 16 2.000000000
30 14 7 11064 16 2.000000000
30 15 7 11065 16 2.000000000
30 16 7 11066 16 2.000000000
30 17 7 11067 16 2.000000000
30 18 7 11068 16 2.000000000
30 19 7 11069 16 2.000000000
30 20 7 11070 16 2.000000000
30 21 7 11071 16 2.000000000
30 22 7 11072 16 2.000000000
30 23 7 11073 16 2.000000000
30 24 7 11074 16 2.000000000
30 25 7 11075 16 2.000000000
30 26 7 11076 16 2.000000000
30 27 7 11077 16 2.000000000
30 28 7 11078 16 2.000000000
30 29 7 11079 16 2.000000000
30 31 7 11080 16 2.000000000
30 32 7 11081 16 2.000000000
30 33 7 11082 16 2.000000000
30 34 7 11083 16 2.000000000
30 35 7 11084 16 2.000000000
31 0 7 11085 16 2.000000000
31 1 7 11086 16 2.000000000
31 2 7 11087 16 2.000000000
31 3 7 11088 16 2.000000000
31 4 7 11089 16 2.000000000
31 5 7 11090 16 2.000000000
31 6 7 11091 16 2.000000000
31 7 7 11092 16 2.000000000
31 8 7 11093 16 2.000000000
31 9 7 11094 16 2.000000000
31 10 7 11095 16 2.000000000
31 11 7 11096 16 2.000000000
31 12 7 11097 16 2.000000000
31 13 7 11098 16 2.000000000
31 14 7 11099 16 2.000000000
31 15 7 11100 16 2.000000000
31 16 7 11101 16 2.000000000
31 17 7 11102 16 2.000000000
31 18 7 11103 16 2.000000000
31 19 7 11104 16 2.000000000
31 20 7 11105 16 2.000000000
31 21 7 11106 16 2.000000000
31 22 7 11107 16 2.000000000
31 23 7 11108 16 2.000000000
31 24 7 11109 16 2.000000000
31 25 7 11110 16 2.000000000
31 26 7 11111 16 2.000000000
31 27 7 11112 16 2.000000000
31 28 7 11113 16 2.000000000
31 29 7 11114 16 2.000000000
31 30 7 11115 16 2.000000000
31 32 7 11116 16 2.000000000
31 33 7 11117 16 2.000000000
31 34 7 11118 16 2.000000000
31 35 7 11119 16 2.000000000
32 0 7 11120 16 2.000000000
32 1 7 11121 16 2.000000000
32 2 7 11122 16 2.000000000
32 3 7 11123 16 2.000000000
32 4 7 11124 16 2.000000000
32 5 7 11125 16 2.000000000
32 6 7 11126 16 2.000000000
32 7 7 11127 16 2.000000000
32 8 7 11128 16 2.000000000
32 9 7 11129 16 2.000000000
32 10 7 11130 16 2.000000000
32 11 7 11131 16 2.000000000
32 12 7 11132 16 2.000000000
32 13 7 11133 16 2.000000000
32 14 7 11134 16 2.000000000
32 15 7 11135 16 2.000000000
32 16 7 11136 16 2.000000000
32 17 7 11137 16 2.000000000
32 18 7 11138 16 2.000000000
32 19 7 11139 16 2.000000000
32 20 7 11140 16 2.000000000
32 21 7 11141 16 2.000000000
32 22 7 11142 16 2.000000000
32 23 7 11143 16 2.000000000
32 24 7 11144 16 2.000000000
32 25 7 11145 16 2.000000000
32 26 7 11146 16 2.000000000
32 27 7 11147 16 2.000000000
32 28 7 11148 16 2.000000000
32 29 7 11149 16 2.000000000
32 30 7 11150 16 2.000000000
32 31 7 11151 16 2.000000000
32 33 7 11152 16 2.000000000
32 34 7 11153 16 2.000000000
32 35 7 11154 16 2.000000000
33 0 7 11155 16 2.000000000
33 1 7 11156 16 2.000000000
33 2 7 11157 16 2.000000000
33 3 7 11158 16 2.000000000
33 4 7 11159 16 2.000000000
33 5 7 11160 16 2.000000000
33 6 7 11161 16 2.000000000
33 7 7 11162 16 2.000000000
33 8 7 11163 16 2.000000000
33 9 7 11164 16 2.000000000
33 10 7 11165 16 2.000000000
33 11 7 11166 16 2.000000000
33 12 7 11167 16 2.000000000
33 13 7 11168 16 2.000000000
33 14 7 11169 16 2.000000000
33 15 7 11170 16 2.000000000
33 16 7 11171 16 2.000000000
33 17 7 11172 16 2.000000000
33 18 7 11173 16 2.000000000
33 19 7 11174 16 2.000000000
33 20 7 11175 16 2.000000000
33 21 7 11176 16 2.000000000
33 22 7 11177 16 2.000000000
33 23 7 11178 16 2.000000000
33 24 7 11179 16 2.000000000
33 25 7 11180 16 2.000000000
33 26 7 11181 16 2.000000000
33 27 7 11182 16 2.000000000
33 28 7 11183 16 2.000000000
33 29 7 11184 16 2.000000000
33 30 7 11185 16 2.000000000
33 31 7 11186 16 2.000000000
33 32 7 11187 16 2.000000000
33 34 7 11188 16 2.000000000
33 35 7 11189 16 2.000000000
34 0 7 11190 16 2.000000000
34 1 7 11191 16 2.000000000
34 2 7 11192 16 2.000000000
34 3 7 11193 16 2.000000000
34 4 7 11194 16 2.000000000
34 5 7 11195 16 2.000000000
34 6 7 11196 16 2.000000000
34 7 7 11197 16 2.000000000
34 8 7 11198 16 2.000000000
34 9 7 11199 16 2.000000000
34 10 7 11200 16 2.000000000
34 11 7 11201 16 2.000000000
34 12 7 11202 16 2.000000000
34 13 7 11203 16 2.000000000
34 14 7 11204 16 2.000000000
34 15 7 11205 16 2.000000000
34 16 7 11206 16 2.000000000
34 17 7 11207 16 2.000000000
34 18 7 11208 16 2.000000000
34 19 7 11209 16 2.000000000
34 20 7 11210 16 2.000000000
34 21 7 11211 16 2.000000000
34 22 7 11212 16 2.000000000
34 23 7 11213 16 2.000000000
34 24 7 11214 16 2.000000000
34 25 7 11215 16 2.000000000
34 26 7 11216 16 2.000000000
34 27 7 11217 16 2.000000000
34 28 7 11218 16 2.000000000
34 29 7 11219 16 2.000000000
34 30 7 11220 16 2.000000000
34 31 7 11221 16 2.000000000
34 32 7 11222 16 2.000000000
34 33 7 11223 16 2.000000000
34 35 7 11224 16 2.000000000
35 0 7 11225 16 2.000000000
35 1 7 11226 16 2.000000000
35 2 7 11227 16 2.000000000
35 3 7 11228 16 2.000000000
35 4 7 11229 16 2.000000000
35 5 7 11230 16 2.000000000
35 6 7 11231 16 2.000000000
35 7 7 11232 16 2.000000000
35 8 7 11233 16 2.000000000
35 9 7 11234 16 2.000000000
35 10 7 11235 16 2.000000000
35 11 7 11236 16 2.000000000
35 12 7 11237 16 2.000000000
35 13 7 11238 16 2.000000000
35 14 7 11239 16 2.000000000
35 15 7 11240 16 2.000000000
35 16 7 11241 16 2.000000000
35 17 7 11242 16 2.000000000
35 18 7 11243 16 2.000000000
35 19 7 11244 16 2.000000000
35 20 7 11245 16 2.000000000
35 21 7 11246 16 2.000000000
35 22 7 11247 16 2.000000000
35 23 7 11248 16 2.000000000
35 24 7 11249 16 2.000000000
35 25 7 11250 16 2.000000000
35 26 7 11251 16 2.000000000
35 27 7 11252 16 2.000000000
35 28 7 11253 16 2.000000000
35 29 7 11254 16 2.000000000
35 30 7 11255 16 2.000000000
35 31 7 11256 16 2.000000000
35 32 7 11257 16 2.000000000
35 33 7 11258 16 2.000000000
35 34 7 11259 16 2.000000000
