1260
0 1 7 10000 64 2.000000000
0 2 7 10001 64 2.000000000
0 3 7 10002 64 2.000000000
0 4 7 10003 64 2.000000000
0 5 7 10004 64 2.000000000
0 6 7 10005 64 2.000000000
0 7 7 10006 64 2.000000000
0 8 7 10007 64 2.000000000
0 9 7 10008 64 2.000000000
0 10 7 10009 64 2.000000000
0 11 7 10010 64 2.000000000
0 12 7 10011 64 2.000000000
0 13 7 10012 64 2.000000000
0 14 7 10013 64 2.000000000
0 15 7 10014 64 2.000000000
0 16 7 10015 64 2.000000000
0 17 7 10016 64 2.000000000
0 18 7 10017 64 2.000000000
0 19 7 10018 64 2.000000000
0 20 7 10019 64 2.000000000
0 21 7 10020 64 2.000000000
0 22 7 10021 64 2.000000000
0 23 7 10022 64 2.000000000
0 24 7 10023 64 2.000000000
0 25 7 10024 64 2.000000000
0 26 7 10025 64 2.000000000
0 27 7 10026 64 2.000000000
0 28 7 10027 64 2.000000000
0 29 7 10028 64 2.000000000
0 30 7 10029 64 2.000000000
0 31 7 10030 64 2.000000000
0 32 7 10031 64 2.000000000
0 33 7 10032 64 2.000000000
0 34 7 10033 64 2.000000000
0 35 7 10034 64 2.000000000
1 0 7 10035 64 2.000000000
1 2 7 10036 64 2.000000000
1 3 7 10037 64 2.000000000
1 4 7 10038 64 2.000000000
1 5 7 10039 64 2.000000000
1 6 7 10040 64 2.000000000
1 7 7 10041 64 2.000000000
1 8 7 10042 64 2.000000000
1 9 7 10043 64 2.000000000
1 10 7 10044 64 2.000000000
1 11 7 10045 64 2.000000000
1 12 7 10046 64 2.000000000
1 13 7 10047 64 2.000000000
1 14 7 10048 64 2.000000000
1 15 7 10049 64 2.000000000
1 16 7 10050 64 2.000000000
1 17 7 10051 64 2.000000000
1 18 7 10052 64 2.000000000
1 19 7 10053 64 2.000000000
1 20 7 10054 64 2.000000000
1 21 7 10055 64 2.000000000
1 22 7 10056 64 2.000000000
1 23 7 10057 64 2.000000000
1 24 7 10058 64 2.000000000
1 25 7 10059 64 2.000000000
1 26 7 10060 64 2.000000000
1 27 7 10061 64 2.000000000
1 28 7 10062 64 2.000000000
1 29 7 10063 64 2.000000000
1 30 7 10064 64 2.000000000
1 31 7 10065 64 2.000000000
1 32 7 10066 64 2.000000000
1 33 7 10067 64 2.000000000
1 34 7 10068 64 2.000000000
1 35 7 10069 64 2.000000000
2 0 7 10070 64 2.000000000
2 1 7 10071 64 2.000000000
2 3 7 10072 64 2.000000000
2 4 7 10073 64 2.000000000
2 5 7 10074 64 2.000000000
2 6 7 10075 64 2.000000000
2 7 7 10076 64 2.000000000
2 8 7 10077 64 2.000000000
2 9 7 10078 64 2.000000000
2 10 7 10079 64 2.000000000
2 11 7 10080 64 2.000000000
2 12 7 10081 64 2.000000000
2 13 7 10082 64 2.000000000
2 14 7 10083 64 2.000000000
2 15 7 10084 64 2.000000000
2 16 7 10085 64 2.000000000
2 17 7 10086 64 2.000000000
2 18 7 10087 64 2.000000000
2 19 7 10088 64 2.000000000
2 20 7 10089 64 2.000000000
2 21 7 10090 64 2.000000000
2 22 7 10091 64 2.000000000
2 23 7 10092 64 2.000000000
2 24 7 10093 64 2.000000000
2 25 7 10094 64 2.000000000
2 26 7 10095 64 2.000000000
2 27 7 10096 64 2.000000000
2 28 7 10097 64 2.000000000
2 29 7 10098 64 2.000000000
2 30 7 10099 64 2.000000000
2 31 7 10100 64 2.000000000
2 32 7 10101 64 2.000000000
2 33 7 10102 64 2.000000000
2 34 7 10103 64 2.000000000
2 35 7 10104 64 2.000000000
3 0 7 10105 64 2.000000000
3 1 7 10106 64 2.000000000
3 2 7 10107 64 2.000000000
3 4 7 10108 64 2.000000000
3 5 7 10109 64 2.000000000
3 6 7 10110 64 2.000000000
3 7 7 10111 64 2.000000000
3 8 7 10112 64 2.000000000
3 9 7 10113 64 2.000000000
3 10 7 10114 64 2.000000000
3 11 7 10115 64 2.000000000
3 12 7 10116 64 2.000000000
3 13 7 10117 64 2.000000000
3 14 7 10118 64 2.000000000
3 15 7 10119 64 2.000000000
3 16 7 10120 64 2.000000000
3 17 7 10121 64 2.000000000
3 18 7 10122 64 2.000000000
3 19 7 10123 64 2.000000000
3 20 7 10124 64 2.000000000
3 21 7 10125 64 2.000000000
3 22 7 10126 64 2.000000000
3 23 7 10127 64 2.000000000
3 24 7 10128 64 2.000000000
3 25 7 10129 64 2.000000000
3 26 7 10130 64 2.000000000
3 27 7 10131 64 2.000000000
3 28 7 10132 64 2.000000000
3 29 7 10133 64 2.000000000
3 30 7 10134 64 2.000000000
3 31 7 10135 64 2.000000000
3 32 7 10136 64 2.000000000
3 33 7 10137 64 2.000000000
3 34 7 10138 64 2.000000000
3 35 7 10139 64 2.000000000
4 0 7 10140 64 2.000000000
4 1 7 10141 64 2.000000000
4 2 7 10142 64 2.000000000
4 3 7 10143 64 2.000000000
4 5 7 10144 64 2.000000000
4 6 7 10145 64 2.000000000
4 7 7 10146 64 2.000000000
4 8 7 10147 64 2.000000000
4 9 7 10148 64 2.000000000
4 10 7 10149 64 2.000000000
4 11 7 10150 64 2.000000000
4 12 7 10151 64 2.000000000
4 13 7 10152 64 2.000000000
4 14 7 10153 64 2.000000000
4 15 7 10154 64 2.000000000
4 16 7 10155 64 2.000000000
4 17 7 10156 64 2.000000000
4 18 7 10157 64 2.000000000
4 19 7 10158 64 2.000000000
4 20 7 10159 64 2.000000000
4 21 7 10160 64 2.000000000
4 22 7 10161 64 2.000000000
4 23 7 10162 64 2.000000000
4 24 7 10163 64 2.000000000
4 25 7 10164 64 2.000000000
4 26 7 10165 64 2.000000000
4 27 7 10166 64 2.000000000
4 28 7 10167 64 2.000000000
4 29 7 10168 64 2.000000000
4 30 7 10169 64 2.000000000
4 31 7 10170 64 2.000000000
4 32 7 10171 64 2.000000000
4 33 7 10172 64 2.000000000
4 34 7 10173 64 2.000000000
4 35 7 10174 64 2.000000000
5 0 7 10175 64 2.000000000
5 1 7 10176 64 2.000000000
5 2 7 10177 64 2.000000000
5 3 7 10178 64 2.000000000
5 4 7 10179 64 2.000000000
5 6 7 10180 64 2.000000000
5 7 7 10181 64 2.000000000
5 8 7 10182 64 2.000000000
5 9 7 10183 64 2.000000000
5 10 7 10184 64 2.000000000
5 11 7 10185 64 2.000000000
5 12 7 10186 64 2.000000000
5 13 7 10187 64 2.000000000
5 14 7 10188 64 2.000000000
5 15 7 10189 64 2.000000000
5 16 7 10190 64 2.000000000
5 17 7 10191 64 2.000000000
5 18 7 10192 64 2.000000000
5 19 7 10193 64 2.000000000
5 20 7 10194 64 2.000000000
5 21 7 10195 64 2.000000000
5 22 7 10196 64 2.000000000
5 23 7 10197 64 2.000000000
5 24 7 10198 64 2.000000000
5 25 7 10199 64 2.000000000
5 26 7 10200 64 2.000000000
5 27 7 10201 64 2.000000000
5 28 7 10202 64 2.000000000
5 29 7 10203 64 2.000000000
5 30 7 10204 64 2.000000000
5 31 7 10205 64 2.000000000
5 32 7 10206 64 2.000000000
5 33 7 10207 64 2.000000000
5 34 7 10208 64 2.000000000
5 35 7 10209 64 2.000000000
6 0 7 10210 64 2.000000000
6 1 7 10211 64 2.000000000
6 2 7 10212 64 2.000000000
6 3 7 10213 64 2.000000000
6 4 7 10214 64 2.000000000
6 5 7 10215 64 2.000000000
6 7 7 10216 64 2.000000000
6 8 7 10217 64 2.000000000
6 9 7 10218 64 2.000000000
6 10 7 10219 64 2.000000000
6 11 7 10220 64 2.000000000
6 12 7 10221 64 2.000000000
6 13 7 10222 64 2.000000000
6 14 7 10223 64 2.000000000
6 15 7 10224 64 2.000000000
6 16 7 10225 64 2.000000000
6 17 7 10226 64 2.000000000
6 18 7 10227 64 2.000000000
6 19 7 10228 64 2.000000000
6 20 7 10229 64 2.000000000
6 21 7 10230 64 2.000000000
6 22 7 10231 64 2.000000000
6 23 7 10232 64 2.000000000
6 24 7 10233 64 2.000000000
6 25 7 10234 64 2.000000000
6 26 7 10235 64 2.000000000
6 27 7 10236 64 2.000000000
6 28 7 10237 64 2.000000000
6 29 7 10238 64 2.000000000
6 30 7 10239 64 2.000000000
6 31 7 10240 64 2.000000000
6 32 7 10241 64 2.000000000
6 33 7 10242 64 2.000000000
6 34 7 10243 64 2.000000000
6 35 7 10244 64 2.000000000
7 0 7 10245 64 2.000000000
7 1 7 10246 64 2.000000000
7 2 7 10247 64 2.000000000
7 3 7 10248 64 2.000000000
7 4 7 10249 64 2.000000000
7 5 7 10250 64 2.000000000
7 6 7 10251 64 2.000000000
7 8 7 10252 64 2.000000000
7 9 7 10253 64 2.000000000
7 10 7 10254 64 2.000000000
7 11 7 10255 64 2.000000000
7 12 7 10256 64 2.000000000
7 13 7 10257 64 2.000000000
7 14 7 10258 64 2.000000000
7 15 7 10259 64 2.000000000
7 16 7 10260 64 2.000000000
7 17 7 10261 64 2.000000000
7 18 7 10262 64 2.000000000
7 19 7 10263 64 2.000000000
7 20 7 10264 64 2.000000000
7 21 7 10265 64 2.000000000
7 22 7 10266 64 2.000000000
7 23 7 10267 64 2.000000000
7 24 7 10268 64 2.000000000
7 25 7 10269 64 2.000000000
7 26 7 10270 64 2.000000000
7 27 7 10271 64 2.000000000
7 28 7 10272 64 2.000000000
7 29 7 10273 64 2.000000000
7 30 7 10274 64 2.000000000
7 31 7 10275 64 2.000000000
7 32 7 10276 64 2.000000000
7 33 7 10277 64 2.000000000
7 34 7 10278 64 2.000000000
7 35 7 10279 64 2.000000000
8 0 7 10280 64 2.000000000
8 1 7 10281 64 2.000000000
8 2 7 10282 64 2.000000000
8 3 7 10283 64 2.000000000
8 4 7 10284 64 2.000000000
8 5 7 10285 64 2.000000000
8 6 7 10286 64 2.000000000
8 7 7 10287 64 2.000000000
8 9 7 10288 64 2.000000000
8 10 7 10289 64 2.000000000
8 11 7 10290 64 2.000000000
8 12 7 10291 64 2.000000000
8 13 7 10292 64 2.000000000
8 14 7 10293 64 2.000000000
8 15 7 10294 64 2.000000000
8 16 7 10295 64 2.000000000
8 17 7 10296 64 2.000000000
8 18 7 10297 64 2.000000000
8 19 7 10298 64 2.000000000
8 20 7 10299 64 2.000000000
8 21 7 10300 64 2.000000000
8 22 7 10301 64 2.000000000
8 23 7 10302 64 2.000000000
8 24 7 10303 64 2.000000000
8 25 7 10304 64 2.000000000
8 26 7 10305 64 2.000000000
8 27 7 10306 64 2.000000000
8 28 7 10307 64 2.000000000
8 29 7 10308 64 2.000000000
8 30 7 10309 64 2.000000000
8 31 7 10310 64 2.000000000
8 32 7 10311 64 2.000000000
8 33 7 10312 64 2.000000000
8 34 7 10313 64 2.000000000
8 35 7 10314 64 2.000000000
9 0 7 10315 64 2.000000000
9 1 7 10316 64 2.000000000
9 2 7 10317 64 2.000000000
9 3 7 10318 64 2.000000000
9 4 7 10319 64 2.000000000
9 5 7 10320 64 2.000000000
9 6 7 10321 64 2.000000000
9 7 7 10322 64 2.000000000
9 8 7 10323 64 2.000000000
9 10 7 10324 64 2.000000000
9 11 7 10325 64 2.000000000
9 12 7 10326 64 2.000000000
9 13 7 10327 64 2.000000000
9 14 7 10328 64 2.000000000
9 15 7 10329 64 2.000000000
9 16 7 10330 64 2.000000000
9 17 7 10331 64 2.000000000
9 18 7 10332 64 2.000000000
9 19 7 10333 64 2.000000000
9 20 7 10334 64 2.000000000
9 21 7 10335 64 2.000000000
9 22 7 10336 64 2.000000000
9 23 7 10337 64 2.000000000
9 24 7 10338 64 2.000000000
9 25 7 10339 64 2.000000000
9 26 7 10340 64 2.000000000
9 27 7 10341 64 2.000000000
9 28 7 10342 64 2.000000000
9 29 7 10343 64 2.000000000
9 30 7 10344 64 2.000000000
9 31 7 10345 64 2.000000000
9 32 7 10346 64 2.000000000
9 33 7 10347 64 2.000000000
9 34 7 10348 64 2.000000000
9 35 7 10349 64 2.000000000
10 0 7 10350 64 2.000000000
10 1 7 10351 64 2.000000000
10 2 7 10352 64 2.000000000
10 3 7 10353 64 2.000000000
10 4 7 10354 64 2.000000000
10 5 7 10355 64 2.000000000
10 6 7 10356 64 2.000000000
10 7 7 10357 64 2.000000000
10 8 7 10358 64 2.000000000
10 9 7 10359 64 2.000000000
10 11 7 10360 64 2.000000000
10 12 7 10361 64 2.000000000
10 13 7 10362 64 2.000000000
10 14 7 10363 64 2.000000000
10 15 7 10364 64 2.000000000
10 16 7 10365 64 2.000000000
10 17 7 10366 64 2.000000000
10 18 7 10367 64 2.000000000
10 19 7 10368 64 2.000000000
10 20 7 10369 64 2.000000000
10 21 7 10370 64 2.000000000
10 22 7 10371 64 2.000000000
10 23 7 10372 64 2.000000000
10 24 7 10373 64 2.000000000
10 25 7 10374 64 2.000000000
10 26 7 10375 64 2.000000000
10 27 7 10376 64 2.000000000
10 28 7 10377 64 2.000000000
10 29 7 10378 64 2.000000000
10 30 7 10379 64 2.000000000
10 31 7 10380 64 2.000000000
10 32 7 10381 64 2.000000000
10 33 7 10382 64 2.000000000
10 34 7 10383 64 2.000000000
10 35 7 10384 64 2.000000000
11 0 7 10385 64 2.000000000
11 1 7 10386 64 2.000000000
11 2 7 10387 64 2.000000000
11 3 7 10388 64 2.000000000
11 4 7 10389 64 2.000000000
11 5 7 10390 64 2.000000000
11 6 7 10391 64 2.000000000
11 7 7 10392 64 2.000000000
11 8 7 10393 64 2.000000000
11 9 7 10394 64 2.000000000
11 10 7 10395 64 2.000000000
11 12 7 10396 64 2.000000000
11 13 7 10397 64 2.000000000
11 14 7 10398 64 2.000000000
11 15 7 10399 64 2.000000000
11 16 7 10400 64 2.000000000
11 17 7 10401 64 2.000000000
11 18 7 10402 64 2.000000000
11 19 7 10403 64 2.000000000
11 20 7 10404 64 2.000000000
11 21 7 10405 64 2.000000000
11 22 7 10406 64 2.000000000
11 23 7 10407 64 2.000000000
11 24 7 10408 64 2.000000000
11 25 7 10409 64 2.000000000
11 26 7 10410 64 2.000000000
11 27 7 10411 64 2.000000000
11 28 7 10412 64 2.000000000
11 29 7 10413 64 2.000000000
11 30 7 10414 64 2.000000000
11 31 7 10415 64 2.000000000
11 32 7 10416 64 2.000000000
11 33 7 10417 64 2.000000000
11 34 7 10418 64 2.000000000
11 35 7 10419 64 2.000000000
12 0 7 10420 64 2.000000000
12 1 7 10421 64 2.000000000
12 2 7 10422 64 2.000000000
12 3 7 10423 64 2.000000000
12 4 7 10424 64 2.000000000
12 5 7 10425 64 2.000000000
12 6 7 10426 64 2.000000000
12 7 7 10427 64 2.000000000
12 8 7 10428 64 2.000000000
12 9 7 10429 64 2.000000000
12 10 7 10430 64 2.000000000
12 11 7 10431 64 2.000000000
12 13 7 10432 64 2.000000000
12 14 7 10433 64 2.000000000
12 15 7 10434 64 2.000000000
12 16 7 10435 64 2.000000000
12 17 7 10436 64 2.000000000
12 18 7 10437 64 2.000000000
12 19 7 10438 64 2.000000000
12 20 7 10439 64 2.000000000
12 21 7 10440 64 2.000000000
12 22 7 10441 64 2.000000000
12 23 7 10442 64 2.000000000
12 24 7 10443 64 2.000000000
12 25 7 10444 64 2.000000000
12 26 7 10445 64 2.000000000
12 27 7 10446 64 2.000000000
12 28 7 10447 64 2.000000000
12 29 7 10448 64 2.000000000
12 30 7 10449 64 2.000000000
12 31 7 10450 64 2.000000000
12 32 7 10451 64 2.000000000
12 33 7 10452 64 2.000000000
12 34 7 10453 64 2.000000000
12 35 7 10454 64 2.000000000
13 0 7 10455 64 2.000000000
13 1 7 10456 64 2.000000000
13 2 7 10457 64 2.000000000
13 3 7 10458 64 2.000000000
13 4 7 10459 64 2.000000000
13 5 7 10460 64 2.000000000
13 6 7 10461 64 2.000000000
13 7 7 10462 64 2.000000000
13 8 7 10463 64 2.000000000
13 9 7 10464 64 2.000000000
13 10 7 10465 64 2.000000000
13 11 7 10466 64 2.000000000
13 12 7 10467 64 2.000000000
13 14 7 10468 64 2.000000000
13 15 7 10469 64 2.000000000
13 16 7 10470 64 2.000000000
13 17 7 10471 64 2.000000000
13 18 7 10472 64 2.000000000
13 19 7 10473 64 2.000000000
13 20 7 10474 64 2.000000000
13 21 7 10475 64 2.000000000
13 22 7 10476 64 2.000000000
13 23 7 10477 64 2.000000000
13 24 7 10478 64 2.000000000
13 25 7 10479 64 2.000000000
13 26 7 10480 64 2.000000000
13 27 7 10481 64 2.000000000
13 28 7 10482 64 2.000000000
13 29 7 10483 64 2.000000000
13 30 7 10484 64 2.000000000
13 31 7 10485 64 2.000000000
13 32 7 10486 64 2.000000000
13 33 7 10487 64 2.000000000
13 34 7 10488 64 2.000000000
13 35 7 10489 64 2.000000000
14 0 7 10490 64 2.000000000
14 1 7 10491 64 2.000000000
14 2 7 10492 64 2.000000000
14 3 7 10493 64 2.000000000
14 4 7 10494 64 2.000000000
14 5 7 10495 64 2.000000000
14 6 7 10496 64 2.000000000
14 7 7 10497 64 2.000000000
14 8 7 10498 64 2.000000000
14 9 7 10499 64 2.000000000
14 10 7 10500 64 2.000000000
14 11 7 10501 64 2.000000000
14 12 7 10502 64 2.000000000
14 13 7 10503 64 2.000000000
14 15 7 10504 64 2.000000000
14 16 7 10505 64 2.000000000
14 17 7 10506 64 2.000000000
14 18 7 10507 64 2.000000000
14 19 7 10508 64 2.000000000
14 20 7 10509 64 2.000000000
14 21 7 10510 64 2.000000000
14 22 7 10511 64 2.000000000
14 23 7 10512 64 2.000000000
14 24 7 10513 64 2.000000000
14 25 7 10514 64 2.000000000
14 26 7 10515 64 2.000000000
14 27 7 10516 64 2.000000000
14 28 7 10517 64 2.000000000
14 29 7 10518 64 2.000000000
14 30 7 10519 64 2.000000000
14 31 7 10520 64 2.000000000
14 32 7 10521 64 2.000000000
14 33 7 10522 64 2.000000000
14 34 7 10523 64 2.000000000
14 35 7 10524 64 2.000000000
15 0 7 10525 64 2.000000000
15 1 7 10526 64 2.000000000
15 2 7 10527 64 2.000000000
15 3 7 10528 64 2.000000000
15 4 7 10529 64 2.000000000
15 5 7 10530 64 2.000000000
15 6 7 10531 64 2.000000000
15 7 7 10532 64 2.000000000
15 8 7 10533 64 2.000000000
15 9 7 10534 64 2.000000000
15 10 7 10535 64 2.000000000
15 11 7 10536 64 2.000000000
15 12 7 10537 64 2.000000000
15 13 7 10538 64 2.000000000
15 14 7 10539 64 2.000000000
15 16 7 10540 64 2.000000000
15 17 7 10541 64 2.000000000
15 18 7 10542 64 2.000000000
15 19 7 10543 64 2.000000000
15 20 7 10544 64 2.000000000
15 21 7 10545 64 2.000000000
15 22 7 10546 64 2.000000000
15 23 7 10547 64 2.000000000
15 24 7 10548 64 2.000000000
15 25 7 10549 64 2.000000000
15 26 7 10550 64 2.000000000
15 27 7 10551 64 2.000000000
15 28 7 10552 64 2.000000000
15 29 7 10553 64 2.000000000
15 30 7 10554 64 2.000000000
15 31 7 10555 64 2.000000000
15 32 7 10556 64 2.000000000
15 33 7 10557 64 2.000000000
15 34 7 10558 64 2.000000000
15 35 7 10559 64 2.000000000
16 0 7 10560 64 2.000000000
16 1 7 10561 64 2.000000000
16 2 7 10562 64 2.000000000
16 3 7 10563 64 2.000000000
16 4 7 10564 64 2.000000000
16 5 7 10565 64 2.000000000
16 6 7 10566 64 2.000000000
16 7 7 10567 64 2.000000000
16 8 7 10568 64 2.000000000
16 9 7 10569 64 2.000000000
16 10 7 10570 64 2.000000000
16 11 7 10571 64 2.000000000
16 12 7 10572 64 2.000000000
16 13 7 10573 64 2.000000000
16 14 7 10574 64 2.000000000
16 15 7 10575 64 2.000000000
16 17 7 10576 64 2.000000000
16 18 7 10577 64 2.000000000
16 19 7 10578 64 2.000000000
16 20 7 10579 64 2.000000000
16 21 7 10580 64 2.000000000
16 22 7 10581 64 2.000000000
16 23 7 10582 64 2.000000000
16 24 7 10583 64 2.000000000
16 25 7 10584 64 2.000000000
16 26 7 10585 64 2.000000000
16 27 7 10586 64 2.000000000
16 28 7 10587 64 2.000000000
16 29 7 10588 64 2.000000000
16 30 7 10589 64 2.000000000
16 31 7 10590 64 2.000000000
16 32 7 10591 64 2.000000000
16 33 7 10592 64 2.000000000
16 34 7 10593 64 2.000000000
16 35 7 10594 64 2.000000000
17 0 7 10595 64 2.000000000
17 1 7 10596 64 2.000000000
17 2 7 10597 64 2.000000000
17 3 7 10598 64 2.000000000
17 4 7 10599 64 2.000000000
17 5 7 10600 64 2.000000000
17 6 7 10601 64 2.000000000
17 7 7 10602 64 2.000000000
17 8 7 10603 64 2.000000000
17 9 7 10604 64 2.000000000
17 10 7 10605 64 2.000000000
17 11 7 10606 64 2.000000000
17 12 7 10607 64 2.000000000
17 13 7 10608 64 2.000000000
17 14 7 10609 64 2.000000000
17 15 7 10610 64 2.000000000
17 16 7 10611 64 2.000000000
17 18 7 10612 64 2.000000000
17 19 7 10613 64 2.000000000
17 20 7 10614 64 2.000000000
17 21 7 10615 64 2.000000000
17 22 7 10616 64 2.000000000
17 23 7 10617 64 2.000000000
17 24 7 10618 64 2.000000000
17 25 7 10619 64 2.000000000
17 26 7 10620 64 2.000000000
17 27 7 10621 64 2.000000000
17 28 7 10622 64 2.000000000
17 29 7 10623 64 2.000000000
17 30 7 10624 64 2.000000000
17 31 7 10625 64 2.000000000
17 32 7 10626 64 2.000000000
17 33 7 10627 64 2.000000000
17 34 7 10628 64 2.000000000
17 35 7 10629 64 2.000000000
18 0 7 10630 64 2.000000000
18 1 7 10631 64 2.000000000
18 2 7 10632 64 2.000000000
18 3 7 10633 64 2.000000000
18 4 7 10634 64 2.000000000
18 5 7 10635 64 2.000000000
18 6 7 10636 64 2.000000000
18 7 7 10637 64 2.000000000
18 8 7 10638 64 2.000000000
18 9 7 10639 64 2.000000000
18 10 7 10640 64 2.000000000
18 11 7 10641 64 2.000000000
18 12 7 10642 64 2.000000000
18 13 7 10643 64 2.000000000
18 14 7 10644 64 2.000000000
18 15 7 10645 64 2.000000000
18 16 7 10646 64 2.000000000
18 17 7 10647 64 2.000000000
18 19 7 10648 64 2.000000000
18 20 7 10649 64 2.000000000
18 21 7 10650 64 2.000000000
18 22 7 10651 64 2.000000000
18 23 7 10652 64 2.000000000
18 24 7 10653 64 2.000000000
18 25 7 10654 64 2.000000000
18 26 7 10655 64 2.000000000
18 27 7 10656 64 2.000000000
18 28 7 10657 64 2.000000000
18 29 7 10658 64 2.000000000
18 30 7 10659 64 2.000000000
18 31 7 10660 64 2.000000000
18 32 7 10661 64 2.000000000
18 33 7 10662 64 2.000000000
18 34 7 10663 64 2.000000000
18 35 7 10664 64 2.000000000
19 0 7 10665 64 2.000000000
19 1 7 10666 64 2.000000000
19 2 7 10667 64 2.000000000
19 3 7 10668 64 2.000000000
19 4 7 10669 64 2.000000000
19 5 7 10670 64 2.000000000
19 6 7 10671 64 2.000000000
19 7 7 10672 64 2.000000000
19 8 7 10673 64 2.000000000
19 9 7 10674 64 2.000000000
19 10 7 10675 64 2.000000000
19 11 7 10676 64 2.000000000
19 12 7 10677 64 2.000000000
19 13 7 10678 64 2.000000000
19 14 7 10679 64 2.000000000
19 15 7 10680 64 2.000000000
19 16 7 10681 64 2.000000000
19 17 7 10682 64 2.000000000
19 18 7 10683 64 2.000000000
19 20 7 10684 64 2.000000000
19 21 7 10685 64 2.000000000
19 22 7 10686 64 2.000000000
19 23 7 10687 64 2.000000000
19 24 7 10688 64 2.000000000
19 25 7 10689 64 2.000000000
19 26 7 10690 64 2.000000000
19 27 7 10691 64 2.000000000
19 28 7 10692 64 2.000000000
19 29 7 10693 64 2.000000000
19 30 7 10694 64 2.000000000
19 31 7 10695 64 2.000000000
19 32 7 10696 64 2.000000000
19 33 7 10697 64 2.000000000
19 34 7 10698 64 2.000000000
19 35 7 10699 64 2.000000000
20 0 7 10700 64 2.000000000
20 1 7 10701 64 2.000000000
20 2 7 10702 64 2.000000000
20 3 7 10703 64 2.000000000
20 4 7 10704 64 2.000000000
20 5 7 10705 64 2.000000000
20 6 7 10706 64 2.000000000
20 7 7 10707 64 2.000000000
20 8 7 10708 64 2.000000000
20 9 7 10709 64 2.000000000
20 10 7 10710 64 2.000000000
20 11 7 10711 64 2.000000000
20 12 7 10712 64 2.000000000
20 13 7 10713 64 2.000000000
20 14 7 10714 64 2.000000000
20 15 7 10715 64 2.000000000
20 16 7 10716 64 2.000000000
20 17 7 10717 64 2.000000000
20 18 7 10718 64 2.000000000
20 19 7 10719 64 2.000000000
20 21 7 10720 64 2.000000000
20 22 7 10721 64 2.000000000
20 23 7 10722 64 2.000000000
20 24 7 10723 64 2.000000000
20 25 7 10724 64 2.000000000
20 26 7 10725 64 2.000000000
20 27 7 10726 64 2.000000000
20 28 7 10727 64 2.000000000
20 29 7 10728 64 2.000000000
20 30 7 10729 64 2.000000000
20 31 7 10730 64 2.000000000
20 32 7 10731 64 2.000000000
20 33 7 10732 64 2.000000000
20 34 7 10733 64 2.000000000
20 35 7 10734 64 2.000000000
21 0 7 10735 64 2.000000000
21 1 7 10736 64 2.000000000
21 2 7 10737 64 2.000000000
21 3 7 10738 64 2.000000000
21 4 7 10739 64 2.000000000
21 5 7 10740 64 2.000000000
21 6 7 10741 64 2.000000000
21 7 7 10742 64 2.000000000
21 8 7 10743 64 2.000000000
21 9 7 10744 64 2.000000000
21 10 7 10745 64 2.000000000
21 11 7 10746 64 2.000000000
21 12 7 10747 64 2.000000000
21 13 7 10748 64 2.000000000
21 14 7 10749 64 2.000000000
21 15 7 10750 64 2.000000000
21 16 7 10751 64 2.000000000
21 17 7 10752 64 2.000000000
21 18 7 10753 64 2.000000000
21 19 7 10754 64 2.000000000
21 20 7 10755 64 2.000000000
21 22 7 10756 64 2.000000000
21 23 7 10757 64 2.000000000
21 24 7 10758 64 2.000000000
21 25 7 10759 64 2.000000000
21 26 7 10760 64 2.000000000
21 27 7 10761 64 2.000000000
21 28 7 10762 64 2.000000000
21 29 7 10763 64 2.000000000
21 30 7 10764 64 2.000000000
21 31 7 10765 64 2.000000000
21 32 7 10766 64 2.000000000
21 33 7 10767 64 2.000000000
21 34 7 10768 64 2.000000000
21 35 7 10769 64 2.000000000
22 0 7 10770 64 2.000000000
22 1 7 10771 64 2.000000000
22 2 7 10772 64 2.000000000
22 3 7 10773 64 2.000000000
22 4 7 10774 64 2.000000000
22 5 7 10775 64 2.000000000
22 6 7 10776 64 2.000000000
22 7 7 10777 64 2.000000000
22 8 7 10778 64 2.000000000
22 9 7 10779 64 2.000000000
22 10 7 10780 64 2.000000000
22 11 7 10781 64 2.000000000
22 12 7 10782 64 2.000000000
22 13 7 10783 64 2.000000000
22 14 7 10784 64 2.000000000
22 15 7 10785 64 2.000000000
22 16 7 10786 64 2.000000000
22 17 7 10787 64 2.000000000
22 18 7 10788 64 2.000000000
22 19 7 10789 64 2.000000000
22 20 7 10790 64 2.000000000
22 21 7 10791 64 2.000000000
22 23 7 10792 64 2.000000000
22 24 7 10793 64 2.000000000
22 25 7 10794 64 2.000000000
22 26 7 10795 64 2.000000000
22 27 7 10796 64 2.000000000
22 28 7 10797 64 2.000000000
22 29 7 10798 64 2.000000000
22 30 7 10799 64 2.000000000
22 31 7 10800 64 2.000000000
22 32 7 10801 64 2.000000000
22 33 7 10802 64 2.000000000
22 34 7 10803 64 2.000000000
22 35 7 10804 64 2.000000000
23 0 7 10805 64 2.000000000
23 1 7 10806 64 2.000000000
23 2 7 10807 64 2.000000000
23 3 7 10808 64 2.000000000
23 4 7 10809 64 2.000000000
23 5 7 10810 64 2.000000000
23 6 7 10811 64 2.000000000
23 7 7 10812 64 2.000000000
23 8 7 10813 64 2.000000000
23 9 7 10814 64 2.000000000
23 10 7 10815 64 2.000000000
23 11 7 10816 64 2.000000000
23 12 7 10817 64 2.000000000
23 13 7 10818 64 2.000000000
23 14 7 10819 64 2.000000000
23 15 7 10820 64 2.000000000
23 16 7 10821 64 2.000000000
23 17 7 10822 64 2.000000000
23 18 7 10823 64 2.000000000
23 19 7 10824 64 2.000000000
23 20 7 10825 64 2.000000000
23 21 7 10826 64 2.000000000
23 22 7 10827 64 2.000000000
23 24 7 10828 64 2.000000000
23 25 7 10829 64 2.000000000
23 26 7 10830 64 2.000000000
23 27 7 10831 64 2.000000000
23 28 7 10832 64 2.000000000
23 29 7 10833 64 2.000000000
23 30 7 10834 64 2.000000000
23 31 7 10835 64 2.000000000
23 32 7 10836 64 2.000000000
23 33 7 10837 64 2.000000000
23 34 7 10838 64 2.000000000
23 35 7 10839 64 2.000000000
24 0 7 10840 64 2.000000000
24 1 7 10841 64 2.000000000
24 2 7 10842 64 2.000000000
24 3 7 10843 64 2.000000000
24 4 7 10844 64 2.000000000
24 5 7 10845 64 2.000000000
24 6 7 10846 64 2.000000000
24 7 7 10847 64 2.000000000
24 8 7 10848 64 2.000000000
24 9 7 10849 64 2.000000000
24 10 7 10850 64 2.000000000
24 11 7 10851 64 2.000000000
24 12 7 10852 64 2.000000000
24 13 7 10853 64 2.000000000
24 14 7 10854 64 2.000000000
24 15 7 10855 64 2.000000000
24 16 7 10856 64 2.000000000
24 17 7 10857 64 2.000000000
24 18 7 10858 64 2.000000000
24 19 7 10859 64 2.000000000
24 20 7 10860 64 2.000000000
24 21 7 10861 64 2.000000000
24 22 7 10862 64 2.000000000
24 23 7 10863 64 2.000000000
24 25 7 10864 64 2.000000000
24 26 7 10865 64 2.000000000
24 27 7 10866 64 2.000000000
24 28 7 10867 64 2.000000000
24 29 7 10868 64 2.000000000
24 30 7 10869 64 2.000000000
24 31 7 10870 64 2.000000000
24 32 7 10871 64 2.000000000
24 33 7 10872 64 2.000000000
24 34 7 10873 64 2.000000000
24 35 7 10874 64 2.000000000
25 0 7 10875 64 2.000000000
25 1 7 10876 64 2.000000000
25 2 7 10877 64 2.000000000
25 3 7 10878 64 2.000000000
25 4 7 10879 64 2.000000000
25 5 7 10880 64 2.000000000
25 6 7 10881 64 2.000000000
25 7 7 10882 64 2.000000000
25 8 7 10883 64 2.000000000
25 9 7 10884 64 2.000000000
25 10 7 10885 64 2.000000000
25 11 7 10886 64 2.000000000
25 12 7 10887 64 2.000000000
25 13 7 10888 64 2.000000000
25 14 7 10889 64 2.000000000
25 15 7 10890 64 2.000000000
25 16 7 10891 64 2.000000000
25 17 7 10892 64 2.000000000
25 18 7 10893 64 2.000000000
25 19 7 10894 64 2.000000000
25 20 7 10895 64 2.000000000
25 21 7 10896 64 2.000000000
25 22 7 10897 64 2.000000000
25 23 7 10898 64 2.000000000
25 24 7 10899 64 2.000000000
25 26 7 10900 64 2.000000000
25 27 7 10901 64 2.000000000
25 28 7 10902 64 2.000000000
25 29 7 10903 64 2.000000000
25 30 7 10904 64 2.000000000
25 31 7 10905 64 2.000000000
25 32 7 10906 64 2.000000000
25 33 7 10907 64 2.000000000
25 34 7 10908 64 2.000000000
25 35 7 10909 64 2.000000000
26 0 7 10910 64 2.000000000
26 1 7 10911 64 2.000000000
26 2 7 10912 64 2.000000000
26 3 7 10913 64 2.000000000
26 4 7 10914 64 2.000000000
26 5 7 10915 64 2.000000000
26 6 7 10916 64 2.000000000
26 7 7 10917 64 2.000000000
26 8 7 10918 64 2.000000000
26 9 7 10919 64 2.000000000
26 10 7 10920 64 2.000000000
26 11 7 10921 64 2.000000000
26 12 7 10922 64 2.000000000
26 13 7 10923 64 2.000000000
26 14 7 10924 64 2.000000000
26 15 7 10925 64 2.000000000
26 16 7 10926 64 2.000000000
26 17 7 10927 64 2.000000000
26 18 7 10928 64 2.000000000
26 19 7 10929 64 2.000000000
26 20 7 10930 64 2.000000000
26 21 7 10931 64 2.000000000
26 22 7 10932 64 2.000000000
26 23 7 10933 64 2.000000000
26 24 7 10934 64 2.000000000
26 25 7 10935 64 2.000000000
26 27 7 10936 64 2.000000000
26 28 7 10937 64 2.000000000
26 29 7 10938 64 2.000000000
26 30 7 10939 64 2.000000000
26 31 7 10940 64 2.000000000
26 32 7 10941 64 2.000000000
26 33 7 10942 64 2.000000000
26 34 7 10943 64 2.000000000
26 35 7 10944 64 2.000000000
27 0 7 10945 64 2.000000000
27 1 7 10946 64 2.000000000
27 2 7 10947 64 2.000000000
27 3 7 10948 64 2.000000000
27 4 7 10949 64 2.000000000
27 5 7 10950 64 2.000000000
27 6 7 10951 64 2.000000000
27 7 7 10952 64 2.000000000
27 8 7 10953 64 2.000000000
27 9 7 10954 64 2.000000000
27 10 7 10955 64 2.000000000
27 11 7 10956 64 2.000000000
27 12 7 10957 64 2.000000000
27 13 7 10958 64 2.000000000
27 14 7 10959 64 2.000000000
27 15 7 10960 64 2.000000000
27 16 7 10961 64 2.000000000
27 17 7 10962 64 2.000000000
27 18 7 10963 64 2.000000000
27 19 7 10964 64 2.000000000
27 20 7 10965 64 2.000000000
27 21 7 10966 64 2.000000000
27 22 7 10967 64 2.000000000
27 23 7 10968 64 2.000000000
27 24 7 10969 64 2.000000000
27 25 7 10970 64 2.000000000
27 26 7 10971 64 2.000000000
27 28 7 10972 64 2.000000000
27 29 7 10973 64 2.000000000
27 30 7 10974 64 2.000000000
27 31 7 10975 64 2.000000000
27 32 7 10976 64 2.000000000
27 33 7 10977 64 2.000000000
27 34 7 10978 64 2.000000000
27 35 7 10979 64 2.000000000
28 0 7 10980 64 2.000000000
28 1 7 10981 64 2.000000000
28 2 7 10982 64 2.000000000
28 3 7 10983 64 2.000000000
28 4 7 10984 64 2.000000000
28 5 7 10985 64 2.000000000
28 6 7 10986 64 2.000000000
28 7 7 10987 64 2.000000000
28 8 7 10988 64 2.000000000
28 9 7 10989 64 2.000000000
28 10 7 10990 64 2.000000000
28 11 7 10991 64 2.000000000
28 12 7 10992 64 2.000000000
28 13 7 10993 64 2.000000000
28 14 7 10994 64 2.000000000
28 15 7 10995 64 2.000000000
28 16 7 10996 64 2.000000000
28 17 7 10997 64 2.000000000
28 18 7 10998 64 2.000000000
28 19 7 10999 64 2.000000000
28 20 7 11000 64 2.000000000
28 21 7 11001 64 2.000000000
28 22 7 11002 64 2.000000000
28 23 7 11003 64 2.000000000
28 24 7 11004 64 2.000000000
28 25 7 11005 64 2.000000000
28 26 7 11006 64 2.000000000
28 27 7 11007 64 2.000000000
28 29 7 11008 64 2.000000000
28 30 7 11009 64 2.000000000
28 31 7 11010 64 2.000000000
28 32 7 11011 64 2.000000000
28 33 7 11012 64 2.000000000
28 34 7 11013 64 2.000000000
28 35 7 11014 64 2.000000000
29 0 7 11015 64 2.000000000
29 1 7 11016 64 2.000000000
29 2 7 11017 64 2.000000000
29 3 7 11018 64 2.000000000
29 4 7 11019 64 2.000000000
29 5 7 11020 64 2.000000000
29 6 7 11021 64 2.000000000
29 7 7 11022 64 2.000000000
29 8 7 11023 64 2.000000000
29 9 7 11024 64 2.000000000
29 10 7 11025 64 2.000000000
29 11 7 11026 64 2.000000000
29 12 7 11027 64 2.000000000
29 13 7 11028 64 2.000000000
29 14 7 11029 64 2.000000000
29 15 7 11030 64 2.000000000
29 16 7 11031 64 2.000000000
29 17 7 11032 64 2.000000000
29 18 7 11033 64 2.000000000
29 19 7 11034 64 2.000000000
29 20 7 11035 64 2.000000000
29 21 7 11036 64 2.000000000
29 22 7 11037 64 2.000000000
29 23 7 11038 64 2.000000000
29 24 7 11039 64 2.000000000
29 25 7 11040 64 2.000000000
29 26 7 11041 64 2.000000000
29 27 7 11042 64 2.000000000
29 28 7 11043 64 2.000000000
29 30 7 11044 64 2.000000000
29 31 7 11045 64 2.000000000
29 32 7 11046 64 2.000000000
29 33 7 11047 64 2.000000000
29 34 7 11048 64 2.000000000
29 35 7 11049 64 2.000000000
30 0 7 11050 64 2.000000000
30 1 7 11051 64 2.000000000
30 2 7 11052 64 2.000000000
30 3 7 11053 64 2.000000000
30 4 7 11054 64 2.000000000
30 5 7 11055 64 2.000000000
30 6 7 11056 64 2.000000000
30 7 7 11057 64 2.000000000
30 8 7 11058 64 2.000000000
30 9 7 11059 64 2.000000000
30 10 7 11060 64 2.000000000
30 11 7 11061 64 2.000000000
30 12 7 11062 64 2.000000000
30 13 7 11063 64 2.000000000
30 14 7 11064 64 2.000000000
30 15 7 11065 64 2.000000000
30 16 7 11066 64 2.000000000
30 17 7 11067 64 2.000000000
30 18 7 11068 64 2.000000000
30 19 7 11069 64 2.000000000
30 20 7 11070 64 2.000000000
30 21 7 11071 64 2.000000000
30 22 7 11072 64 2.000000000
30 23 7 11073 64 2.000000000
30 24 7 11074 64 2.000000000
30 25 7 11075 64 2.000000000
30 26 7 11076 64 2.000000000
30 27 7 11077 64 2.000000000
30 28 7 11078 64 2.000000000
30 29 7 11079 64 2.000000000
30 31 7 11080 64 2.000000000
30 32 7 11081 64 2.000000000
30 33 7 11082 64 2.000000000
30 34 7 11083 64 2.000000000
30 35 7 11084 64 2.000000000
31 0 7 11085 64 2.000000000
31 1 7 11086 64 2.000000000
31 2 7 11087 64 2.000000000
31 3 7 11088 64 2.000000000
31 4 7 11089 64 2.000000000
31 5 7 11090 64 2.000000000
31 6 7 11091 64 2.000000000
31 7 7 11092 64 2.000000000
31 8 7 11093 64 2.000000000
31 9 7 11094 64 2.000000000
31 10 7 11095 64 2.000000000
31 11 7 11096 64 2.000000000
31 12 7 11097 64 2.000000000
31 13 7 11098 64 2.000000000
31 14 7 11099 64 2.000000000
31 15 7 11100 64 2.000000000
31 16 7 11101 64 2.000000000
31 17 7 11102 64 2.000000000
31 18 7 11103 64 2.000000000
31 19 7 11104 64 2.000000000
31 20 7 11105 64 2.000000000
31 21 7 11106 64 2.000000000
31 22 7 11107 64 2.000000000
31 23 7 11108 64 2.000000000
31 24 7 11109 64 2.000000000
31 25 7 11110 64 2.000000000
31 26 7 11111 64 2.000000000
31 27 7 11112 64 2.000000000
31 28 7 11113 64 2.000000000
31 29 7 11114 64 2.000000000
31 30 7 11115 64 2.000000000
31 32 7 11116 64 2.000000000
31 33 7 11117 64 2.000000000
31 34 7 11118 64 2.000000000
31 35 7 11119 64 2.000000000
32 0 7 11120 64 2.000000000
32 1 7 11121 64 2.000000000
32 2 7 11122 64 2.000000000
32 3 7 11123 64 2.000000000
32 4 7 11124 64 2.000000000
32 5 7 11125 64 2.000000000
32 6 7 11126 64 2.000000000
32 7 7 11127 64 2.000000000
32 8 7 11128 64 2.000000000
32 9 7 11129 64 2.000000000
32 10 7 11130 64 2.000000000
32 11 7 11131 64 2.000000000
32 12 7 11132 64 2.000000000
32 13 7 11133 64 2.000000000
32 14 7 11134 64 2.000000000
32 15 7 11135 64 2.000000000
32 16 7 11136 64 2.000000000
32 17 7 11137 64 2.000000000
32 18 7 11138 64 2.000000000
32 19 7 11139 64 2.000000000
32 20 7 11140 64 2.000000000
32 21 7 11141 64 2.000000000
32 22 7 11142 64 2.000000000
32 23 7 11143 64 2.000000000
32 24 7 11144 64 2.000000000
32 25 7 11145 64 2.000000000
32 26 7 11146 64 2.000000000
32 27 7 11147 64 2.000000000
32 28 7 11148 64 2.000000000
32 29 7 11149 64 2.000000000
32 30 7 11150 64 2.000000000
32 31 7 11151 64 2.000000000
32 33 7 11152 64 2.000000000
32 34 7 11153 64 2.000000000
32 35 7 11154 64 2.000000000
33 0 7 11155 64 2.000000000
33 1 7 11156 64 2.000000000
33 2 7 11157 64 2.000000000
33 3 7 11158 64 2.000000000
33 4 7 11159 64 2.000000000
33 5 7 11160 64 2.000000000
33 6 7 11161 64 2.000000000
33 7 7 11162 64 2.000000000
33 8 7 11163 64 2.000000000
33 9 7 11164 64 2.000000000
33 10 7 11165 64 2.000000000
33 11 7 11166 64 2.000000000
33 12 7 11167 64 2.000000000
33 13 7 11168 64 2.000000000
33 14 7 11169 64 2.000000000
33 15 7 11170 64 2.000000000
33 16 7 11171 64 2.000000000
33 17 7 11172 64 2.000000000
33 18 7 11173 64 2.000000000
33 19 7 11174 64 2.000000000
33 20 7 11175 64 2.000000000
33 21 7 11176 64 2.000000000
33 22 7 11177 64 2.000000000
33 23 7 11178 64 2.000000000
33 24 7 11179 64 2.000000000
33 25 7 11180 64 2.000000000
33 26 7 11181 64 2.000000000
33 27 7 11182 64 2.000000000
33 28 7 11183 64 2.000000000
33 29 7 11184 64 2.000000000
33 30 7 11185 64 2.000000000
33 31 7 11186 64 2.000000000
33 32 7 11187 64 2.000000000
33 34 7 11188 64 2.000000000
33 35 7 11189 64 2.000000000
34 0 7 11190 64 2.000000000
34 1 7 11191 64 2.000000000
34 2 7 11192 64 2.000000000
34 3 7 11193 64 2.000000000
34 4 7 11194 64 2.000000000
34 5 7 11195 64 2.000000000
34 6 7 11196 64 2.000000000
34 7 7 11197 64 2.000000000
34 8 7 11198 64 2.000000000
34 9 7 11199 64 2.000000000
34 10 7 11200 64 2.000000000
34 11 7 11201 64 2.000000000
34 12 7 11202 64 2.000000000
34 13 7 11203 64 2.000000000
34 14 7 11204 64 2.000000000
34 15 7 11205 64 2.000000000
34 16 7 11206 64 2.000000000
34 17 7 11207 64 2.000000000
34 18 7 11208 64 2.000000000
34 19 7 11209 64 2.000000000
34 20 7 11210 64 2.000000000
34 21 7 11211 64 2.000000000
34 22 7 11212 64 2.000000000
34 23 7 11213 64 2.000000000
34 24 7 11214 64 2.000000000
34 25 7 11215 64 2.000000000
34 26 7 11216 64 2.000000000
34 27 7 11217 64 2.000000000
34 28 7 11218 64 2.000000000
34 29 7 11219 64 2.000000000
34 30 7 11220 64 2.000000000
34 31 7 11221 64 2.000000000
34 32 7 11222 64 2.000000000
34 33 7 11223 64 2.000000000
34 35 7 11224 64 2.000000000
35 0 7 11225 64 2.000000000
35 1 7 11226 64 2.000000000
35 2 7 11227 64 2.000000000
35 3 7 11228 64 2.000000000
35 4 7 11229 64 2.000000000
35 5 7 11230 64 2.000000000
35 6 7 11231 64 2.000000000
35 7 7 11232 64 2.000000000
35 8 7 11233 64 2.000000000
35 9 7 11234 64 2.000000000
35 10 7 11235 64 2.000000000
35 11 7 11236 64 2.000000000
35 12 7 11237 64 2.000000000
35 13 7 11238 64 2.000000000
35 14 7 11239 64 2.000000000
35 15 7 11240 64 2.000000000
35 16 7 11241 64 2.000000000
35 17 7 11242 64 2.000000000
35 18 7 11243 64 2.000000000
35 19 7 11244 64 2.000000000
35 20 7 11245 64 2.000000000
35 21 7 11246 64 2.000000000
35 22 7 11247 64 2.000000000
35 23 7 11248 64 2.000000000
35 24 7 11249 64 2.000000000
35 25 7 11250 64 2.000000000
35 26 7 11251 64 2.000000000
35 27 7 11252 64 2.000000000
35 28 7 11253 64 2.000000000
35 29 7 11254 64 2.000000000
35 30 7 11255 64 2.000000000
35 31 7 11256 64 2.000000000
35 32 7 11257 64 2.000000000
35 33 7 11258 64 2.000000000
35 34 7 11259 64 2.000000000
