1260
0 1 7 10000 2 2.000000000
0 2 7 10001 2 2.000000000
0 3 7 10002 2 2.000000000
0 4 7 10003 2 2.000000000
0 5 7 10004 2 2.000000000
0 6 7 10005 2 2.000000000
0 7 7 10006 2 2.000000000
0 8 7 10007 2 2.000000000
0 9 7 10008 2 2.000000000
0 10 7 10009 2 2.000000000
0 11 7 10010 2 2.000000000
0 12 7 10011 2 2.000000000
0 13 7 10012 2 2.000000000
0 14 7 10013 2 2.000000000
0 15 7 10014 2 2.000000000
0 16 7 10015 2 2.000000000
0 17 7 10016 2 2.000000000
0 18 7 10017 2 2.000000000
0 19 7 10018 2 2.000000000
0 20 7 10019 2 2.000000000
0 21 7 10020 2 2.000000000
0 22 7 10021 2 2.000000000
0 23 7 10022 2 2.000000000
0 24 7 10023 2 2.000000000
0 25 7 10024 2 2.000000000
0 26 7 10025 2 2.000000000
0 27 7 10026 2 2.000000000
0 28 7 10027 2 2.000000000
0 29 7 10028 2 2.000000000
0 30 7 10029 2 2.000000000
0 31 7 10030 2 2.000000000
0 32 7 10031 2 2.000000000
0 33 7 10032 2 2.000000000
0 34 7 10033 2 2.000000000
0 35 7 10034 2 2.000000000
1 0 7 10035 2 2.000000000
1 2 7 10036 2 2.000000000
1 3 7 10037 2 2.000000000
1 4 7 10038 2 2.000000000
1 5 7 10039 2 2.000000000
1 6 7 10040 2 2.000000000
1 7 7 10041 2 2.000000000
1 8 7 10042 2 2.000000000
1 9 7 10043 2 2.000000000
1 10 7 10044 2 2.000000000
1 11 7 10045 2 2.000000000
1 12 7 10046 2 2.000000000
1 13 7 10047 2 2.000000000
1 14 7 10048 2 2.000000000
1 15 7 10049 2 2.000000000
1 16 7 10050 2 2.000000000
1 17 7 10051 2 2.000000000
1 18 7 10052 2 2.000000000
1 19 7 10053 2 2.000000000
1 20 7 10054 2 2.000000000
1 21 7 10055 2 2.000000000
1 22 7 10056 2 2.000000000
1 23 7 10057 2 2.000000000
1 24 7 10058 2 2.000000000
1 25 7 10059 2 2.000000000
1 26 7 10060 2 2.000000000
1 27 7 10061 2 2.000000000
1 28 7 10062 2 2.000000000
1 29 7 10063 2 2.000000000
1 30 7 10064 2 2.000000000
1 31 7 10065 2 2.000000000
1 32 7 10066 2 2.000000000
1 33 7 10067 2 2.000000000
1 34 7 10068 2 2.000000000
1 35 7 10069 2 2.000000000
2 0 7 10070 2 2.000000000
2 1 7 10071 2 2.000000000
2 3 7 10072 2 2.000000000
2 4 7 10073 2 2.000000000
2 5 7 10074 2 2.000000000
2 6 7 10075 2 2.000000000
2 7 7 10076 2 2.000000000
2 8 7 10077 2 2.000000000
2 9 7 10078 2 2.000000000
2 10 7 10079 2 2.000000000
2 11 7 10080 2 2.000000000
2 12 7 10081 2 2.000000000
2 13 7 10082 2 2.000000000
2 14 7 10083 2 2.000000000
2 15 7 10084 2 2.000000000
2 16 7 10085 2 2.000000000
2 17 7 10086 2 2.000000000
2 18 7 10087 2 2.000000000
2 19 7 10088 2 2.000000000
2 20 7 10089 2 2.000000000
2 21 7 10090 2 2.000000000
2 22 7 10091 2 2.000000000
2 23 7 10092 2 2.000000000
2 24 7 10093 2 2.000000000
2 25 7 10094 2 2.000000000
2 26 7 10095 2 2.000000000
2 27 7 10096 2 2.000000000
2 28 7 10097 2 2.000000000
2 29 7 10098 2 2.000000000
2 30 7 10099 2 2.000000000
2 31 7 10100 2 2.000000000
2 32 7 10101 2 2.000000000
2 33 7 10102 2 2.000000000
2 34 7 10103 2 2.000000000
2 35 7 10104 2 2.000000000
3 0 7 10105 2 2.000000000
3 1 7 10106 2 2.000000000
3 2 7 10107 2 2.000000000
3 4 7 10108 2 2.000000000
3 5 7 10109 2 2.000000000
3 6 7 10110 2 2.000000000
3 7 7 10111 2 2.000000000
3 8 7 10112 2 2.000000000
3 9 7 10113 2 2.000000000
3 10 7 10114 2 2.000000000
3 11 7 10115 2 2.000000000
3 12 7 10116 2 2.000000000
3 13 7 10117 2 2.000000000
3 14 7 10118 2 2.000000000
3 15 7 10119 2 2.000000000
3 16 7 10120 2 2.000000000
3 17 7 10121 2 2.000000000
3 18 7 10122 2 2.000000000
3 19 7 10123 2 2.000000000
3 20 7 10124 2 2.000000000
3 21 7 10125 2 2.000000000
3 22 7 10126 2 2.000000000
3 23 7 10127 2 2.000000000
3 24 7 10128 2 2.000000000
3 25 7 10129 2 2.000000000
3 26 7 10130 2 2.000000000
3 27 7 10131 2 2.000000000
3 28 7 10132 2 2.000000000
3 29 7 10133 2 2.000000000
3 30 7 10134 2 2.000000000
3 31 7 10135 2 2.000000000
3 32 7 10136 2 2.000000000
3 33 7 10137 2 2.000000000
3 34 7 10138 2 2.000000000
3 35 7 10139 2 2.000000000
4 0 7 10140 2 2.000000000
4 1 7 10141 2 2.000000000
4 2 7 10142 2 2.000000000
4 3 7 10143 2 2.000000000
4 5 7 10144 2 2.000000000
4 6 7 10145 2 2.000000000
4 7 7 10146 2 2.000000000
4 8 7 10147 2 2.000000000
4 9 7 10148 2 2.000000000
4 10 7 10149 2 2.000000000
4 11 7 10150 2 2.000000000
4 12 7 10151 2 2.000000000
4 13 7 10152 2 2.000000000
4 14 7 10153 2 2.000000000
4 15 7 10154 2 2.000000000
4 16 7 10155 2 2.000000000
4 17 7 10156 2 2.000000000
4 18 7 10157 2 2.000000000
4 19 7 10158 2 2.000000000
4 20 7 10159 2 2.000000000
4 21 7 10160 2 2.000000000
4 22 7 10161 2 2.000000000
4 23 7 10162 2 2.000000000
4 24 7 10163 2 2.000000000
4 25 7 10164 2 2.000000000
4 26 7 10165 2 2.000000000
4 27 7 10166 2 2.000000000
4 28 7 10167 2 2.000000000
4 29 7 10168 2 2.000000000
4 30 7 10169 2 2.000000000
4 31 7 10170 2 2.000000000
4 32 7 10171 2 2.000000000
4 33 7 10172 2 2.000000000
4 34 7 10173 2 2.000000000
4 35 7 10174 2 2.000000000
5 0 7 10175 2 2.000000000
5 1 7 10176 2 2.000000000
5 2 7 10177 2 2.000000000
5 3 7 10178 2 2.000000000
5 4 7 10179 2 2.000000000
5 6 7 10180 2 2.000000000
5 7 7 10181 2 2.000000000
5 8 7 10182 2 2.000000000
5 9 7 10183 2 2.000000000
5 10 7 10184 2 2.000000000
5 11 7 10185 2 2.000000000
5 12 7 10186 2 2.000000000
5 13 7 10187 2 2.000000000
5 14 7 10188 2 2.000000000
5 15 7 10189 2 2.000000000
5 16 7 10190 2 2.000000000
5 17 7 10191 2 2.000000000
5 18 7 10192 2 2.000000000
5 19 7 10193 2 2.000000000
5 20 7 10194 2 2.000000000
5 21 7 10195 2 2.000000000
5 22 7 10196 2 2.000000000
5 23 7 10197 2 2.000000000
5 24 7 10198 2 2.000000000
5 25 7 10199 2 2.000000000
5 26 7 10200 2 2.000000000
5 27 7 10201 2 2.000000000
5 28 7 10202 2 2.000000000
5 29 7 10203 2 2.000000000
5 30 7 10204 2 2.000000000
5 31 7 10205 2 2.000000000
5 32 7 10206 2 2.000000000
5 33 7 10207 2 2.000000000
5 34 7 10208 2 2.000000000
5 35 7 10209 2 2.000000000
6 0 7 10210 2 2.000000000
6 1 7 10211 2 2.000000000
6 2 7 10212 2 2.000000000
6 3 7 10213 2 2.000000000
6 4 7 10214 2 2.000000000
6 5 7 10215 2 2.000000000
6 7 7 10216 2 2.000000000
6 8 7 10217 2 2.000000000
6 9 7 10218 2 2.000000000
6 10 7 10219 2 2.000000000
6 11 7 10220 2 2.000000000
6 12 7 10221 2 2.000000000
6 13 7 10222 2 2.000000000
6 14 7 10223 2 2.000000000
6 15 7 10224 2 2.000000000
6 16 7 10225 2 2.000000000
6 17 7 10226 2 2.000000000
6 18 7 10227 2 2.000000000
6 19 7 10228 2 2.000000000
6 20 7 10229 2 2.000000000
6 21 7 10230 2 2.000000000
6 22 7 10231 2 2.000000000
6 23 7 10232 2 2.000000000
6 24 7 10233 2 2.000000000
6 25 7 10234 2 2.000000000
6 26 7 10235 2 2.000000000
6 27 7 10236 2 2.000000000
6 28 7 10237 2 2.000000000
6 29 7 10238 2 2.000000000
6 30 7 10239 2 2.000000000
6 31 7 10240 2 2.000000000
6 32 7 10241 2 2.000000000
6 33 7 10242 2 2.000000000
6 34 7 10243 2 2.000000000
6 35 7 10244 2 2.000000000
7 0 7 10245 2 2.000000000
7 1 7 10246 2 2.000000000
7 2 7 10247 2 2.000000000
7 3 7 10248 2 2.000000000
7 4 7 10249 2 2.000000000
7 5 7 10250 2 2.000000000
7 6 7 10251 2 2.000000000
7 8 7 10252 2 2.000000000
7 9 7 10253 2 2.000000000
7 10 7 10254 2 2.000000000
7 11 7 10255 2 2.000000000
7 12 7 10256 2 2.000000000
7 13 7 10257 2 2.000000000
7 14 7 10258 2 2.000000000
7 15 7 10259 2 2.000000000
7 16 7 10260 2 2.000000000
7 17 7 10261 2 2.000000000
7 18 7 10262 2 2.000000000
7 19 7 10263 2 2.000000000
7 20 7 10264 2 2.000000000
7 21 7 10265 2 2.000000000
7 22 7 10266 2 2.000000000
7 23 7 10267 2 2.000000000
7 24 7 10268 2 2.000000000
7 25 7 10269 2 2.000000000
7 26 7 10270 2 2.000000000
7 27 7 10271 2 2.000000000
7 28 7 10272 2 2.000000000
7 29 7 10273 2 2.000000000
7 30 7 10274 2 2.000000000
7 31 7 10275 2 2.000000000
7 32 7 10276 2 2.000000000
7 33 7 10277 2 2.000000000
7 34 7 10278 2 2.000000000
7 35 7 10279 2 2.000000000
8 0 7 10280 2 2.000000000
8 1 7 10281 2 2.000000000
8 2 7 10282 2 2.000000000
8 3 7 10283 2 2.000000000
8 4 7 10284 2 2.000000000
8 5 7 10285 2 2.000000000
8 6 7 10286 2 2.000000000
8 7 7 10287 2 2.000000000
8 9 7 10288 2 2.000000000
8 10 7 10289 2 2.000000000
8 11 7 10290 2 2.000000000
8 12 7 10291 2 2.000000000
8 13 7 10292 2 2.000000000
8 14 7 10293 2 2.000000000
8 15 7 10294 2 2.000000000
8 16 7 10295 2 2.000000000
8 17 7 10296 2 2.000000000
8 18 7 10297 2 2.000000000
8 19 7 10298 2 2.000000000
8 20 7 10299 2 2.000000000
8 21 7 10300 2 2.000000000
8 22 7 10301 2 2.000000000
8 23 7 10302 2 2.000000000
8 24 7 10303 2 2.000000000
8 25 7 10304 2 2.000000000
8 26 7 10305 2 2.000000000
8 27 7 10306 2 2.000000000
8 28 7 10307 2 2.000000000
8 29 7 10308 2 2.000000000
8 30 7 10309 2 2.000000000
8 31 7 10310 2 2.000000000
8 32 7 10311 2 2.000000000
8 33 7 10312 2 2.000000000
8 34 7 10313 2 2.000000000
8 35 7 10314 2 2.000000000
9 0 7 10315 2 2.000000000
9 1 7 10316 2 2.000000000
9 2 7 10317 2 2.000000000
9 3 7 10318 2 2.000000000
9 4 7 10319 2 2.000000000
9 5 7 10320 2 2.000000000
9 6 7 10321 2 2.000000000
9 7 7 10322 2 2.000000000
9 8 7 10323 2 2.000000000
9 10 7 10324 2 2.000000000
9 11 7 10325 2 2.000000000
9 12 7 10326 2 2.000000000
9 13 7 10327 2 2.000000000
9 14 7 10328 2 2.000000000
9 15 7 10329 2 2.000000000
9 16 7 10330 2 2.000000000
9 17 7 10331 2 2.000000000
9 18 7 10332 2 2.000000000
9 19 7 10333 2 2.000000000
9 20 7 10334 2 2.000000000
9 21 7 10335 2 2.000000000
9 22 7 10336 2 2.000000000
9 23 7 10337 2 2.000000000
9 24 7 10338 2 2.000000000
9 25 7 10339 2 2.000000000
9 26 7 10340 2 2.000000000
9 27 7 10341 2 2.000000000
9 28 7 10342 2 2.000000000
9 29 7 10343 2 2.000000000
9 30 7 10344 2 2.000000000
9 31 7 10345 2 2.000000000
9 32 7 10346 2 2.000000000
9 33 7 10347 2 2.000000000
9 34 7 10348 2 2.000000000
9 35 7 10349 2 2.000000000
10 0 7 10350 2 2.000000000
10 1 7 10351 2 2.000000000
10 2 7 10352 2 2.000000000
10 3 7 10353 2 2.000000000
10 4 7 10354 2 2.000000000
10 5 7 10355 2 2.000000000
10 6 7 10356 2 2.000000000
10 7 7 10357 2 2.000000000
10 8 7 10358 2 2.000000000
10 9 7 10359 2 2.000000000
10 11 7 10360 2 2.000000000
10 12 7 10361 2 2.000000000
10 13 7 10362 2 2.000000000
10 14 7 10363 2 2.000000000
10 15 7 10364 2 2.000000000
10 16 7 10365 2 2.000000000
10 17 7 10366 2 2.000000000
10 18 7 10367 2 2.000000000
10 19 7 10368 2 2.000000000
10 20 7 10369 2 2.000000000
10 21 7 10370 2 2.000000000
10 22 7 10371 2 2.000000000
10 23 7 10372 2 2.000000000
10 24 7 10373 2 2.000000000
10 25 7 10374 2 2.000000000
10 26 7 10375 2 2.000000000
10 27 7 10376 2 2.000000000
10 28 7 10377 2 2.000000000
10 29 7 10378 2 2.000000000
10 30 7 10379 2 2.000000000
10 31 7 10380 2 2.000000000
10 32 7 10381 2 2.000000000
10 33 7 10382 2 2.000000000
10 34 7 10383 2 2.000000000
10 35 7 10384 2 2.000000000
11 0 7 10385 2 2.000000000
11 1 7 10386 2 2.000000000
11 2 7 10387 2 2.000000000
11 3 7 10388 2 2.000000000
11 4 7 10389 2 2.000000000
11 5 7 10390 2 2.000000000
11 6 7 10391 2 2.000000000
11 7 7 10392 2 2.000000000
11 8 7 10393 2 2.000000000
11 9 7 10394 2 2.000000000
11 10 7 10395 2 2.000000000
11 12 7 10396 2 2.000000000
11 13 7 10397 2 2.000000000
11 14 7 10398 2 2.000000000
11 15 7 10399 2 2.000000000
11 16 7 10400 2 2.000000000
11 17 7 10401 2 2.000000000
11 18 7 10402 2 2.000000000
11 19 7 10403 2 2.000000000
11 20 7 10404 2 2.000000000
11 21 7 10405 2 2.000000000
11 22 7 10406 2 2.000000000
11 23 7 10407 2 2.000000000
11 24 7 10408 2 2.000000000
11 25 7 10409 2 2.000000000
11 26 7 10410 2 2.000000000
11 27 7 10411 2 2.000000000
11 28 7 10412 2 2.000000000
11 29 7 10413 2 2.000000000
11 30 7 10414 2 2.000000000
11 31 7 10415 2 2.000000000
11 32 7 10416 2 2.000000000
11 33 7 10417 2 2.000000000
11 34 7 10418 2 2.000000000
11 35 7 10419 2 2.000000000
12 0 7 10420 2 2.000000000
12 1 7 10421 2 2.000000000
12 2 7 10422 2 2.000000000
12 3 7 10423 2 2.000000000
12 4 7 10424 2 2.000000000
12 5 7 10425 2 2.000000000
12 6 7 10426 2 2.000000000
12 7 7 10427 2 2.000000000
12 8 7 10428 2 2.000000000
12 9 7 10429 2 2.000000000
12 10 7 10430 2 2.000000000
12 11 7 10431 2 2.000000000
12 13 7 10432 2 2.000000000
12 14 7 10433 2 2.000000000
12 15 7 10434 2 2.000000000
12 16 7 10435 2 2.000000000
12 17 7 10436 2 2.000000000
12 18 7 10437 2 2.000000000
12 19 7 10438 2 2.000000000
12 20 7 10439 2 2.000000000
12 21 7 10440 2 2.000000000
12 22 7 10441 2 2.000000000
12 23 7 10442 2 2.000000000
12 24 7 10443 2 2.000000000
12 25 7 10444 2 2.000000000
12 26 7 10445 2 2.000000000
12 27 7 10446 2 2.000000000
12 28 7 10447 2 2.000000000
12 29 7 10448 2 2.000000000
12 30 7 10449 2 2.000000000
12 31 7 10450 2 2.000000000
12 32 7 10451 2 2.000000000
12 33 7 10452 2 2.000000000
12 34 7 10453 2 2.000000000
12 35 7 10454 2 2.000000000
13 0 7 10455 2 2.000000000
13 1 7 10456 2 2.000000000
13 2 7 10457 2 2.000000000
13 3 7 10458 2 2.000000000
13 4 7 10459 2 2.000000000
13 5 7 10460 2 2.000000000
13 6 7 10461 2 2.000000000
13 7 7 10462 2 2.000000000
13 8 7 10463 2 2.000000000
13 9 7 10464 2 2.000000000
13 10 7 10465 2 2.000000000
13 11 7 10466 2 2.000000000
13 12 7 10467 2 2.000000000
13 14 7 10468 2 2.000000000
13 15 7 10469 2 2.000000000
13 16 7 10470 2 2.000000000
13 17 7 10471 2 2.000000000
13 18 7 10472 2 2.000000000
13 19 7 10473 2 2.000000000
13 20 7 10474 2 2.000000000
13 21 7 10475 2 2.000000000
13 22 7 10476 2 2.000000000
13 23 7 10477 2 2.000000000
13 24 7 10478 2 2.000000000
13 25 7 10479 2 2.000000000
13 26 7 10480 2 2.000000000
13 27 7 10481 2 2.000000000
13 28 7 10482 2 2.000000000
13 29 7 10483 2 2.000000000
13 30 7 10484 2 2.000000000
13 31 7 10485 2 2.000000000
13 32 7 10486 2 2.000000000
13 33 7 10487 2 2.000000000
13 34 7 10488 2 2.000000000
13 35 7 10489 2 2.000000000
14 0 7 10490 2 2.000000000
14 1 7 10491 2 2.000000000
14 2 7 10492 2 2.000000000
14 3 7 10493 2 2.000000000
14 4 7 10494 2 2.000000000
14 5 7 10495 2 2.000000000
14 6 7 10496 2 2.000000000
14 7 7 10497 2 2.000000000
14 8 7 10498 2 2.000000000
14 9 7 10499 2 2.000000000
14 10 7 10500 2 2.000000000
14 11 7 10501 2 2.000000000
14 12 7 10502 2 2.000000000
14 13 7 10503 2 2.000000000
14 15 7 10504 2 2.000000000
14 16 7 10505 2 2.000000000
14 17 7 10506 2 2.000000000
14 18 7 10507 2 2.000000000
14 19 7 10508 2 2.000000000
14 20 7 10509 2 2.000000000
14 21 7 10510 2 2.000000000
14 22 7 10511 2 2.000000000
14 23 7 10512 2 2.000000000
14 24 7 10513 2 2.000000000
14 25 7 10514 2 2.000000000
14 26 7 10515 2 2.000000000
14 27 7 10516 2 2.000000000
14 28 7 10517 2 2.000000000
14 29 7 10518 2 2.000000000
14 30 7 10519 2 2.000000000
14 31 7 10520 2 2.000000000
14 32 7 10521 2 2.000000000
14 33 7 10522 2 2.000000000
14 34 7 10523 2 2.000000000
14 35 7 10524 2 2.000000000
15 0 7 10525 2 2.000000000
15 1 7 10526 2 2.000000000
15 2 7 10527 2 2.000000000
15 3 7 10528 2 2.000000000
15 4 7 10529 2 2.000000000
15 5 7 10530 2 2.000000000
15 6 7 10531 2 2.000000000
15 7 7 10532 2 2.000000000
15 8 7 10533 2 2.000000000
15 9 7 10534 2 2.000000000
15 10 7 10535 2 2.000000000
15 11 7 10536 2 2.000000000
15 12 7 10537 2 2.000000000
15 13 7 10538 2 2.000000000
15 14 7 10539 2 2.000000000
15 16 7 10540 2 2.000000000
15 17 7 10541 2 2.000000000
15 18 7 10542 2 2.000000000
15 19 7 10543 2 2.000000000
15 20 7 10544 2 2.000000000
15 21 7 10545 2 2.000000000
15 22 7 10546 2 2.000000000
15 23 7 10547 2 2.000000000
15 24 7 10548 2 2.000000000
15 25 7 10549 2 2.000000000
15 26 7 10550 2 2.000000000
15 27 7 10551 2 2.000000000
15 28 7 10552 2 2.000000000
15 29 7 10553 2 2.000000000
15 30 7 10554 2 2.000000000
15 31 7 10555 2 2.000000000
15 32 7 10556 2 2.000000000
15 33 7 10557 2 2.000000000
15 34 7 10558 2 2.000000000
15 35 7 10559 2 2.000000000
16 0 7 10560 2 2.000000000
16 1 7 10561 2 2.000000000
16 2 7 10562 2 2.000000000
16 3 7 10563 2 2.000000000
16 4 7 10564 2 2.000000000
16 5 7 10565 2 2.000000000
16 6 7 10566 2 2.000000000
16 7 7 10567 2 2.000000000
16 8 7 10568 2 2.000000000
16 9 7 10569 2 2.000000000
16 10 7 10570 2 2.000000000
16 11 7 10571 2 2.000000000
16 12 7 10572 2 2.000000000
16 13 7 10573 2 2.000000000
16 14 7 10574 2 2.000000000
16 15 7 10575 2 2.000000000
16 17 7 10576 2 2.000000000
16 18 7 10577 2 2.000000000
16 19 7 10578 2 2.000000000
16 20 7 10579 2 2.000000000
16 21 7 10580 2 2.000000000
16 22 7 10581 2 2.000000000
16 23 7 10582 2 2.000000000
16 24 7 10583 2 2.000000000
16 25 7 10584 2 2.000000000
16 26 7 10585 2 2.000000000
16 27 7 10586 2 2.000000000
16 28 7 10587 2 2.000000000
16 29 7 10588 2 2.000000000
16 30 7 10589 2 2.000000000
16 31 7 10590 2 2.000000000
16 32 7 10591 2 2.000000000
16 33 7 10592 2 2.000000000
16 34 7 10593 2 2.000000000
16 35 7 10594 2 2.000000000
17 0 7 10595 2 2.000000000
17 1 7 10596 2 2.000000000
17 2 7 10597 2 2.000000000
17 3 7 10598 2 2.000000000
17 4 7 10599 2 2.000000000
17 5 7 10600 2 2.000000000
17 6 7 10601 2 2.000000000
17 7 7 10602 2 2.000000000
17 8 7 10603 2 2.000000000
17 9 7 10604 2 2.000000000
17 10 7 10605 2 2.000000000
17 11 7 10606 2 2.000000000
17 12 7 10607 2 2.000000000
17 13 7 10608 2 2.000000000
17 14 7 10609 2 2.000000000
17 15 7 10610 2 2.000000000
17 16 7 10611 2 2.000000000
17 18 7 10612 2 2.000000000
17 19 7 10613 2 2.000000000
17 20 7 10614 2 2.000000000
17 21 7 10615 2 2.000000000
17 22 7 10616 2 2.000000000
17 23 7 10617 2 2.000000000
17 24 7 10618 2 2.000000000
17 25 7 10619 2 2.000000000
17 26 7 10620 2 2.000000000
17 27 7 10621 2 2.000000000
17 28 7 10622 2 2.000000000
17 29 7 10623 2 2.000000000
17 30 7 10624 2 2.000000000
17 31 7 10625 2 2.000000000
17 32 7 10626 2 2.000000000
17 33 7 10627 2 2.000000000
17 34 7 10628 2 2.000000000
17 35 7 10629 2 2.000000000
18 0 7 10630 2 2.000000000
18 1 7 10631 2 2.000000000
18 2 7 10632 2 2.000000000
18 3 7 10633 2 2.000000000
18 4 7 10634 2 2.000000000
18 5 7 10635 2 2.000000000
18 6 7 10636 2 2.000000000
18 7 7 10637 2 2.000000000
18 8 7 10638 2 2.000000000
18 9 7 10639 2 2.000000000
18 10 7 10640 2 2.000000000
18 11 7 10641 2 2.000000000
18 12 7 10642 2 2.000000000
18 13 7 10643 2 2.000000000
18 14 7 10644 2 2.000000000
18 15 7 10645 2 2.000000000
18 16 7 10646 2 2.000000000
18 17 7 10647 2 2.000000000
18 19 7 10648 2 2.000000000
18 20 7 10649 2 2.000000000
18 21 7 10650 2 2.000000000
18 22 7 10651 2 2.000000000
18 23 7 10652 2 2.000000000
18 24 7 10653 2 2.000000000
18 25 7 10654 2 2.000000000
18 26 7 10655 2 2.000000000
18 27 7 10656 2 2.000000000
18 28 7 10657 2 2.000000000
18 29 7 10658 2 2.000000000
18 30 7 10659 2 2.000000000
18 31 7 10660 2 2.000000000
18 32 7 10661 2 2.000000000
18 33 7 10662 2 2.000000000
18 34 7 10663 2 2.000000000
18 35 7 10664 2 2.000000000
19 0 7 10665 2 2.000000000
19 1 7 10666 2 2.000000000
19 2 7 10667 2 2.000000000
19 3 7 10668 2 2.000000000
19 4 7 10669 2 2.000000000
19 5 7 10670 2 2.000000000
19 6 7 10671 2 2.000000000
19 7 7 10672 2 2.000000000
19 8 7 10673 2 2.000000000
19 9 7 10674 2 2.000000000
19 10 7 10675 2 2.000000000
19 11 7 10676 2 2.000000000
19 12 7 10677 2 2.000000000
19 13 7 10678 2 2.000000000
19 14 7 10679 2 2.000000000
19 15 7 10680 2 2.000000000
19 16 7 10681 2 2.000000000
19 17 7 10682 2 2.000000000
19 18 7 10683 2 2.000000000
19 20 7 10684 2 2.000000000
19 21 7 10685 2 2.000000000
19 22 7 10686 2 2.000000000
19 23 7 10687 2 2.000000000
19 24 7 10688 2 2.000000000
19 25 7 10689 2 2.000000000
19 26 7 10690 2 2.000000000
19 27 7 10691 2 2.000000000
19 28 7 10692 2 2.000000000
19 29 7 10693 2 2.000000000
19 30 7 10694 2 2.000000000
19 31 7 10695 2 2.000000000
19 32 7 10696 2 2.000000000
19 33 7 10697 2 2.000000000
19 34 7 10698 2 2.000000000
19 35 7 10699 2 2.000000000
20 0 7 10700 2 2.000000000
20 1 7 10701 2 2.000000000
20 2 7 10702 2 2.000000000
20 3 7 10703 2 2.000000000
20 4 7 10704 2 2.000000000
20 5 7 10705 2 2.000000000
20 6 7 10706 2 2.000000000
20 7 7 10707 2 2.000000000
20 8 7 10708 2 2.000000000
20 9 7 10709 2 2.000000000
20 10 7 10710 2 2.000000000
20 11 7 10711 2 2.000000000
20 12 7 10712 2 2.000000000
20 13 7 10713 2 2.000000000
20 14 7 10714 2 2.000000000
20 15 7 10715 2 2.000000000
20 16 7 10716 2 2.000000000
20 17 7 10717 2 2.000000000
20 18 7 10718 2 2.000000000
20 19 7 10719 2 2.000000000
20 21 7 10720 2 2.000000000
20 22 7 10721 2 2.000000000
20 23 7 10722 2 2.000000000
20 24 7 10723 2 2.000000000
20 25 7 10724 2 2.000000000
20 26 7 10725 2 2.000000000
20 27 7 10726 2 2.000000000
20 28 7 10727 2 2.000000000
20 29 7 10728 2 2.000000000
20 30 7 10729 2 2.000000000
20 31 7 10730 2 2.000000000
20 32 7 10731 2 2.000000000
20 33 7 10732 2 2.000000000
20 34 7 10733 2 2.000000000
20 35 7 10734 2 2.000000000
21 0 7 10735 2 2.000000000
21 1 7 10736 2 2.000000000
21 2 7 10737 2 2.000000000
21 3 7 10738 2 2.000000000
21 4 7 10739 2 2.000000000
21 5 7 10740 2 2.000000000
21 6 7 10741 2 2.000000000
21 7 7 10742 2 2.000000000
21 8 7 10743 2 2.000000000
21 9 7 10744 2 2.000000000
21 10 7 10745 2 2.000000000
21 11 7 10746 2 2.000000000
21 12 7 10747 2 2.000000000
21 13 7 10748 2 2.000000000
21 14 7 10749 2 2.000000000
21 15 7 10750 2 2.000000000
21 16 7 10751 2 2.000000000
21 17 7 10752 2 2.000000000
21 18 7 10753 2 2.000000000
21 19 7 10754 2 2.000000000
21 20 7 10755 2 2.000000000
21 22 7 10756 2 2.000000000
21 23 7 10757 2 2.000000000
21 24 7 10758 2 2.000000000
21 25 7 10759 2 2.000000000
21 26 7 10760 2 2.000000000
21 27 7 10761 2 2.000000000
21 28 7 10762 2 2.000000000
21 29 7 10763 2 2.000000000
21 30 7 10764 2 2.000000000
21 31 7 10765 2 2.000000000
21 32 7 10766 2 2.000000000
21 33 7 10767 2 2.000000000
21 34 7 10768 2 2.000000000
21 35 7 10769 2 2.000000000
22 0 7 10770 2 2.000000000
22 1 7 10771 2 2.000000000
22 2 7 10772 2 2.000000000
22 3 7 10773 2 2.000000000
22 4 7 10774 2 2.000000000
22 5 7 10775 2 2.000000000
22 6 7 10776 2 2.000000000
22 7 7 10777 2 2.000000000
22 8 7 10778 2 2.000000000
22 9 7 10779 2 2.000000000
22 10 7 10780 2 2.000000000
22 11 7 10781 2 2.000000000
22 12 7 10782 2 2.000000000
22 13 7 10783 2 2.000000000
22 14 7 10784 2 2.000000000
22 15 7 10785 2 2.000000000
22 16 7 10786 2 2.000000000
22 17 7 10787 2 2.000000000
22 18 7 10788 2 2.000000000
22 19 7 10789 2 2.000000000
22 20 7 10790 2 2.000000000
22 21 7 10791 2 2.000000000
22 23 7 10792 2 2.000000000
22 24 7 10793 2 2.000000000
22 25 7 10794 2 2.000000000
22 26 7 10795 2 2.000000000
22 27 7 10796 2 2.000000000
22 28 7 10797 2 2.000000000
22 29 7 10798 2 2.000000000
22 30 7 10799 2 2.000000000
22 31 7 10800 2 2.000000000
22 32 7 10801 2 2.000000000
22 33 7 10802 2 2.000000000
22 34 7 10803 2 2.000000000
22 35 7 10804 2 2.000000000
23 0 7 10805 2 2.000000000
23 1 7 10806 2 2.000000000
23 2 7 10807 2 2.000000000
23 3 7 10808 2 2.000000000
23 4 7 10809 2 2.000000000
23 5 7 10810 2 2.000000000
23 6 7 10811 2 2.000000000
23 7 7 10812 2 2.000000000
23 8 7 10813 2 2.000000000
23 9 7 10814 2 2.000000000
23 10 7 10815 2 2.000000000
23 11 7 10816 2 2.000000000
23 12 7 10817 2 2.000000000
23 13 7 10818 2 2.000000000
23 14 7 10819 2 2.000000000
23 15 7 10820 2 2.000000000
23 16 7 10821 2 2.000000000
23 17 7 10822 2 2.000000000
23 18 7 10823 2 2.000000000
23 19 7 10824 2 2.000000000
23 20 7 10825 2 2.000000000
23 21 7 10826 2 2.000000000
23 22 7 10827 2 2.000000000
23 24 7 10828 2 2.000000000
23 25 7 10829 2 2.000000000
23 26 7 10830 2 2.000000000
23 27 7 10831 2 2.000000000
23 28 7 10832 2 2.000000000
23 29 7 10833 2 2.000000000
23 30 7 10834 2 2.000000000
23 31 7 10835 2 2.000000000
23 32 7 10836 2 2.000000000
23 33 7 10837 2 2.000000000
23 34 7 10838 2 2.000000000
23 35 7 10839 2 2.000000000
24 0 7 10840 2 2.000000000
24 1 7 10841 2 2.000000000
24 2 7 10842 2 2.000000000
24 3 7 10843 2 2.000000000
24 4 7 10844 2 2.000000000
24 5 7 10845 2 2.000000000
24 6 7 10846 2 2.000000000
24 7 7 10847 2 2.000000000
24 8 7 10848 2 2.000000000
24 9 7 10849 2 2.000000000
24 10 7 10850 2 2.000000000
24 11 7 10851 2 2.000000000
24 12 7 10852 2 2.000000000
24 13 7 10853 2 2.000000000
24 14 7 10854 2 2.000000000
24 15 7 10855 2 2.000000000
24 16 7 10856 2 2.000000000
24 17 7 10857 2 2.000000000
24 18 7 10858 2 2.000000000
24 19 7 10859 2 2.000000000
24 20 7 10860 2 2.000000000
24 21 7 10861 2 2.000000000
24 22 7 10862 2 2.000000000
24 23 7 10863 2 2.000000000
24 25 7 10864 2 2.000000000
24 26 7 10865 2 2.000000000
24 27 7 10866 2 2.000000000
24 28 7 10867 2 2.000000000
24 29 7 10868 2 2.000000000
24 30 7 10869 2 2.000000000
24 31 7 10870 2 2.000000000
24 32 7 10871 2 2.000000000
24 33 7 10872 2 2.000000000
24 34 7 10873 2 2.000000000
24 35 7 10874 2 2.000000000
25 0 7 10875 2 2.000000000
25 1 7 10876 2 2.000000000
25 2 7 10877 2 2.000000000
25 3 7 10878 2 2.000000000
25 4 7 10879 2 2.000000000
25 5 7 10880 2 2.000000000
25 6 7 10881 2 2.000000000
25 7 7 10882 2 2.000000000
25 8 7 10883 2 2.000000000
25 9 7 10884 2 2.000000000
25 10 7 10885 2 2.000000000
25 11 7 10886 2 2.000000000
25 12 7 10887 2 2.000000000
25 13 7 10888 2 2.000000000
25 14 7 10889 2 2.000000000
25 15 7 10890 2 2.000000000
25 16 7 10891 2 2.000000000
25 17 7 10892 2 2.000000000
25 18 7 10893 2 2.000000000
25 19 7 10894 2 2.000000000
25 20 7 10895 2 2.000000000
25 21 7 10896 2 2.000000000
25 22 7 10897 2 2.000000000
25 23 7 10898 2 2.000000000
25 24 7 10899 2 2.000000000
25 26 7 10900 2 2.000000000
25 27 7 10901 2 2.000000000
25 28 7 10902 2 2.000000000
25 29 7 10903 2 2.000000000
25 30 7 10904 2 2.000000000
25 31 7 10905 2 2.000000000
25 32 7 10906 2 2.000000000
25 33 7 10907 2 2.000000000
25 34 7 10908 2 2.000000000
25 35 7 10909 2 2.000000000
26 0 7 10910 2 2.000000000
26 1 7 10911 2 2.000000000
26 2 7 10912 2 2.000000000
26 3 7 10913 2 2.000000000
26 4 7 10914 2 2.000000000
26 5 7 10915 2 2.000000000
26 6 7 10916 2 2.000000000
26 7 7 10917 2 2.000000000
26 8 7 10918 2 2.000000000
26 9 7 10919 2 2.000000000
26 10 7 10920 2 2.000000000
26 11 7 10921 2 2.000000000
26 12 7 10922 2 2.000000000
26 13 7 10923 2 2.000000000
26 14 7 10924 2 2.000000000
26 15 7 10925 2 2.000000000
26 16 7 10926 2 2.000000000
26 17 7 10927 2 2.000000000
26 18 7 10928 2 2.000000000
26 19 7 10929 2 2.000000000
26 20 7 10930 2 2.000000000
26 21 7 10931 2 2.000000000
26 22 7 10932 2 2.000000000
26 23 7 10933 2 2.000000000
26 24 7 10934 2 2.000000000
26 25 7 10935 2 2.000000000
26 27 7 10936 2 2.000000000
26 28 7 10937 2 2.000000000
26 29 7 10938 2 2.000000000
26 30 7 10939 2 2.000000000
26 31 7 10940 2 2.000000000
26 32 7 10941 2 2.000000000
26 33 7 10942 2 2.000000000
26 34 7 10943 2 2.000000000
26 35 7 10944 2 2.000000000
27 0 7 10945 2 2.000000000
27 1 7 10946 2 2.000000000
27 2 7 10947 2 2.000000000
27 3 7 10948 2 2.000000000
27 4 7 10949 2 2.000000000
27 5 7 10950 2 2.000000000
27 6 7 10951 2 2.000000000
27 7 7 10952 2 2.000000000
27 8 7 10953 2 2.000000000
27 9 7 10954 2 2.000000000
27 10 7 10955 2 2.000000000
27 11 7 10956 2 2.000000000
27 12 7 10957 2 2.000000000
27 13 7 10958 2 2.000000000
27 14 7 10959 2 2.000000000
27 15 7 10960 2 2.000000000
27 16 7 10961 2 2.000000000
27 17 7 10962 2 2.000000000
27 18 7 10963 2 2.000000000
27 19 7 10964 2 2.000000000
27 20 7 10965 2 2.000000000
27 21 7 10966 2 2.000000000
27 22 7 10967 2 2.000000000
27 23 7 10968 2 2.000000000
27 24 7 10969 2 2.000000000
27 25 7 10970 2 2.000000000
27 26 7 10971 2 2.000000000
27 28 7 10972 2 2.000000000
27 29 7 10973 2 2.000000000
27 30 7 10974 2 2.000000000
27 31 7 10975 2 2.000000000
27 32 7 10976 2 2.000000000
27 33 7 10977 2 2.000000000
27 34 7 10978 2 2.000000000
27 35 7 10979 2 2.000000000
28 0 7 10980 2 2.000000000
28 1 7 10981 2 2.000000000
28 2 7 10982 2 2.000000000
28 3 7 10983 2 2.000000000
28 4 7 10984 2 2.000000000
28 5 7 10985 2 2.000000000
28 6 7 10986 2 2.000000000
28 7 7 10987 2 2.000000000
28 8 7 10988 2 2.000000000
28 9 7 10989 2 2.000000000
28 10 7 10990 2 2.000000000
28 11 7 10991 2 2.000000000
28 12 7 10992 2 2.000000000
28 13 7 10993 2 2.000000000
28 14 7 10994 2 2.000000000
28 15 7 10995 2 2.000000000
28 16 7 10996 2 2.000000000
28 17 7 10997 2 2.000000000
28 18 7 10998 2 2.000000000
28 19 7 10999 2 2.000000000
28 20 7 11000 2 2.000000000
28 21 7 11001 2 2.000000000
28 22 7 11002 2 2.000000000
28 23 7 11003 2 2.000000000
28 24 7 11004 2 2.000000000
28 25 7 11005 2 2.000000000
28 26 7 11006 2 2.000000000
28 27 7 11007 2 2.000000000
28 29 7 11008 2 2.000000000
28 30 7 11009 2 2.000000000
28 31 7 11010 2 2.000000000
28 32 7 11011 2 2.000000000
28 33 7 11012 2 2.000000000
28 34 7 11013 2 2.000000000
28 35 7 11014 2 2.000000000
29 0 7 11015 2 2.000000000
29 1 7 11016 2 2.000000000
29 2 7 11017 2 2.000000000
29 3 7 11018 2 2.000000000
29 4 7 11019 2 2.000000000
29 5 7 11020 2 2.000000000
29 6 7 11021 2 2.000000000
29 7 7 11022 2 2.000000000
29 8 7 11023 2 2.000000000
29 9 7 11024 2 2.000000000
29 10 7 11025 2 2.000000000
29 11 7 11026 2 2.000000000
29 12 7 11027 2 2.000000000
29 13 7 11028 2 2.000000000
29 14 7 11029 2 2.000000000
29 15 7 11030 2 2.000000000
29 16 7 11031 2 2.000000000
29 17 7 11032 2 2.000000000
29 18 7 11033 2 2.000000000
29 19 7 11034 2 2.000000000
29 20 7 11035 2 2.000000000
29 21 7 11036 2 2.000000000
29 22 7 11037 2 2.000000000
29 23 7 11038 2 2.000000000
29 24 7 11039 2 2.000000000
29 25 7 11040 2 2.000000000
29 26 7 11041 2 2.000000000
29 27 7 11042 2 2.000000000
29 28 7 11043 2 2.000000000
29 30 7 11044 2 2.000000000
29 31 7 11045 2 2.000000000
29 32 7 11046 2 2.000000000
29 33 7 11047 2 2.000000000
29 34 7 11048 2 2.000000000
29 35 7 11049 2 2.000000000
30 0 7 11050 2 2.000000000
30 1 7 11051 2 2.000000000
30 2 7 11052 2 2.000000000
30 3 7 11053 2 2.000000000
30 4 7 11054 2 2.000000000
30 5 7 11055 2 2.000000000
30 6 7 11056 2 2.000000000
30 7 7 11057 2 2.000000000
30 8 7 11058 2 2.000000000
30 9 7 11059 2 2.000000000
30 10 7 11060 2 2.000000000
30 11 7 11061 2 2.000000000
30 12 7 11062 2 2.000000000
30 13 7 11063 2 2.000000000
30 14 7 11064 2 2.000000000
30 15 7 11065 2 2.000000000
30 16 7 11066 2 2.000000000
30 17 7 11067 2 2.000000000
30 18 7 11068 2 2.000000000
30 19 7 11069 2 2.000000000
30 20 7 11070 2 2.000000000
30 21 7 11071 2 2.000000000
30 22 7 11072 2 2.000000000
30 23 7 11073 2 2.000000000
30 24 7 11074 2 2.000000000
30 25 7 11075 2 2.000000000
30 26 7 11076 2 2.000000000
30 27 7 11077 2 2.000000000
30 28 7 11078 2 2.000000000
30 29 7 11079 2 2.000000000
30 31 7 11080 2 2.000000000
30 32 7 11081 2 2.000000000
30 33 7 11082 2 2.000000000
30 34 7 11083 2 2.000000000
30 35 7 11084 2 2.000000000
31 0 7 11085 2 2.000000000
31 1 7 11086 2 2.000000000
31 2 7 11087 2 2.000000000
31 3 7 11088 2 2.000000000
31 4 7 11089 2 2.000000000
31 5 7 11090 2 2.000000000
31 6 7 11091 2 2.000000000
31 7 7 11092 2 2.000000000
31 8 7 11093 2 2.000000000
31 9 7 11094 2 2.000000000
31 10 7 11095 2 2.000000000
31 11 7 11096 2 2.000000000
31 12 7 11097 2 2.000000000
31 13 7 11098 2 2.000000000
31 14 7 11099 2 2.000000000
31 15 7 11100 2 2.000000000
31 16 7 11101 2 2.000000000
31 17 7 11102 2 2.000000000
31 18 7 11103 2 2.000000000
31 19 7 11104 2 2.000000000
31 20 7 11105 2 2.000000000
31 21 7 11106 2 2.000000000
31 22 7 11107 2 2.000000000
31 23 7 11108 2 2.000000000
31 24 7 11109 2 2.000000000
31 25 7 11110 2 2.000000000
31 26 7 11111 2 2.000000000
31 27 7 11112 2 2.000000000
31 28 7 11113 2 2.000000000
31 29 7 11114 2 2.000000000
31 30 7 11115 2 2.000000000
31 32 7 11116 2 2.000000000
31 33 7 11117 2 2.000000000
31 34 7 11118 2 2.000000000
31 35 7 11119 2 2.000000000
32 0 7 11120 2 2.000000000
32 1 7 11121 2 2.000000000
32 2 7 11122 2 2.000000000
32 3 7 11123 2 2.000000000
32 4 7 11124 2 2.000000000
32 5 7 11125 2 2.000000000
32 6 7 11126 2 2.000000000
32 7 7 11127 2 2.000000000
32 8 7 11128 2 2.000000000
32 9 7 11129 2 2.000000000
32 10 7 11130 2 2.000000000
32 11 7 11131 2 2.000000000
32 12 7 11132 2 2.000000000
32 13 7 11133 2 2.000000000
32 14 7 11134 2 2.000000000
32 15 7 11135 2 2.000000000
32 16 7 11136 2 2.000000000
32 17 7 11137 2 2.000000000
32 18 7 11138 2 2.000000000
32 19 7 11139 2 2.000000000
32 20 7 11140 2 2.000000000
32 21 7 11141 2 2.000000000
32 22 7 11142 2 2.000000000
32 23 7 11143 2 2.000000000
32 24 7 11144 2 2.000000000
32 25 7 11145 2 2.000000000
32 26 7 11146 2 2.000000000
32 27 7 11147 2 2.000000000
32 28 7 11148 2 2.000000000
32 29 7 11149 2 2.000000000
32 30 7 11150 2 2.000000000
32 31 7 11151 2 2.000000000
32 33 7 11152 2 2.000000000
32 34 7 11153 2 2.000000000
32 35 7 11154 2 2.000000000
33 0 7 11155 2 2.000000000
33 1 7 11156 2 2.000000000
33 2 7 11157 2 2.000000000
33 3 7 11158 2 2.000000000
33 4 7 11159 2 2.000000000
33 5 7 11160 2 2.000000000
33 6 7 11161 2 2.000000000
33 7 7 11162 2 2.000000000
33 8 7 11163 2 2.000000000
33 9 7 11164 2 2.000000000
33 10 7 11165 2 2.000000000
33 11 7 11166 2 2.000000000
33 12 7 11167 2 2.000000000
33 13 7 11168 2 2.000000000
33 14 7 11169 2 2.000000000
33 15 7 11170 2 2.000000000
33 16 7 11171 2 2.000000000
33 17 7 11172 2 2.000000000
33 18 7 11173 2 2.000000000
33 19 7 11174 2 2.000000000
33 20 7 11175 2 2.000000000
33 21 7 11176 2 2.000000000
33 22 7 11177 2 2.000000000
33 23 7 11178 2 2.000000000
33 24 7 11179 2 2.000000000
33 25 7 11180 2 2.000000000
33 26 7 11181 2 2.000000000
33 27 7 11182 2 2.000000000
33 28 7 11183 2 2.000000000
33 29 7 11184 2 2.000000000
33 30 7 11185 2 2.000000000
33 31 7 11186 2 2.000000000
33 32 7 11187 2 2.000000000
33 34 7 11188 2 2.000000000
33 35 7 11189 2 2.000000000
34 0 7 11190 2 2.000000000
34 1 7 11191 2 2.000000000
34 2 7 11192 2 2.000000000
34 3 7 11193 2 2.000000000
34 4 7 11194 2 2.000000000
34 5 7 11195 2 2.000000000
34 6 7 11196 2 2.000000000
34 7 7 11197 2 2.000000000
34 8 7 11198 2 2.000000000
34 9 7 11199 2 2.000000000
34 10 7 11200 2 2.000000000
34 11 7 11201 2 2.000000000
34 12 7 11202 2 2.000000000
34 13 7 11203 2 2.000000000
34 14 7 11204 2 2.000000000
34 15 7 11205 2 2.000000000
34 16 7 11206 2 2.000000000
34 17 7 11207 2 2.000000000
34 18 7 11208 2 2.000000000
34 19 7 11209 2 2.000000000
34 20 7 11210 2 2.000000000
34 21 7 11211 2 2.000000000
34 22 7 11212 2 2.000000000
34 23 7 11213 2 2.000000000
34 24 7 11214 2 2.000000000
34 25 7 11215 2 2.000000000
34 26 7 11216 2 2.000000000
34 27 7 11217 2 2.000000000
34 28 7 11218 2 2.000000000
34 29 7 11219 2 2.000000000
34 30 7 11220 2 2.000000000
34 31 7 11221 2 2.000000000
34 32 7 11222 2 2.000000000
34 33 7 11223 2 2.000000000
34 35 7 11224 2 2.000000000
35 0 7 11225 2 2.000000000
35 1 7 11226 2 2.000000000
35 2 7 11227 2 2.000000000
35 3 7 11228 2 2.000000000
35 4 7 11229 2 2.000000000
35 5 7 11230 2 2.000000000
35 6 7 11231 2 2.000000000
35 7 7 11232 2 2.000000000
35 8 7 11233 2 2.000000000
35 9 7 11234 2 2.000000000
35 10 7 11235 2 2.000000000
35 11 7 11236 2 2.000000000
35 12 7 11237 2 2.000000000
35 13 7 11238 2 2.000000000
35 14 7 11239 2 2.000000000
35 15 7 11240 2 2.000000000
35 16 7 11241 2 2.000000000
35 17 7 11242 2 2.000000000
35 18 7 11243 2 2.000000000
35 19 7 11244 2 2.000000000
35 20 7 11245 2 2.000000000
35 21 7 11246 2 2.000000000
35 22 7 11247 2 2.000000000
35 23 7 11248 2 2.000000000
35 24 7 11249 2 2.000000000
35 25 7 11250 2 2.000000000
35 26 7 11251 2 2.000000000
35 27 7 11252 2 2.000000000
35 28 7 11253 2 2.000000000
35 29 7 11254 2 2.000000000
35 30 7 11255 2 2.000000000
35 31 7 11256 2 2.000000000
35 32 7 11257 2 2.000000000
35 33 7 11258 2 2.000000000
35 34 7 11259 2 2.000000000
