960
0 64 7 10000 128 2.000000000
1 65 7 10001 128 2.000000000
2 66 7 10002 128 2.000000000
3 67 7 10003 128 2.000000000
4 68 7 10004 128 2.000000000
5 69 7 10005 128 2.000000000
6 70 7 10006 128 2.000000000
7 71 7 10007 128 2.000000000
8 72 7 10008 128 2.000000000
9 73 7 10009 128 2.000000000
10 74 7 10010 128 2.000000000
11 75 7 10011 128 2.000000000
12 76 7 10012 128 2.000000000
13 77 7 10013 128 2.000000000
14 78 7 10014 128 2.000000000
15 79 7 10015 128 2.000000000
0 256 7 10016 128 2.000000000
8 264 7 10017 128 2.000000000
0 128 7 10018 128 2.000000000
8 136 7 10019 128 2.000000000
0 8 7 10020 128 2.000000000
8 0 7 10021 128 2.000000000
1 257 7 10022 128 2.000000000
9 265 7 10023 128 2.000000000
1 129 7 10024 128 2.000000000
9 137 7 10025 128 2.000000000
1 9 7 10026 128 2.000000000
9 1 7 10027 128 2.000000000
2 258 7 10028 128 2.000000000
10 266 7 10029 128 2.000000000
2 130 7 10030 128 2.000000000
10 138 7 10031 128 2.000000000
2 10 7 10032 128 2.000000000
10 2 7 10033 128 2.000000000
3 259 7 10034 128 2.000000000
11 267 7 10035 128 2.000000000
3 131 7 10036 128 2.000000000
11 139 7 10037 128 2.000000000
3 11 7 10038 128 2.000000000
11 3 7 10039 128 2.000000000
4 260 7 10040 128 2.000000000
12 268 7 10041 128 2.000000000
4 132 7 10042 128 2.000000000
12 140 7 10043 128 2.000000000
4 12 7 10044 128 2.000000000
12 4 7 10045 128 2.000000000
5 261 7 10046 128 2.000000000
13 269 7 10047 128 2.000000000
5 133 7 10048 128 2.000000000
13 141 7 10049 128 2.000000000
5 13 7 10050 128 2.000000000
13 5 7 10051 128 2.000000000
6 262 7 10052 128 2.000000000
14 270 7 10053 128 2.000000000
6 134 7 10054 128 2.000000000
14 142 7 10055 128 2.000000000
6 14 7 10056 128 2.000000000
14 6 7 10057 128 2.000000000
7 263 7 10058 128 2.000000000
15 271 7 10059 128 2.000000000
7 135 7 10060 128 2.000000000
15 143 7 10061 128 2.000000000
7 15 7 10062 128 2.000000000
15 7 7 10063 128 2.000000000
0 8 7 10064 128 2.000000000
0 9 7 10065 128 2.000000000
0 10 7 10066 128 2.000000000
0 11 7 10067 128 2.000000000
0 12 7 10068 128 2.000000000
0 13 7 10069 128 2.000000000
0 14 7 10070 128 2.000000000
0 15 7 10071 128 2.000000000
0 128 7 10072 128 2.000000000
0 129 7 10073 128 2.000000000
0 130 7 10074 128 2.000000000
0 131 7 10075 128 2.000000000
0 132 7 10076 128 2.000000000
0 133 7 10077 128 2.000000000
0 134 7 10078 128 2.000000000
0 135 7 10079 128 2.000000000
0 136 7 10080 128 2.000000000
0 137 7 10081 128 2.000000000
0 138 7 10082 128 2.000000000
0 139 7 10083 128 2.000000000
0 140 7 10084 128 2.000000000
0 141 7 10085 128 2.000000000
0 142 7 10086 128 2.000000000
0 143 7 10087 128 2.000000000
0 256 7 10088 128 2.000000000
0 257 7 10089 128 2.000000000
0 258 7 10090 128 2.000000000
0 259 7 10091 128 2.000000000
0 260 7 10092 128 2.000000000
0 261 7 10093 128 2.000000000
0 262 7 10094 128 2.000000000
0 263 7 10095 128 2.000000000
0 264 7 10096 128 2.000000000
0 265 7 10097 128 2.000000000
0 266 7 10098 128 2.000000000
0 267 7 10099 128 2.000000000
0 268 7 10100 128 2.000000000
0 269 7 10101 128 2.000000000
0 270 7 10102 128 2.000000000
0 271 7 10103 128 2.000000000
0 384 7 10104 128 2.000000000
0 385 7 10105 128 2.000000000
0 386 7 10106 128 2.000000000
0 387 7 10107 128 2.000000000
0 388 7 10108 128 2.000000000
0 389 7 10109 128 2.000000000
0 390 7 10110 128 2.000000000
0 391 7 10111 128 2.000000000
0 392 7 10112 128 2.000000000
0 393 7 10113 128 2.000000000
0 394 7 10114 128 2.000000000
0 395 7 10115 128 2.000000000
0 396 7 10116 128 2.000000000
0 397 7 10117 128 2.000000000
0 398 7 10118 128 2.000000000
0 399 7 10119 128 2.000000000
1 8 7 10120 128 2.000000000
1 9 7 10121 128 2.000000000
1 10 7 10122 128 2.000000000
1 11 7 10123 128 2.000000000
1 12 7 10124 128 2.000000000
1 13 7 10125 128 2.000000000
1 14 7 10126 128 2.000000000
1 15 7 10127 128 2.000000000
1 128 7 10128 128 2.000000000
1 129 7 10129 128 2.000000000
1 130 7 10130 128 2.000000000
1 131 7 10131 128 2.000000000
1 132 7 10132 128 2.000000000
1 133 7 10133 128 2.000000000
1 134 7 10134 128 2.000000000
1 135 7 10135 128 2.000000000
1 136 7 10136 128 2.000000000
1 137 7 10137 128 2.000000000
1 138 7 10138 128 2.000000000
1 139 7 10139 128 2.000000000
1 140 7 10140 128 2.000000000
1 141 7 10141 128 2.000000000
1 142 7 10142 128 2.000000000
1 143 7 10143 128 2.000000000
1 256 7 10144 128 2.000000000
1 257 7 10145 128 2.000000000
1 258 7 10146 128 2.000000000
1 259 7 10147 128 2.000000000
1 260 7 10148 128 2.000000000
1 261 7 10149 128 2.000000000
1 262 7 10150 128 2.000000000
1 263 7 10151 128 2.000000000
1 264 7 10152 128 2.000000000
1 265 7 10153 128 2.000000000
1 266 7 10154 128 2.000000000
1 267 7 10155 128 2.000000000
1 268 7 10156 128 2.000000000
1 269 7 10157 128 2.000000000
1 270 7 10158 128 2.000000000
1 271 7 10159 128 2.000000000
1 384 7 10160 128 2.000000000
1 385 7 10161 128 2.000000000
1 386 7 10162 128 2.000000000
1 387 7 10163 128 2.000000000
1 388 7 10164 128 2.000000000
1 389 7 10165 128 2.000000000
1 390 7 10166 128 2.000000000
1 391 7 10167 128 2.000000000
1 392 7 10168 128 2.000000000
1 393 7 10169 128 2.000000000
1 394 7 10170 128 2.000000000
1 395 7 10171 128 2.000000000
1 396 7 10172 128 2.000000000
1 397 7 10173 128 2.000000000
1 398 7 10174 128 2.000000000
1 399 7 10175 128 2.000000000
2 8 7 10176 128 2.000000000
2 9 7 10177 128 2.000000000
2 10 7 10178 128 2.000000000
2 11 7 10179 128 2.000000000
2 12 7 10180 128 2.000000000
2 13 7 10181 128 2.000000000
2 14 7 10182 128 2.000000000
2 15 7 10183 128 2.000000000
2 128 7 10184 128 2.000000000
2 129 7 10185 128 2.000000000
2 130 7 10186 128 2.000000000
2 131 7 10187 128 2.000000000
2 132 7 10188 128 2.000000000
2 133 7 10189 128 2.000000000
2 134 7 10190 128 2.000000000
2 135 7 10191 128 2.000000000
2 136 7 10192 128 2.000000000
2 137 7 10193 128 2.000000000
2 138 7 10194 128 2.000000000
2 139 7 10195 128 2.000000000
2 140 7 10196 128 2.000000000
2 141 7 10197 128 2.000000000
2 142 7 10198 128 2.000000000
2 143 7 10199 128 2.000000000
2 256 7 10200 128 2.000000000
2 257 7 10201 128 2.000000000
2 258 7 10202 128 2.000000000
2 259 7 10203 128 2.000000000
2 260 7 10204 128 2.000000000
2 261 7 10205 128 2.000000000
2 262 7 10206 128 2.000000000
2 263 7 10207 128 2.000000000
2 264 7 10208 128 2.000000000
2 265 7 10209 128 2.000000000
2 266 7 10210 128 2.000000000
2 267 7 10211 128 2.000000000
2 268 7 10212 128 2.000000000
2 269 7 10213 128 2.000000000
2 270 7 10214 128 2.000000000
2 271 7 10215 128 2.000000000
2 384 7 10216 128 2.000000000
2 385 7 10217 128 2.000000000
2 386 7 10218 128 2.000000000
2 387 7 10219 128 2.000000000
2 388 7 10220 128 2.000000000
2 389 7 10221 128 2.000000000
2 390 7 10222 128 2.000000000
2 391 7 10223 128 2.000000000
2 392 7 10224 128 2.000000000
2 393 7 10225 128 2.000000000
2 394 7 10226 128 2.000000000
2 395 7 10227 128 2.000000000
2 396 7 10228 128 2.000000000
2 397 7 10229 128 2.000000000
2 398 7 10230 128 2.000000000
2 399 7 10231 128 2.000000000
3 8 7 10232 128 2.000000000
3 9 7 10233 128 2.000000000
3 10 7 10234 128 2.000000000
3 11 7 10235 128 2.000000000
3 12 7 10236 128 2.000000000
3 13 7 10237 128 2.000000000
3 14 7 10238 128 2.000000000
3 15 7 10239 128 2.000000000
3 128 7 10240 128 2.000000000
3 129 7 10241 128 2.000000000
3 130 7 10242 128 2.000000000
3 131 7 10243 128 2.000000000
3 132 7 10244 128 2.000000000
3 133 7 10245 128 2.000000000
3 134 7 10246 128 2.000000000
3 135 7 10247 128 2.000000000
3 136 7 10248 128 2.000000000
3 137 7 10249 128 2.000000000
3 138 7 10250 128 2.000000000
3 139 7 10251 128 2.000000000
3 140 7 10252 128 2.000000000
3 141 7 10253 128 2.000000000
3 142 7 10254 128 2.000000000
3 143 7 10255 128 2.000000000
3 256 7 10256 128 2.000000000
3 257 7 10257 128 2.000000000
3 258 7 10258 128 2.000000000
3 259 7 10259 128 2.000000000
3 260 7 10260 128 2.000000000
3 261 7 10261 128 2.000000000
3 262 7 10262 128 2.000000000
3 263 7 10263 128 2.000000000
3 264 7 10264 128 2.000000000
3 265 7 10265 128 2.000000000
3 266 7 10266 128 2.000000000
3 267 7 10267 128 2.000000000
3 268 7 10268 128 2.000000000
3 269 7 10269 128 2.000000000
3 270 7 10270 128 2.000000000
3 271 7 10271 128 2.000000000
3 384 7 10272 128 2.000000000
3 385 7 10273 128 2.000000000
3 386 7 10274 128 2.000000000
3 387 7 10275 128 2.000000000
3 388 7 10276 128 2.000000000
3 389 7 10277 128 2.000000000
3 390 7 10278 128 2.000000000
3 391 7 10279 128 2.000000000
3 392 7 10280 128 2.000000000
3 393 7 10281 128 2.000000000
3 394 7 10282 128 2.000000000
3 395 7 10283 128 2.000000000
3 396 7 10284 128 2.000000000
3 397 7 10285 128 2.000000000
3 398 7 10286 128 2.000000000
3 399 7 10287 128 2.000000000
4 8 7 10288 128 2.000000000
4 9 7 10289 128 2.000000000
4 10 7 10290 128 2.000000000
4 11 7 10291 128 2.000000000
4 12 7 10292 128 2.000000000
4 13 7 10293 128 2.000000000
4 14 7 10294 128 2.000000000
4 15 7 10295 128 2.000000000
4 128 7 10296 128 2.000000000
4 129 7 10297 128 2.000000000
4 130 7 10298 128 2.000000000
4 131 7 10299 128 2.000000000
4 132 7 10300 128 2.000000000
4 133 7 10301 128 2.000000000
4 134 7 10302 128 2.000000000
4 135 7 10303 128 2.000000000
4 136 7 10304 128 2.000000000
4 137 7 10305 128 2.000000000
4 138 7 10306 128 2.000000000
4 139 7 10307 128 2.000000000
4 140 7 10308 128 2.000000000
4 141 7 10309 128 2.000000000
4 142 7 10310 128 2.000000000
4 143 7 10311 128 2.000000000
4 256 7 10312 128 2.000000000
4 257 7 10313 128 2.000000000
4 258 7 10314 128 2.000000000
4 259 7 10315 128 2.000000000
4 260 7 10316 128 2.000000000
4 261 7 10317 128 2.000000000
4 262 7 10318 128 2.000000000
4 263 7 10319 128 2.000000000
4 264 7 10320 128 2.000000000
4 265 7 10321 128 2.000000000
4 266 7 10322 128 2.000000000
4 267 7 10323 128 2.000000000
4 268 7 10324 128 2.000000000
4 269 7 10325 128 2.000000000
4 270 7 10326 128 2.000000000
4 271 7 10327 128 2.000000000
4 384 7 10328 128 2.000000000
4 385 7 10329 128 2.000000000
4 386 7 10330 128 2.000000000
4 387 7 10331 128 2.000000000
4 388 7 10332 128 2.000000000
4 389 7 10333 128 2.000000000
4 390 7 10334 128 2.000000000
4 391 7 10335 128 2.000000000
4 392 7 10336 128 2.000000000
4 393 7 10337 128 2.000000000
4 394 7 10338 128 2.000000000
4 395 7 10339 128 2.000000000
4 396 7 10340 128 2.000000000
4 397 7 10341 128 2.000000000
4 398 7 10342 128 2.000000000
4 399 7 10343 128 2.000000000
5 8 7 10344 128 2.000000000
5 9 7 10345 128 2.000000000
5 10 7 10346 128 2.000000000
5 11 7 10347 128 2.000000000
5 12 7 10348 128 2.000000000
5 13 7 10349 128 2.000000000
5 14 7 10350 128 2.000000000
5 15 7 10351 128 2.000000000
5 128 7 10352 128 2.000000000
5 129 7 10353 128 2.000000000
5 130 7 10354 128 2.000000000
5 131 7 10355 128 2.000000000
5 132 7 10356 128 2.000000000
5 133 7 10357 128 2.000000000
5 134 7 10358 128 2.000000000
5 135 7 10359 128 2.000000000
5 136 7 10360 128 2.000000000
5 137 7 10361 128 2.000000000
5 138 7 10362 128 2.000000000
5 139 7 10363 128 2.000000000
5 140 7 10364 128 2.000000000
5 141 7 10365 128 2.000000000
5 142 7 10366 128 2.000000000
5 143 7 10367 128 2.000000000
5 256 7 10368 128 2.000000000
5 257 7 10369 128 2.000000000
5 258 7 10370 128 2.000000000
5 259 7 10371 128 2.000000000
5 260 7 10372 128 2.000000000
5 261 7 10373 128 2.000000000
5 262 7 10374 128 2.000000000
5 263 7 10375 128 2.000000000
5 264 7 10376 128 2.000000000
5 265 7 10377 128 2.000000000
5 266 7 10378 128 2.000000000
5 267 7 10379 128 2.000000000
5 268 7 10380 128 2.000000000
5 269 7 10381 128 2.000000000
5 270 7 10382 128 2.000000000
5 271 7 10383 128 2.000000000
5 384 7 10384 128 2.000000000
5 385 7 10385 128 2.000000000
5 386 7 10386 128 2.000000000
5 387 7 10387 128 2.000000000
5 388 7 10388 128 2.000000000
5 389 7 10389 128 2.000000000
5 390 7 10390 128 2.000000000
5 391 7 10391 128 2.000000000
5 392 7 10392 128 2.000000000
5 393 7 10393 128 2.000000000
5 394 7 10394 128 2.000000000
5 395 7 10395 128 2.000000000
5 396 7 10396 128 2.000000000
5 397 7 10397 128 2.000000000
5 398 7 10398 128 2.000000000
5 399 7 10399 128 2.000000000
6 8 7 10400 128 2.000000000
6 9 7 10401 128 2.000000000
6 10 7 10402 128 2.000000000
6 11 7 10403 128 2.000000000
6 12 7 10404 128 2.000000000
6 13 7 10405 128 2.000000000
6 14 7 10406 128 2.000000000
6 15 7 10407 128 2.000000000
6 128 7 10408 128 2.000000000
6 129 7 10409 128 2.000000000
6 130 7 10410 128 2.000000000
6 131 7 10411 128 2.000000000
6 132 7 10412 128 2.000000000
6 133 7 10413 128 2.000000000
6 134 7 10414 128 2.000000000
6 135 7 10415 128 2.000000000
6 136 7 10416 128 2.000000000
6 137 7 10417 128 2.000000000
6 138 7 10418 128 2.000000000
6 139 7 10419 128 2.000000000
6 140 7 10420 128 2.000000000
6 141 7 10421 128 2.000000000
6 142 7 10422 128 2.000000000
6 143 7 10423 128 2.000000000
6 256 7 10424 128 2.000000000
6 257 7 10425 128 2.000000000
6 258 7 10426 128 2.000000000
6 259 7 10427 128 2.000000000
6 260 7 10428 128 2.000000000
6 261 7 10429 128 2.000000000
6 262 7 10430 128 2.000000000
6 263 7 10431 128 2.000000000
6 264 7 10432 128 2.000000000
6 265 7 10433 128 2.000000000
6 266 7 10434 128 2.000000000
6 267 7 10435 128 2.000000000
6 268 7 10436 128 2.000000000
6 269 7 10437 128 2.000000000
6 270 7 10438 128 2.000000000
6 271 7 10439 128 2.000000000
6 384 7 10440 128 2.000000000
6 385 7 10441 128 2.000000000
6 386 7 10442 128 2.000000000
6 387 7 10443 128 2.000000000
6 388 7 10444 128 2.000000000
6 389 7 10445 128 2.000000000
6 390 7 10446 128 2.000000000
6 391 7 10447 128 2.000000000
6 392 7 10448 128 2.000000000
6 393 7 10449 128 2.000000000
6 394 7 10450 128 2.000000000
6 395 7 10451 128 2.000000000
6 396 7 10452 128 2.000000000
6 397 7 10453 128 2.000000000
6 398 7 10454 128 2.000000000
6 399 7 10455 128 2.000000000
7 8 7 10456 128 2.000000000
7 9 7 10457 128 2.000000000
7 10 7 10458 128 2.000000000
7 11 7 10459 128 2.000000000
7 12 7 10460 128 2.000000000
7 13 7 10461 128 2.000000000
7 14 7 10462 128 2.000000000
7 15 7 10463 128 2.000000000
7 128 7 10464 128 2.000000000
7 129 7 10465 128 2.000000000
7 130 7 10466 128 2.000000000
7 131 7 10467 128 2.000000000
7 132 7 10468 128 2.000000000
7 133 7 10469 128 2.000000000
7 134 7 10470 128 2.000000000
7 135 7 10471 128 2.000000000
7 136 7 10472 128 2.000000000
7 137 7 10473 128 2.000000000
7 138 7 10474 128 2.000000000
7 139 7 10475 128 2.000000000
7 140 7 10476 128 2.000000000
7 141 7 10477 128 2.000000000
7 142 7 10478 128 2.000000000
7 143 7 10479 128 2.000000000
7 256 7 10480 128 2.000000000
7 257 7 10481 128 2.000000000
7 258 7 10482 128 2.000000000
7 259 7 10483 128 2.000000000
7 260 7 10484 128 2.000000000
7 261 7 10485 128 2.000000000
7 262 7 10486 128 2.000000000
7 263 7 10487 128 2.000000000
7 264 7 10488 128 2.000000000
7 265 7 10489 128 2.000000000
7 266 7 10490 128 2.000000000
7 267 7 10491 128 2.000000000
7 268 7 10492 128 2.000000000
7 269 7 10493 128 2.000000000
7 270 7 10494 128 2.000000000
7 271 7 10495 128 2.000000000
7 384 7 10496 128 2.000000000
7 385 7 10497 128 2.000000000
7 386 7 10498 128 2.000000000
7 387 7 10499 128 2.000000000
7 388 7 10500 128 2.000000000
7 389 7 10501 128 2.000000000
7 390 7 10502 128 2.000000000
7 391 7 10503 128 2.000000000
7 392 7 10504 128 2.000000000
7 393 7 10505 128 2.000000000
7 394 7 10506 128 2.000000000
7 395 7 10507 128 2.000000000
7 396 7 10508 128 2.000000000
7 397 7 10509 128 2.000000000
7 398 7 10510 128 2.000000000
7 399 7 10511 128 2.000000000
8 0 7 10512 128 2.000000000
8 1 7 10513 128 2.000000000
8 2 7 10514 128 2.000000000
8 3 7 10515 128 2.000000000
8 4 7 10516 128 2.000000000
8 5 7 10517 128 2.000000000
8 6 7 10518 128 2.000000000
8 7 7 10519 128 2.000000000
8 128 7 10520 128 2.000000000
8 129 7 10521 128 2.000000000
8 130 7 10522 128 2.000000000
8 131 7 10523 128 2.000000000
8 132 7 10524 128 2.000000000
8 133 7 10525 128 2.000000000
8 134 7 10526 128 2.000000000
8 135 7 10527 128 2.000000000
8 136 7 10528 128 2.000000000
8 137 7 10529 128 2.000000000
8 138 7 10530 128 2.000000000
8 139 7 10531 128 2.000000000
8 140 7 10532 128 2.000000000
8 141 7 10533 128 2.000000000
8 142 7 10534 128 2.000000000
8 143 7 10535 128 2.000000000
8 256 7 10536 128 2.000000000
8 257 7 10537 128 2.000000000
8 258 7 10538 128 2.000000000
8 259 7 10539 128 2.000000000
8 260 7 10540 128 2.000000000
8 261 7 10541 128 2.000000000
8 262 7 10542 128 2.000000000
8 263 7 10543 128 2.000000000
8 264 7 10544 128 2.000000000
8 265 7 10545 128 2.000000000
8 266 7 10546 128 2.000000000
8 267 7 10547 128 2.000000000
8 268 7 10548 128 2.000000000
8 269 7 10549 128 2.000000000
8 270 7 10550 128 2.000000000
8 271 7 10551 128 2.000000000
8 384 7 10552 128 2.000000000
8 385 7 10553 128 2.000000000
8 386 7 10554 128 2.000000000
8 387 7 10555 128 2.000000000
8 388 7 10556 128 2.000000000
8 389 7 10557 128 2.000000000
8 390 7 10558 128 2.000000000
8 391 7 10559 128 2.000000000
8 392 7 10560 128 2.000000000
8 393 7 10561 128 2.000000000
8 394 7 10562 128 2.000000000
8 395 7 10563 128 2.000000000
8 396 7 10564 128 2.000000000
8 397 7 10565 128 2.000000000
8 398 7 10566 128 2.000000000
8 399 7 10567 128 2.000000000
9 0 7 10568 128 2.000000000
9 1 7 10569 128 2.000000000
9 2 7 10570 128 2.000000000
9 3 7 10571 128 2.000000000
9 4 7 10572 128 2.000000000
9 5 7 10573 128 2.000000000
9 6 7 10574 128 2.000000000
9 7 7 10575 128 2.000000000
9 128 7 10576 128 2.000000000
9 129 7 10577 128 2.000000000
9 130 7 10578 128 2.000000000
9 131 7 10579 128 2.000000000
9 132 7 10580 128 2.000000000
9 133 7 10581 128 2.000000000
9 134 7 10582 128 2.000000000
9 135 7 10583 128 2.000000000
9 136 7 10584 128 2.000000000
9 137 7 10585 128 2.000000000
9 138 7 10586 128 2.000000000
9 139 7 10587 128 2.000000000
9 140 7 10588 128 2.000000000
9 141 7 10589 128 2.000000000
9 142 7 10590 128 2.000000000
9 143 7 10591 128 2.000000000
9 256 7 10592 128 2.000000000
9 257 7 10593 128 2.000000000
9 258 7 10594 128 2.000000000
9 259 7 10595 128 2.000000000
9 260 7 10596 128 2.000000000
9 261 7 10597 128 2.000000000
9 262 7 10598 128 2.000000000
9 263 7 10599 128 2.000000000
9 264 7 10600 128 2.000000000
9 265 7 10601 128 2.000000000
9 266 7 10602 128 2.000000000
9 267 7 10603 128 2.000000000
9 268 7 10604 128 2.000000000
9 269 7 10605 128 2.000000000
9 270 7 10606 128 2.000000000
9 271 7 10607 128 2.000000000
9 384 7 10608 128 2.000000000
9 385 7 10609 128 2.000000000
9 386 7 10610 128 2.000000000
9 387 7 10611 128 2.000000000
9 388 7 10612 128 2.000000000
9 389 7 10613 128 2.000000000
9 390 7 10614 128 2.000000000
9 391 7 10615 128 2.000000000
9 392 7 10616 128 2.000000000
9 393 7 10617 128 2.000000000
9 394 7 10618 128 2.000000000
9 395 7 10619 128 2.000000000
9 396 7 10620 128 2.000000000
9 397 7 10621 128 2.000000000
9 398 7 10622 128 2.000000000
9 399 7 10623 128 2.000000000
10 0 7 10624 128 2.000000000
10 1 7 10625 128 2.000000000
10 2 7 10626 128 2.000000000
10 3 7 10627 128 2.000000000
10 4 7 10628 128 2.000000000
10 5 7 10629 128 2.000000000
10 6 7 10630 128 2.000000000
10 7 7 10631 128 2.000000000
10 128 7 10632 128 2.000000000
10 129 7 10633 128 2.000000000
10 130 7 10634 128 2.000000000
10 131 7 10635 128 2.000000000
10 132 7 10636 128 2.000000000
10 133 7 10637 128 2.000000000
10 134 7 10638 128 2.000000000
10 135 7 10639 128 2.000000000
10 136 7 10640 128 2.000000000
10 137 7 10641 128 2.000000000
10 138 7 10642 128 2.000000000
10 139 7 10643 128 2.000000000
10 140 7 10644 128 2.000000000
10 141 7 10645 128 2.000000000
10 142 7 10646 128 2.000000000
10 143 7 10647 128 2.000000000
10 256 7 10648 128 2.000000000
10 257 7 10649 128 2.000000000
10 258 7 10650 128 2.000000000
10 259 7 10651 128 2.000000000
10 260 7 10652 128 2.000000000
10 261 7 10653 128 2.000000000
10 262 7 10654 128 2.000000000
10 263 7 10655 128 2.000000000
10 264 7 10656 128 2.000000000
10 265 7 10657 128 2.000000000
10 266 7 10658 128 2.000000000
10 267 7 10659 128 2.000000000
10 268 7 10660 128 2.000000000
10 269 7 10661 128 2.000000000
10 270 7 10662 128 2.000000000
10 271 7 10663 128 2.000000000
10 384 7 10664 128 2.000000000
10 385 7 10665 128 2.000000000
10 386 7 10666 128 2.000000000
10 387 7 10667 128 2.000000000
10 388 7 10668 128 2.000000000
10 389 7 10669 128 2.000000000
10 390 7 10670 128 2.000000000
10 391 7 10671 128 2.000000000
10 392 7 10672 128 2.000000000
10 393 7 10673 128 2.000000000
10 394 7 10674 128 2.000000000
10 395 7 10675 128 2.000000000
10 396 7 10676 128 2.000000000
10 397 7 10677 128 2.000000000
10 398 7 10678 128 2.000000000
10 399 7 10679 128 2.000000000
11 0 7 10680 128 2.000000000
11 1 7 10681 128 2.000000000
11 2 7 10682 128 2.000000000
11 3 7 10683 128 2.000000000
11 4 7 10684 128 2.000000000
11 5 7 10685 128 2.000000000
11 6 7 10686 128 2.000000000
11 7 7 10687 128 2.000000000
11 128 7 10688 128 2.000000000
11 129 7 10689 128 2.000000000
11 130 7 10690 128 2.000000000
11 131 7 10691 128 2.000000000
11 132 7 10692 128 2.000000000
11 133 7 10693 128 2.000000000
11 134 7 10694 128 2.000000000
11 135 7 10695 128 2.000000000
11 136 7 10696 128 2.000000000
11 137 7 10697 128 2.000000000
11 138 7 10698 128 2.000000000
11 139 7 10699 128 2.000000000
11 140 7 10700 128 2.000000000
11 141 7 10701 128 2.000000000
11 142 7 10702 128 2.000000000
11 143 7 10703 128 2.000000000
11 256 7 10704 128 2.000000000
11 257 7 10705 128 2.000000000
11 258 7 10706 128 2.000000000
11 259 7 10707 128 2.000000000
11 260 7 10708 128 2.000000000
11 261 7 10709 128 2.000000000
11 262 7 10710 128 2.000000000
11 263 7 10711 128 2.000000000
11 264 7 10712 128 2.000000000
11 265 7 10713 128 2.000000000
11 266 7 10714 128 2.000000000
11 267 7 10715 128 2.000000000
11 268 7 10716 128 2.000000000
11 269 7 10717 128 2.000000000
11 270 7 10718 128 2.000000000
11 271 7 10719 128 2.000000000
11 384 7 10720 128 2.000000000
11 385 7 10721 128 2.000000000
11 386 7 10722 128 2.000000000
11 387 7 10723 128 2.000000000
11 388 7 10724 128 2.000000000
11 389 7 10725 128 2.000000000
11 390 7 10726 128 2.000000000
11 391 7 10727 128 2.000000000
11 392 7 10728 128 2.000000000
11 393 7 10729 128 2.000000000
11 394 7 10730 128 2.000000000
11 395 7 10731 128 2.000000000
11 396 7 10732 128 2.000000000
11 397 7 10733 128 2.000000000
11 398 7 10734 128 2.000000000
11 399 7 10735 128 2.000000000
12 0 7 10736 128 2.000000000
12 1 7 10737 128 2.000000000
12 2 7 10738 128 2.000000000
12 3 7 10739 128 2.000000000
12 4 7 10740 128 2.000000000
12 5 7 10741 128 2.000000000
12 6 7 10742 128 2.000000000
12 7 7 10743 128 2.000000000
12 128 7 10744 128 2.000000000
12 129 7 10745 128 2.000000000
12 130 7 10746 128 2.000000000
12 131 7 10747 128 2.000000000
12 132 7 10748 128 2.000000000
12 133 7 10749 128 2.000000000
12 134 7 10750 128 2.000000000
12 135 7 10751 128 2.000000000
12 136 7 10752 128 2.000000000
12 137 7 10753 128 2.000000000
12 138 7 10754 128 2.000000000
12 139 7 10755 128 2.000000000
12 140 7 10756 128 2.000000000
12 141 7 10757 128 2.000000000
12 142 7 10758 128 2.000000000
12 143 7 10759 128 2.000000000
12 256 7 10760 128 2.000000000
12 257 7 10761 128 2.000000000
12 258 7 10762 128 2.000000000
12 259 7 10763 128 2.000000000
12 260 7 10764 128 2.000000000
12 261 7 10765 128 2.000000000
12 262 7 10766 128 2.000000000
12 263 7 10767 128 2.000000000
12 264 7 10768 128 2.000000000
12 265 7 10769 128 2.000000000
12 266 7 10770 128 2.000000000
12 267 7 10771 128 2.000000000
12 268 7 10772 128 2.000000000
12 269 7 10773 128 2.000000000
12 270 7 10774 128 2.000000000
12 271 7 10775 128 2.000000000
12 384 7 10776 128 2.000000000
12 385 7 10777 128 2.000000000
12 386 7 10778 128 2.000000000
12 387 7 10779 128 2.000000000
12 388 7 10780 128 2.000000000
12 389 7 10781 128 2.000000000
12 390 7 10782 128 2.000000000
12 391 7 10783 128 2.000000000
12 392 7 10784 128 2.000000000
12 393 7 10785 128 2.000000000
12 394 7 10786 128 2.000000000
12 395 7 10787 128 2.000000000
12 396 7 10788 128 2.000000000
12 397 7 10789 128 2.000000000
12 398 7 10790 128 2.000000000
12 399 7 10791 128 2.000000000
13 0 7 10792 128 2.000000000
13 1 7 10793 128 2.000000000
13 2 7 10794 128 2.000000000
13 3 7 10795 128 2.000000000
13 4 7 10796 128 2.000000000
13 5 7 10797 128 2.000000000
13 6 7 10798 128 2.000000000
13 7 7 10799 128 2.000000000
13 128 7 10800 128 2.000000000
13 129 7 10801 128 2.000000000
13 130 7 10802 128 2.000000000
13 131 7 10803 128 2.000000000
13 132 7 10804 128 2.000000000
13 133 7 10805 128 2.000000000
13 134 7 10806 128 2.000000000
13 135 7 10807 128 2.000000000
13 136 7 10808 128 2.000000000
13 137 7 10809 128 2.000000000
13 138 7 10810 128 2.000000000
13 139 7 10811 128 2.000000000
13 140 7 10812 128 2.000000000
13 141 7 10813 128 2.000000000
13 142 7 10814 128 2.000000000
13 143 7 10815 128 2.000000000
13 256 7 10816 128 2.000000000
13 257 7 10817 128 2.000000000
13 258 7 10818 128 2.000000000
13 259 7 10819 128 2.000000000
13 260 7 10820 128 2.000000000
13 261 7 10821 128 2.000000000
13 262 7 10822 128 2.000000000
13 263 7 10823 128 2.000000000
13 264 7 10824 128 2.000000000
13 265 7 10825 128 2.000000000
13 266 7 10826 128 2.000000000
13 267 7 10827 128 2.000000000
13 268 7 10828 128 2.000000000
13 269 7 10829 128 2.000000000
13 270 7 10830 128 2.000000000
13 271 7 10831 128 2.000000000
13 384 7 10832 128 2.000000000
13 385 7 10833 128 2.000000000
13 386 7 10834 128 2.000000000
13 387 7 10835 128 2.000000000
13 388 7 10836 128 2.000000000
13 389 7 10837 128 2.000000000
13 390 7 10838 128 2.000000000
13 391 7 10839 128 2.000000000
13 392 7 10840 128 2.000000000
13 393 7 10841 128 2.000000000
13 394 7 10842 128 2.000000000
13 395 7 10843 128 2.000000000
13 396 7 10844 128 2.000000000
13 397 7 10845 128 2.000000000
13 398 7 10846 128 2.000000000
13 399 7 10847 128 2.000000000
14 0 7 10848 128 2.000000000
14 1 7 10849 128 2.000000000
14 2 7 10850 128 2.000000000
14 3 7 10851 128 2.000000000
14 4 7 10852 128 2.000000000
14 5 7 10853 128 2.000000000
14 6 7 10854 128 2.000000000
14 7 7 10855 128 2.000000000
14 128 7 10856 128 2.000000000
14 129 7 10857 128 2.000000000
14 130 7 10858 128 2.000000000
14 131 7 10859 128 2.000000000
14 132 7 10860 128 2.000000000
14 133 7 10861 128 2.000000000
14 134 7 10862 128 2.000000000
14 135 7 10863 128 2.000000000
14 136 7 10864 128 2.000000000
14 137 7 10865 128 2.000000000
14 138 7 10866 128 2.000000000
14 139 7 10867 128 2.000000000
14 140 7 10868 128 2.000000000
14 141 7 10869 128 2.000000000
14 142 7 10870 128 2.000000000
14 143 7 10871 128 2.000000000
14 256 7 10872 128 2.000000000
14 257 7 10873 128 2.000000000
14 258 7 10874 128 2.000000000
14 259 7 10875 128 2.000000000
14 260 7 10876 128 2.000000000
14 261 7 10877 128 2.000000000
14 262 7 10878 128 2.000000000
14 263 7 10879 128 2.000000000
14 264 7 10880 128 2.000000000
14 265 7 10881 128 2.000000000
14 266 7 10882 128 2.000000000
14 267 7 10883 128 2.000000000
14 268 7 10884 128 2.000000000
14 269 7 10885 128 2.000000000
14 270 7 10886 128 2.000000000
14 271 7 10887 128 2.000000000
14 384 7 10888 128 2.000000000
14 385 7 10889 128 2.000000000
14 386 7 10890 128 2.000000000
14 387 7 10891 128 2.000000000
14 388 7 10892 128 2.000000000
14 389 7 10893 128 2.000000000
14 390 7 10894 128 2.000000000
14 391 7 10895 128 2.000000000
14 392 7 10896 128 2.000000000
14 393 7 10897 128 2.000000000
14 394 7 10898 128 2.000000000
14 395 7 10899 128 2.000000000
14 396 7 10900 128 2.000000000
14 397 7 10901 128 2.000000000
14 398 7 10902 128 2.000000000
14 399 7 10903 128 2.000000000
15 0 7 10904 128 2.000000000
15 1 7 10905 128 2.000000000
15 2 7 10906 128 2.000000000
15 3 7 10907 128 2.000000000
15 4 7 10908 128 2.000000000
15 5 7 10909 128 2.000000000
15 6 7 10910 128 2.000000000
15 7 7 10911 128 2.000000000
15 128 7 10912 128 2.000000000
15 129 7 10913 128 2.000000000
15 130 7 10914 128 2.000000000
15 131 7 10915 128 2.000000000
15 132 7 10916 128 2.000000000
15 133 7 10917 128 2.000000000
15 134 7 10918 128 2.000000000
15 135 7 10919 128 2.000000000
15 136 7 10920 128 2.000000000
15 137 7 10921 128 2.000000000
15 138 7 10922 128 2.000000000
15 139 7 10923 128 2.000000000
15 140 7 10924 128 2.000000000
15 141 7 10925 128 2.000000000
15 142 7 10926 128 2.000000000
15 143 7 10927 128 2.000000000
15 256 7 10928 128 2.000000000
15 257 7 10929 128 2.000000000
15 258 7 10930 128 2.000000000
15 259 7 10931 128 2.000000000
15 260 7 10932 128 2.000000000
15 261 7 10933 128 2.000000000
15 262 7 10934 128 2.000000000
15 263 7 10935 128 2.000000000
15 264 7 10936 128 2.000000000
15 265 7 10937 128 2.000000000
15 266 7 10938 128 2.000000000
15 267 7 10939 128 2.000000000
15 268 7 10940 128 2.000000000
15 269 7 10941 128 2.000000000
15 270 7 10942 128 2.000000000
15 271 7 10943 128 2.000000000
15 384 7 10944 128 2.000000000
15 385 7 10945 128 2.000000000
15 386 7 10946 128 2.000000000
15 387 7 10947 128 2.000000000
15 388 7 10948 128 2.000000000
15 389 7 10949 128 2.000000000
15 390 7 10950 128 2.000000000
15 391 7 10951 128 2.000000000
15 392 7 10952 128 2.000000000
15 393 7 10953 128 2.000000000
15 394 7 10954 128 2.000000000
15 395 7 10955 128 2.000000000
15 396 7 10956 128 2.000000000
15 397 7 10957 128 2.000000000
15 398 7 10958 128 2.000000000
15 399 7 10959 128 2.000000000
