960
0 64 7 10000 4 2.000000000
1 65 7 10001 4 2.000000000
2 66 7 10002 4 2.000000000
3 67 7 10003 4 2.000000000
4 68 7 10004 4 2.000000000
5 69 7 10005 4 2.000000000
6 70 7 10006 4 2.000000000
7 71 7 10007 4 2.000000000
8 72 7 10008 4 2.000000000
9 73 7 10009 4 2.000000000
10 74 7 10010 4 2.000000000
11 75 7 10011 4 2.000000000
12 76 7 10012 4 2.000000000
13 77 7 10013 4 2.000000000
14 78 7 10014 4 2.000000000
15 79 7 10015 4 2.000000000
0 256 7 10016 4 2.000000000
8 264 7 10017 4 2.000000000
0 128 7 10018 4 2.000000000
8 136 7 10019 4 2.000000000
0 8 7 10020 4 2.000000000
8 0 7 10021 4 2.000000000
1 257 7 10022 4 2.000000000
9 265 7 10023 4 2.000000000
1 129 7 10024 4 2.000000000
9 137 7 10025 4 2.000000000
1 9 7 10026 4 2.000000000
9 1 7 10027 4 2.000000000
2 258 7 10028 4 2.000000000
10 266 7 10029 4 2.000000000
2 130 7 10030 4 2.000000000
10 138 7 10031 4 2.000000000
2 10 7 10032 4 2.000000000
10 2 7 10033 4 2.000000000
3 259 7 10034 4 2.000000000
11 267 7 10035 4 2.000000000
3 131 7 10036 4 2.000000000
11 139 7 10037 4 2.000000000
3 11 7 10038 4 2.000000000
11 3 7 10039 4 2.000000000
4 260 7 10040 4 2.000000000
12 268 7 10041 4 2.000000000
4 132 7 10042 4 2.000000000
12 140 7 10043 4 2.000000000
4 12 7 10044 4 2.000000000
12 4 7 10045 4 2.000000000
5 261 7 10046 4 2.000000000
13 269 7 10047 4 2.000000000
5 133 7 10048 4 2.000000000
13 141 7 10049 4 2.000000000
5 13 7 10050 4 2.000000000
13 5 7 10051 4 2.000000000
6 262 7 10052 4 2.000000000
14 270 7 10053 4 2.000000000
6 134 7 10054 4 2.000000000
14 142 7 10055 4 2.000000000
6 14 7 10056 4 2.000000000
14 6 7 10057 4 2.000000000
7 263 7 10058 4 2.000000000
15 271 7 10059 4 2.000000000
7 135 7 10060 4 2.000000000
15 143 7 10061 4 2.000000000
7 15 7 10062 4 2.000000000
15 7 7 10063 4 2.000000000
0 8 7 10064 4 2.000000000
0 9 7 10065 4 2.000000000
0 10 7 10066 4 2.000000000
0 11 7 10067 4 2.000000000
0 12 7 10068 4 2.000000000
0 13 7 10069 4 2.000000000
0 14 7 10070 4 2.000000000
0 15 7 10071 4 2.000000000
0 128 7 10072 4 2.000000000
0 129 7 10073 4 2.000000000
0 130 7 10074 4 2.000000000
0 131 7 10075 4 2.000000000
0 132 7 10076 4 2.000000000
0 133 7 10077 4 2.000000000
0 134 7 10078 4 2.000000000
0 135 7 10079 4 2.000000000
0 136 7 10080 4 2.000000000
0 137 7 10081 4 2.000000000
0 138 7 10082 4 2.000000000
0 139 7 10083 4 2.000000000
0 140 7 10084 4 2.000000000
0 141 7 10085 4 2.000000000
0 142 7 10086 4 2.000000000
0 143 7 10087 4 2.000000000
0 256 7 10088 4 2.000000000
0 257 7 10089 4 2.000000000
0 258 7 10090 4 2.000000000
0 259 7 10091 4 2.000000000
0 260 7 10092 4 2.000000000
0 261 7 10093 4 2.000000000
0 262 7 10094 4 2.000000000
0 263 7 10095 4 2.000000000
0 264 7 10096 4 2.000000000
0 265 7 10097 4 2.000000000
0 266 7 10098 4 2.000000000
0 267 7 10099 4 2.000000000
0 268 7 10100 4 2.000000000
0 269 7 10101 4 2.000000000
0 270 7 10102 4 2.000000000
0 271 7 10103 4 2.000000000
0 384 7 10104 4 2.000000000
0 385 7 10105 4 2.000000000
0 386 7 10106 4 2.000000000
0 387 7 10107 4 2.000000000
0 388 7 10108 4 2.000000000
0 389 7 10109 4 2.000000000
0 390 7 10110 4 2.000000000
0 391 7 10111 4 2.000000000
0 392 7 10112 4 2.000000000
0 393 7 10113 4 2.000000000
0 394 7 10114 4 2.000000000
0 395 7 10115 4 2.000000000
0 396 7 10116 4 2.000000000
0 397 7 10117 4 2.000000000
0 398 7 10118 4 2.000000000
0 399 7 10119 4 2.000000000
1 8 7 10120 4 2.000000000
1 9 7 10121 4 2.000000000
1 10 7 10122 4 2.000000000
1 11 7 10123 4 2.000000000
1 12 7 10124 4 2.000000000
1 13 7 10125 4 2.000000000
1 14 7 10126 4 2.000000000
1 15 7 10127 4 2.000000000
1 128 7 10128 4 2.000000000
1 129 7 10129 4 2.000000000
1 130 7 10130 4 2.000000000
1 131 7 10131 4 2.000000000
1 132 7 10132 4 2.000000000
1 133 7 10133 4 2.000000000
1 134 7 10134 4 2.000000000
1 135 7 10135 4 2.000000000
1 136 7 10136 4 2.000000000
1 137 7 10137 4 2.000000000
1 138 7 10138 4 2.000000000
1 139 7 10139 4 2.000000000
1 140 7 10140 4 2.000000000
1 141 7 10141 4 2.000000000
1 142 7 10142 4 2.000000000
1 143 7 10143 4 2.000000000
1 256 7 10144 4 2.000000000
1 257 7 10145 4 2.000000000
1 258 7 10146 4 2.000000000
1 259 7 10147 4 2.000000000
1 260 7 10148 4 2.000000000
1 261 7 10149 4 2.000000000
1 262 7 10150 4 2.000000000
1 263 7 10151 4 2.000000000
1 264 7 10152 4 2.000000000
1 265 7 10153 4 2.000000000
1 266 7 10154 4 2.000000000
1 267 7 10155 4 2.000000000
1 268 7 10156 4 2.000000000
1 269 7 10157 4 2.000000000
1 270 7 10158 4 2.000000000
1 271 7 10159 4 2.000000000
1 384 7 10160 4 2.000000000
1 385 7 10161 4 2.000000000
1 386 7 10162 4 2.000000000
1 387 7 10163 4 2.000000000
1 388 7 10164 4 2.000000000
1 389 7 10165 4 2.000000000
1 390 7 10166 4 2.000000000
1 391 7 10167 4 2.000000000
1 392 7 10168 4 2.000000000
1 393 7 10169 4 2.000000000
1 394 7 10170 4 2.000000000
1 395 7 10171 4 2.000000000
1 396 7 10172 4 2.000000000
1 397 7 10173 4 2.000000000
1 398 7 10174 4 2.000000000
1 399 7 10175 4 2.000000000
2 8 7 10176 4 2.000000000
2 9 7 10177 4 2.000000000
2 10 7 10178 4 2.000000000
2 11 7 10179 4 2.000000000
2 12 7 10180 4 2.000000000
2 13 7 10181 4 2.000000000
2 14 7 10182 4 2.000000000
2 15 7 10183 4 2.000000000
2 128 7 10184 4 2.000000000
2 129 7 10185 4 2.000000000
2 130 7 10186 4 2.000000000
2 131 7 10187 4 2.000000000
2 132 7 10188 4 2.000000000
2 133 7 10189 4 2.000000000
2 134 7 10190 4 2.000000000
2 135 7 10191 4 2.000000000
2 136 7 10192 4 2.000000000
2 137 7 10193 4 2.000000000
2 138 7 10194 4 2.000000000
2 139 7 10195 4 2.000000000
2 140 7 10196 4 2.000000000
2 141 7 10197 4 2.000000000
2 142 7 10198 4 2.000000000
2 143 7 10199 4 2.000000000
2 256 7 10200 4 2.000000000
2 257 7 10201 4 2.000000000
2 258 7 10202 4 2.000000000
2 259 7 10203 4 2.000000000
2 260 7 10204 4 2.000000000
2 261 7 10205 4 2.000000000
2 262 7 10206 4 2.000000000
2 263 7 10207 4 2.000000000
2 264 7 10208 4 2.000000000
2 265 7 10209 4 2.000000000
2 266 7 10210 4 2.000000000
2 267 7 10211 4 2.000000000
2 268 7 10212 4 2.000000000
2 269 7 10213 4 2.000000000
2 270 7 10214 4 2.000000000
2 271 7 10215 4 2.000000000
2 384 7 10216 4 2.000000000
2 385 7 10217 4 2.000000000
2 386 7 10218 4 2.000000000
2 387 7 10219 4 2.000000000
2 388 7 10220 4 2.000000000
2 389 7 10221 4 2.000000000
2 390 7 10222 4 2.000000000
2 391 7 10223 4 2.000000000
2 392 7 10224 4 2.000000000
2 393 7 10225 4 2.000000000
2 394 7 10226 4 2.000000000
2 395 7 10227 4 2.000000000
2 396 7 10228 4 2.000000000
2 397 7 10229 4 2.000000000
2 398 7 10230 4 2.000000000
2 399 7 10231 4 2.000000000
3 8 7 10232 4 2.000000000
3 9 7 10233 4 2.000000000
3 10 7 10234 4 2.000000000
3 11 7 10235 4 2.000000000
3 12 7 10236 4 2.000000000
3 13 7 10237 4 2.000000000
3 14 7 10238 4 2.000000000
3 15 7 10239 4 2.000000000
3 128 7 10240 4 2.000000000
3 129 7 10241 4 2.000000000
3 130 7 10242 4 2.000000000
3 131 7 10243 4 2.000000000
3 132 7 10244 4 2.000000000
3 133 7 10245 4 2.000000000
3 134 7 10246 4 2.000000000
3 135 7 10247 4 2.000000000
3 136 7 10248 4 2.000000000
3 137 7 10249 4 2.000000000
3 138 7 10250 4 2.000000000
3 139 7 10251 4 2.000000000
3 140 7 10252 4 2.000000000
3 141 7 10253 4 2.000000000
3 142 7 10254 4 2.000000000
3 143 7 10255 4 2.000000000
3 256 7 10256 4 2.000000000
3 257 7 10257 4 2.000000000
3 258 7 10258 4 2.000000000
3 259 7 10259 4 2.000000000
3 260 7 10260 4 2.000000000
3 261 7 10261 4 2.000000000
3 262 7 10262 4 2.000000000
3 263 7 10263 4 2.000000000
3 264 7 10264 4 2.000000000
3 265 7 10265 4 2.000000000
3 266 7 10266 4 2.000000000
3 267 7 10267 4 2.000000000
3 268 7 10268 4 2.000000000
3 269 7 10269 4 2.000000000
3 270 7 10270 4 2.000000000
3 271 7 10271 4 2.000000000
3 384 7 10272 4 2.000000000
3 385 7 10273 4 2.000000000
3 386 7 10274 4 2.000000000
3 387 7 10275 4 2.000000000
3 388 7 10276 4 2.000000000
3 389 7 10277 4 2.000000000
3 390 7 10278 4 2.000000000
3 391 7 10279 4 2.000000000
3 392 7 10280 4 2.000000000
3 393 7 10281 4 2.000000000
3 394 7 10282 4 2.000000000
3 395 7 10283 4 2.000000000
3 396 7 10284 4 2.000000000
3 397 7 10285 4 2.000000000
3 398 7 10286 4 2.000000000
3 399 7 10287 4 2.000000000
4 8 7 10288 4 2.000000000
4 9 7 10289 4 2.000000000
4 10 7 10290 4 2.000000000
4 11 7 10291 4 2.000000000
4 12 7 10292 4 2.000000000
4 13 7 10293 4 2.000000000
4 14 7 10294 4 2.000000000
4 15 7 10295 4 2.000000000
4 128 7 10296 4 2.000000000
4 129 7 10297 4 2.000000000
4 130 7 10298 4 2.000000000
4 131 7 10299 4 2.000000000
4 132 7 10300 4 2.000000000
4 133 7 10301 4 2.000000000
4 134 7 10302 4 2.000000000
4 135 7 10303 4 2.000000000
4 136 7 10304 4 2.000000000
4 137 7 10305 4 2.000000000
4 138 7 10306 4 2.000000000
4 139 7 10307 4 2.000000000
4 140 7 10308 4 2.000000000
4 141 7 10309 4 2.000000000
4 142 7 10310 4 2.000000000
4 143 7 10311 4 2.000000000
4 256 7 10312 4 2.000000000
4 257 7 10313 4 2.000000000
4 258 7 10314 4 2.000000000
4 259 7 10315 4 2.000000000
4 260 7 10316 4 2.000000000
4 261 7 10317 4 2.000000000
4 262 7 10318 4 2.000000000
4 263 7 10319 4 2.000000000
4 264 7 10320 4 2.000000000
4 265 7 10321 4 2.000000000
4 266 7 10322 4 2.000000000
4 267 7 10323 4 2.000000000
4 268 7 10324 4 2.000000000
4 269 7 10325 4 2.000000000
4 270 7 10326 4 2.000000000
4 271 7 10327 4 2.000000000
4 384 7 10328 4 2.000000000
4 385 7 10329 4 2.000000000
4 386 7 10330 4 2.000000000
4 387 7 10331 4 2.000000000
4 388 7 10332 4 2.000000000
4 389 7 10333 4 2.000000000
4 390 7 10334 4 2.000000000
4 391 7 10335 4 2.000000000
4 392 7 10336 4 2.000000000
4 393 7 10337 4 2.000000000
4 394 7 10338 4 2.000000000
4 395 7 10339 4 2.000000000
4 396 7 10340 4 2.000000000
4 397 7 10341 4 2.000000000
4 398 7 10342 4 2.000000000
4 399 7 10343 4 2.000000000
5 8 7 10344 4 2.000000000
5 9 7 10345 4 2.000000000
5 10 7 10346 4 2.000000000
5 11 7 10347 4 2.000000000
5 12 7 10348 4 2.000000000
5 13 7 10349 4 2.000000000
5 14 7 10350 4 2.000000000
5 15 7 10351 4 2.000000000
5 128 7 10352 4 2.000000000
5 129 7 10353 4 2.000000000
5 130 7 10354 4 2.000000000
5 131 7 10355 4 2.000000000
5 132 7 10356 4 2.000000000
5 133 7 10357 4 2.000000000
5 134 7 10358 4 2.000000000
5 135 7 10359 4 2.000000000
5 136 7 10360 4 2.000000000
5 137 7 10361 4 2.000000000
5 138 7 10362 4 2.000000000
5 139 7 10363 4 2.000000000
5 140 7 10364 4 2.000000000
5 141 7 10365 4 2.000000000
5 142 7 10366 4 2.000000000
5 143 7 10367 4 2.000000000
5 256 7 10368 4 2.000000000
5 257 7 10369 4 2.000000000
5 258 7 10370 4 2.000000000
5 259 7 10371 4 2.000000000
5 260 7 10372 4 2.000000000
5 261 7 10373 4 2.000000000
5 262 7 10374 4 2.000000000
5 263 7 10375 4 2.000000000
5 264 7 10376 4 2.000000000
5 265 7 10377 4 2.000000000
5 266 7 10378 4 2.000000000
5 267 7 10379 4 2.000000000
5 268 7 10380 4 2.000000000
5 269 7 10381 4 2.000000000
5 270 7 10382 4 2.000000000
5 271 7 10383 4 2.000000000
5 384 7 10384 4 2.000000000
5 385 7 10385 4 2.000000000
5 386 7 10386 4 2.000000000
5 387 7 10387 4 2.000000000
5 388 7 10388 4 2.000000000
5 389 7 10389 4 2.000000000
5 390 7 10390 4 2.000000000
5 391 7 10391 4 2.000000000
5 392 7 10392 4 2.000000000
5 393 7 10393 4 2.000000000
5 394 7 10394 4 2.000000000
5 395 7 10395 4 2.000000000
5 396 7 10396 4 2.000000000
5 397 7 10397 4 2.000000000
5 398 7 10398 4 2.000000000
5 399 7 10399 4 2.000000000
6 8 7 10400 4 2.000000000
6 9 7 10401 4 2.000000000
6 10 7 10402 4 2.000000000
6 11 7 10403 4 2.000000000
6 12 7 10404 4 2.000000000
6 13 7 10405 4 2.000000000
6 14 7 10406 4 2.000000000
6 15 7 10407 4 2.000000000
6 128 7 10408 4 2.000000000
6 129 7 10409 4 2.000000000
6 130 7 10410 4 2.000000000
6 131 7 10411 4 2.000000000
6 132 7 10412 4 2.000000000
6 133 7 10413 4 2.000000000
6 134 7 10414 4 2.000000000
6 135 7 10415 4 2.000000000
6 136 7 10416 4 2.000000000
6 137 7 10417 4 2.000000000
6 138 7 10418 4 2.000000000
6 139 7 10419 4 2.000000000
6 140 7 10420 4 2.000000000
6 141 7 10421 4 2.000000000
6 142 7 10422 4 2.000000000
6 143 7 10423 4 2.000000000
6 256 7 10424 4 2.000000000
6 257 7 10425 4 2.000000000
6 258 7 10426 4 2.000000000
6 259 7 10427 4 2.000000000
6 260 7 10428 4 2.000000000
6 261 7 10429 4 2.000000000
6 262 7 10430 4 2.000000000
6 263 7 10431 4 2.000000000
6 264 7 10432 4 2.000000000
6 265 7 10433 4 2.000000000
6 266 7 10434 4 2.000000000
6 267 7 10435 4 2.000000000
6 268 7 10436 4 2.000000000
6 269 7 10437 4 2.000000000
6 270 7 10438 4 2.000000000
6 271 7 10439 4 2.000000000
6 384 7 10440 4 2.000000000
6 385 7 10441 4 2.000000000
6 386 7 10442 4 2.000000000
6 387 7 10443 4 2.000000000
6 388 7 10444 4 2.000000000
6 389 7 10445 4 2.000000000
6 390 7 10446 4 2.000000000
6 391 7 10447 4 2.000000000
6 392 7 10448 4 2.000000000
6 393 7 10449 4 2.000000000
6 394 7 10450 4 2.000000000
6 395 7 10451 4 2.000000000
6 396 7 10452 4 2.000000000
6 397 7 10453 4 2.000000000
6 398 7 10454 4 2.000000000
6 399 7 10455 4 2.000000000
7 8 7 10456 4 2.000000000
7 9 7 10457 4 2.000000000
7 10 7 10458 4 2.000000000
7 11 7 10459 4 2.000000000
7 12 7 10460 4 2.000000000
7 13 7 10461 4 2.000000000
7 14 7 10462 4 2.000000000
7 15 7 10463 4 2.000000000
7 128 7 10464 4 2.000000000
7 129 7 10465 4 2.000000000
7 130 7 10466 4 2.000000000
7 131 7 10467 4 2.000000000
7 132 7 10468 4 2.000000000
7 133 7 10469 4 2.000000000
7 134 7 10470 4 2.000000000
7 135 7 10471 4 2.000000000
7 136 7 10472 4 2.000000000
7 137 7 10473 4 2.000000000
7 138 7 10474 4 2.000000000
7 139 7 10475 4 2.000000000
7 140 7 10476 4 2.000000000
7 141 7 10477 4 2.000000000
7 142 7 10478 4 2.000000000
7 143 7 10479 4 2.000000000
7 256 7 10480 4 2.000000000
7 257 7 10481 4 2.000000000
7 258 7 10482 4 2.000000000
7 259 7 10483 4 2.000000000
7 260 7 10484 4 2.000000000
7 261 7 10485 4 2.000000000
7 262 7 10486 4 2.000000000
7 263 7 10487 4 2.000000000
7 264 7 10488 4 2.000000000
7 265 7 10489 4 2.000000000
7 266 7 10490 4 2.000000000
7 267 7 10491 4 2.000000000
7 268 7 10492 4 2.000000000
7 269 7 10493 4 2.000000000
7 270 7 10494 4 2.000000000
7 271 7 10495 4 2.000000000
7 384 7 10496 4 2.000000000
7 385 7 10497 4 2.000000000
7 386 7 10498 4 2.000000000
7 387 7 10499 4 2.000000000
7 388 7 10500 4 2.000000000
7 389 7 10501 4 2.000000000
7 390 7 10502 4 2.000000000
7 391 7 10503 4 2.000000000
7 392 7 10504 4 2.000000000
7 393 7 10505 4 2.000000000
7 394 7 10506 4 2.000000000
7 395 7 10507 4 2.000000000
7 396 7 10508 4 2.000000000
7 397 7 10509 4 2.000000000
7 398 7 10510 4 2.000000000
7 399 7 10511 4 2.000000000
8 0 7 10512 4 2.000000000
8 1 7 10513 4 2.000000000
8 2 7 10514 4 2.000000000
8 3 7 10515 4 2.000000000
8 4 7 10516 4 2.000000000
8 5 7 10517 4 2.000000000
8 6 7 10518 4 2.000000000
8 7 7 10519 4 2.000000000
8 128 7 10520 4 2.000000000
8 129 7 10521 4 2.000000000
8 130 7 10522 4 2.000000000
8 131 7 10523 4 2.000000000
8 132 7 10524 4 2.000000000
8 133 7 10525 4 2.000000000
8 134 7 10526 4 2.000000000
8 135 7 10527 4 2.000000000
8 136 7 10528 4 2.000000000
8 137 7 10529 4 2.000000000
8 138 7 10530 4 2.000000000
8 139 7 10531 4 2.000000000
8 140 7 10532 4 2.000000000
8 141 7 10533 4 2.000000000
8 142 7 10534 4 2.000000000
8 143 7 10535 4 2.000000000
8 256 7 10536 4 2.000000000
8 257 7 10537 4 2.000000000
8 258 7 10538 4 2.000000000
8 259 7 10539 4 2.000000000
8 260 7 10540 4 2.000000000
8 261 7 10541 4 2.000000000
8 262 7 10542 4 2.000000000
8 263 7 10543 4 2.000000000
8 264 7 10544 4 2.000000000
8 265 7 10545 4 2.000000000
8 266 7 10546 4 2.000000000
8 267 7 10547 4 2.000000000
8 268 7 10548 4 2.000000000
8 269 7 10549 4 2.000000000
8 270 7 10550 4 2.000000000
8 271 7 10551 4 2.000000000
8 384 7 10552 4 2.000000000
8 385 7 10553 4 2.000000000
8 386 7 10554 4 2.000000000
8 387 7 10555 4 2.000000000
8 388 7 10556 4 2.000000000
8 389 7 10557 4 2.000000000
8 390 7 10558 4 2.000000000
8 391 7 10559 4 2.000000000
8 392 7 10560 4 2.000000000
8 393 7 10561 4 2.000000000
8 394 7 10562 4 2.000000000
8 395 7 10563 4 2.000000000
8 396 7 10564 4 2.000000000
8 397 7 10565 4 2.000000000
8 398 7 10566 4 2.000000000
8 399 7 10567 4 2.000000000
9 0 7 10568 4 2.000000000
9 1 7 10569 4 2.000000000
9 2 7 10570 4 2.000000000
9 3 7 10571 4 2.000000000
9 4 7 10572 4 2.000000000
9 5 7 10573 4 2.000000000
9 6 7 10574 4 2.000000000
9 7 7 10575 4 2.000000000
9 128 7 10576 4 2.000000000
9 129 7 10577 4 2.000000000
9 130 7 10578 4 2.000000000
9 131 7 10579 4 2.000000000
9 132 7 10580 4 2.000000000
9 133 7 10581 4 2.000000000
9 134 7 10582 4 2.000000000
9 135 7 10583 4 2.000000000
9 136 7 10584 4 2.000000000
9 137 7 10585 4 2.000000000
9 138 7 10586 4 2.000000000
9 139 7 10587 4 2.000000000
9 140 7 10588 4 2.000000000
9 141 7 10589 4 2.000000000
9 142 7 10590 4 2.000000000
9 143 7 10591 4 2.000000000
9 256 7 10592 4 2.000000000
9 257 7 10593 4 2.000000000
9 258 7 10594 4 2.000000000
9 259 7 10595 4 2.000000000
9 260 7 10596 4 2.000000000
9 261 7 10597 4 2.000000000
9 262 7 10598 4 2.000000000
9 263 7 10599 4 2.000000000
9 264 7 10600 4 2.000000000
9 265 7 10601 4 2.000000000
9 266 7 10602 4 2.000000000
9 267 7 10603 4 2.000000000
9 268 7 10604 4 2.000000000
9 269 7 10605 4 2.000000000
9 270 7 10606 4 2.000000000
9 271 7 10607 4 2.000000000
9 384 7 10608 4 2.000000000
9 385 7 10609 4 2.000000000
9 386 7 10610 4 2.000000000
9 387 7 10611 4 2.000000000
9 388 7 10612 4 2.000000000
9 389 7 10613 4 2.000000000
9 390 7 10614 4 2.000000000
9 391 7 10615 4 2.000000000
9 392 7 10616 4 2.000000000
9 393 7 10617 4 2.000000000
9 394 7 10618 4 2.000000000
9 395 7 10619 4 2.000000000
9 396 7 10620 4 2.000000000
9 397 7 10621 4 2.000000000
9 398 7 10622 4 2.000000000
9 399 7 10623 4 2.000000000
10 0 7 10624 4 2.000000000
10 1 7 10625 4 2.000000000
10 2 7 10626 4 2.000000000
10 3 7 10627 4 2.000000000
10 4 7 10628 4 2.000000000
10 5 7 10629 4 2.000000000
10 6 7 10630 4 2.000000000
10 7 7 10631 4 2.000000000
10 128 7 10632 4 2.000000000
10 129 7 10633 4 2.000000000
10 130 7 10634 4 2.000000000
10 131 7 10635 4 2.000000000
10 132 7 10636 4 2.000000000
10 133 7 10637 4 2.000000000
10 134 7 10638 4 2.000000000
10 135 7 10639 4 2.000000000
10 136 7 10640 4 2.000000000
10 137 7 10641 4 2.000000000
10 138 7 10642 4 2.000000000
10 139 7 10643 4 2.000000000
10 140 7 10644 4 2.000000000
10 141 7 10645 4 2.000000000
10 142 7 10646 4 2.000000000
10 143 7 10647 4 2.000000000
10 256 7 10648 4 2.000000000
10 257 7 10649 4 2.000000000
10 258 7 10650 4 2.000000000
10 259 7 10651 4 2.000000000
10 260 7 10652 4 2.000000000
10 261 7 10653 4 2.000000000
10 262 7 10654 4 2.000000000
10 263 7 10655 4 2.000000000
10 264 7 10656 4 2.000000000
10 265 7 10657 4 2.000000000
10 266 7 10658 4 2.000000000
10 267 7 10659 4 2.000000000
10 268 7 10660 4 2.000000000
10 269 7 10661 4 2.000000000
10 270 7 10662 4 2.000000000
10 271 7 10663 4 2.000000000
10 384 7 10664 4 2.000000000
10 385 7 10665 4 2.000000000
10 386 7 10666 4 2.000000000
10 387 7 10667 4 2.000000000
10 388 7 10668 4 2.000000000
10 389 7 10669 4 2.000000000
10 390 7 10670 4 2.000000000
10 391 7 10671 4 2.000000000
10 392 7 10672 4 2.000000000
10 393 7 10673 4 2.000000000
10 394 7 10674 4 2.000000000
10 395 7 10675 4 2.000000000
10 396 7 10676 4 2.000000000
10 397 7 10677 4 2.000000000
10 398 7 10678 4 2.000000000
10 399 7 10679 4 2.000000000
11 0 7 10680 4 2.000000000
11 1 7 10681 4 2.000000000
11 2 7 10682 4 2.000000000
11 3 7 10683 4 2.000000000
11 4 7 10684 4 2.000000000
11 5 7 10685 4 2.000000000
11 6 7 10686 4 2.000000000
11 7 7 10687 4 2.000000000
11 128 7 10688 4 2.000000000
11 129 7 10689 4 2.000000000
11 130 7 10690 4 2.000000000
11 131 7 10691 4 2.000000000
11 132 7 10692 4 2.000000000
11 133 7 10693 4 2.000000000
11 134 7 10694 4 2.000000000
11 135 7 10695 4 2.000000000
11 136 7 10696 4 2.000000000
11 137 7 10697 4 2.000000000
11 138 7 10698 4 2.000000000
11 139 7 10699 4 2.000000000
11 140 7 10700 4 2.000000000
11 141 7 10701 4 2.000000000
11 142 7 10702 4 2.000000000
11 143 7 10703 4 2.000000000
11 256 7 10704 4 2.000000000
11 257 7 10705 4 2.000000000
11 258 7 10706 4 2.000000000
11 259 7 10707 4 2.000000000
11 260 7 10708 4 2.000000000
11 261 7 10709 4 2.000000000
11 262 7 10710 4 2.000000000
11 263 7 10711 4 2.000000000
11 264 7 10712 4 2.000000000
11 265 7 10713 4 2.000000000
11 266 7 10714 4 2.000000000
11 267 7 10715 4 2.000000000
11 268 7 10716 4 2.000000000
11 269 7 10717 4 2.000000000
11 270 7 10718 4 2.000000000
11 271 7 10719 4 2.000000000
11 384 7 10720 4 2.000000000
11 385 7 10721 4 2.000000000
11 386 7 10722 4 2.000000000
11 387 7 10723 4 2.000000000
11 388 7 10724 4 2.000000000
11 389 7 10725 4 2.000000000
11 390 7 10726 4 2.000000000
11 391 7 10727 4 2.000000000
11 392 7 10728 4 2.000000000
11 393 7 10729 4 2.000000000
11 394 7 10730 4 2.000000000
11 395 7 10731 4 2.000000000
11 396 7 10732 4 2.000000000
11 397 7 10733 4 2.000000000
11 398 7 10734 4 2.000000000
11 399 7 10735 4 2.000000000
12 0 7 10736 4 2.000000000
12 1 7 10737 4 2.000000000
12 2 7 10738 4 2.000000000
12 3 7 10739 4 2.000000000
12 4 7 10740 4 2.000000000
12 5 7 10741 4 2.000000000
12 6 7 10742 4 2.000000000
12 7 7 10743 4 2.000000000
12 128 7 10744 4 2.000000000
12 129 7 10745 4 2.000000000
12 130 7 10746 4 2.000000000
12 131 7 10747 4 2.000000000
12 132 7 10748 4 2.000000000
12 133 7 10749 4 2.000000000
12 134 7 10750 4 2.000000000
12 135 7 10751 4 2.000000000
12 136 7 10752 4 2.000000000
12 137 7 10753 4 2.000000000
12 138 7 10754 4 2.000000000
12 139 7 10755 4 2.000000000
12 140 7 10756 4 2.000000000
12 141 7 10757 4 2.000000000
12 142 7 10758 4 2.000000000
12 143 7 10759 4 2.000000000
12 256 7 10760 4 2.000000000
12 257 7 10761 4 2.000000000
12 258 7 10762 4 2.000000000
12 259 7 10763 4 2.000000000
12 260 7 10764 4 2.000000000
12 261 7 10765 4 2.000000000
12 262 7 10766 4 2.000000000
12 263 7 10767 4 2.000000000
12 264 7 10768 4 2.000000000
12 265 7 10769 4 2.000000000
12 266 7 10770 4 2.000000000
12 267 7 10771 4 2.000000000
12 268 7 10772 4 2.000000000
12 269 7 10773 4 2.000000000
12 270 7 10774 4 2.000000000
12 271 7 10775 4 2.000000000
12 384 7 10776 4 2.000000000
12 385 7 10777 4 2.000000000
12 386 7 10778 4 2.000000000
12 387 7 10779 4 2.000000000
12 388 7 10780 4 2.000000000
12 389 7 10781 4 2.000000000
12 390 7 10782 4 2.000000000
12 391 7 10783 4 2.000000000
12 392 7 10784 4 2.000000000
12 393 7 10785 4 2.000000000
12 394 7 10786 4 2.000000000
12 395 7 10787 4 2.000000000
12 396 7 10788 4 2.000000000
12 397 7 10789 4 2.000000000
12 398 7 10790 4 2.000000000
12 399 7 10791 4 2.000000000
13 0 7 10792 4 2.000000000
13 1 7 10793 4 2.000000000
13 2 7 10794 4 2.000000000
13 3 7 10795 4 2.000000000
13 4 7 10796 4 2.000000000
13 5 7 10797 4 2.000000000
13 6 7 10798 4 2.000000000
13 7 7 10799 4 2.000000000
13 128 7 10800 4 2.000000000
13 129 7 10801 4 2.000000000
13 130 7 10802 4 2.000000000
13 131 7 10803 4 2.000000000
13 132 7 10804 4 2.000000000
13 133 7 10805 4 2.000000000
13 134 7 10806 4 2.000000000
13 135 7 10807 4 2.000000000
13 136 7 10808 4 2.000000000
13 137 7 10809 4 2.000000000
13 138 7 10810 4 2.000000000
13 139 7 10811 4 2.000000000
13 140 7 10812 4 2.000000000
13 141 7 10813 4 2.000000000
13 142 7 10814 4 2.000000000
13 143 7 10815 4 2.000000000
13 256 7 10816 4 2.000000000
13 257 7 10817 4 2.000000000
13 258 7 10818 4 2.000000000
13 259 7 10819 4 2.000000000
13 260 7 10820 4 2.000000000
13 261 7 10821 4 2.000000000
13 262 7 10822 4 2.000000000
13 263 7 10823 4 2.000000000
13 264 7 10824 4 2.000000000
13 265 7 10825 4 2.000000000
13 266 7 10826 4 2.000000000
13 267 7 10827 4 2.000000000
13 268 7 10828 4 2.000000000
13 269 7 10829 4 2.000000000
13 270 7 10830 4 2.000000000
13 271 7 10831 4 2.000000000
13 384 7 10832 4 2.000000000
13 385 7 10833 4 2.000000000
13 386 7 10834 4 2.000000000
13 387 7 10835 4 2.000000000
13 388 7 10836 4 2.000000000
13 389 7 10837 4 2.000000000
13 390 7 10838 4 2.000000000
13 391 7 10839 4 2.000000000
13 392 7 10840 4 2.000000000
13 393 7 10841 4 2.000000000
13 394 7 10842 4 2.000000000
13 395 7 10843 4 2.000000000
13 396 7 10844 4 2.000000000
13 397 7 10845 4 2.000000000
13 398 7 10846 4 2.000000000
13 399 7 10847 4 2.000000000
14 0 7 10848 4 2.000000000
14 1 7 10849 4 2.000000000
14 2 7 10850 4 2.000000000
14 3 7 10851 4 2.000000000
14 4 7 10852 4 2.000000000
14 5 7 10853 4 2.000000000
14 6 7 10854 4 2.000000000
14 7 7 10855 4 2.000000000
14 128 7 10856 4 2.000000000
14 129 7 10857 4 2.000000000
14 130 7 10858 4 2.000000000
14 131 7 10859 4 2.000000000
14 132 7 10860 4 2.000000000
14 133 7 10861 4 2.000000000
14 134 7 10862 4 2.000000000
14 135 7 10863 4 2.000000000
14 136 7 10864 4 2.000000000
14 137 7 10865 4 2.000000000
14 138 7 10866 4 2.000000000
14 139 7 10867 4 2.000000000
14 140 7 10868 4 2.000000000
14 141 7 10869 4 2.000000000
14 142 7 10870 4 2.000000000
14 143 7 10871 4 2.000000000
14 256 7 10872 4 2.000000000
14 257 7 10873 4 2.000000000
14 258 7 10874 4 2.000000000
14 259 7 10875 4 2.000000000
14 260 7 10876 4 2.000000000
14 261 7 10877 4 2.000000000
14 262 7 10878 4 2.000000000
14 263 7 10879 4 2.000000000
14 264 7 10880 4 2.000000000
14 265 7 10881 4 2.000000000
14 266 7 10882 4 2.000000000
14 267 7 10883 4 2.000000000
14 268 7 10884 4 2.000000000
14 269 7 10885 4 2.000000000
14 270 7 10886 4 2.000000000
14 271 7 10887 4 2.000000000
14 384 7 10888 4 2.000000000
14 385 7 10889 4 2.000000000
14 386 7 10890 4 2.000000000
14 387 7 10891 4 2.000000000
14 388 7 10892 4 2.000000000
14 389 7 10893 4 2.000000000
14 390 7 10894 4 2.000000000
14 391 7 10895 4 2.000000000
14 392 7 10896 4 2.000000000
14 393 7 10897 4 2.000000000
14 394 7 10898 4 2.000000000
14 395 7 10899 4 2.000000000
14 396 7 10900 4 2.000000000
14 397 7 10901 4 2.000000000
14 398 7 10902 4 2.000000000
14 399 7 10903 4 2.000000000
15 0 7 10904 4 2.000000000
15 1 7 10905 4 2.000000000
15 2 7 10906 4 2.000000000
15 3 7 10907 4 2.000000000
15 4 7 10908 4 2.000000000
15 5 7 10909 4 2.000000000
15 6 7 10910 4 2.000000000
15 7 7 10911 4 2.000000000
15 128 7 10912 4 2.000000000
15 129 7 10913 4 2.000000000
15 130 7 10914 4 2.000000000
15 131 7 10915 4 2.000000000
15 132 7 10916 4 2.000000000
15 133 7 10917 4 2.000000000
15 134 7 10918 4 2.000000000
15 135 7 10919 4 2.000000000
15 136 7 10920 4 2.000000000
15 137 7 10921 4 2.000000000
15 138 7 10922 4 2.000000000
15 139 7 10923 4 2.000000000
15 140 7 10924 4 2.000000000
15 141 7 10925 4 2.000000000
15 142 7 10926 4 2.000000000
15 143 7 10927 4 2.000000000
15 256 7 10928 4 2.000000000
15 257 7 10929 4 2.000000000
15 258 7 10930 4 2.000000000
15 259 7 10931 4 2.000000000
15 260 7 10932 4 2.000000000
15 261 7 10933 4 2.000000000
15 262 7 10934 4 2.000000000
15 263 7 10935 4 2.000000000
15 264 7 10936 4 2.000000000
15 265 7 10937 4 2.000000000
15 266 7 10938 4 2.000000000
15 267 7 10939 4 2.000000000
15 268 7 10940 4 2.000000000
15 269 7 10941 4 2.000000000
15 270 7 10942 4 2.000000000
15 271 7 10943 4 2.000000000
15 384 7 10944 4 2.000000000
15 385 7 10945 4 2.000000000
15 386 7 10946 4 2.000000000
15 387 7 10947 4 2.000000000
15 388 7 10948 4 2.000000000
15 389 7 10949 4 2.000000000
15 390 7 10950 4 2.000000000
15 391 7 10951 4 2.000000000
15 392 7 10952 4 2.000000000
15 393 7 10953 4 2.000000000
15 394 7 10954 4 2.000000000
15 395 7 10955 4 2.000000000
15 396 7 10956 4 2.000000000
15 397 7 10957 4 2.000000000
15 398 7 10958 4 2.000000000
15 399 7 10959 4 2.000000000
