960
0 64 7 10000 64 2.000000000
1 65 7 10001 64 2.000000000
2 66 7 10002 64 2.000000000
3 67 7 10003 64 2.000000000
4 68 7 10004 64 2.000000000
5 69 7 10005 64 2.000000000
6 70 7 10006 64 2.000000000
7 71 7 10007 64 2.000000000
8 72 7 10008 64 2.000000000
9 73 7 10009 64 2.000000000
10 74 7 10010 64 2.000000000
11 75 7 10011 64 2.000000000
12 76 7 10012 64 2.000000000
13 77 7 10013 64 2.000000000
14 78 7 10014 64 2.000000000
15 79 7 10015 64 2.000000000
0 256 7 10016 64 2.000000000
8 264 7 10017 64 2.000000000
0 128 7 10018 64 2.000000000
8 136 7 10019 64 2.000000000
0 8 7 10020 64 2.000000000
8 0 7 10021 64 2.000000000
1 257 7 10022 64 2.000000000
9 265 7 10023 64 2.000000000
1 129 7 10024 64 2.000000000
9 137 7 10025 64 2.000000000
1 9 7 10026 64 2.000000000
9 1 7 10027 64 2.000000000
2 258 7 10028 64 2.000000000
10 266 7 10029 64 2.000000000
2 130 7 10030 64 2.000000000
10 138 7 10031 64 2.000000000
2 10 7 10032 64 2.000000000
10 2 7 10033 64 2.000000000
3 259 7 10034 64 2.000000000
11 267 7 10035 64 2.000000000
3 131 7 10036 64 2.000000000
11 139 7 10037 64 2.000000000
3 11 7 10038 64 2.000000000
11 3 7 10039 64 2.000000000
4 260 7 10040 64 2.000000000
12 268 7 10041 64 2.000000000
4 132 7 10042 64 2.000000000
12 140 7 10043 64 2.000000000
4 12 7 10044 64 2.000000000
12 4 7 10045 64 2.000000000
5 261 7 10046 64 2.000000000
13 269 7 10047 64 2.000000000
5 133 7 10048 64 2.000000000
13 141 7 10049 64 2.000000000
5 13 7 10050 64 2.000000000
13 5 7 10051 64 2.000000000
6 262 7 10052 64 2.000000000
14 270 7 10053 64 2.000000000
6 134 7 10054 64 2.000000000
14 142 7 10055 64 2.000000000
6 14 7 10056 64 2.000000000
14 6 7 10057 64 2.000000000
7 263 7 10058 64 2.000000000
15 271 7 10059 64 2.000000000
7 135 7 10060 64 2.000000000
15 143 7 10061 64 2.000000000
7 15 7 10062 64 2.000000000
15 7 7 10063 64 2.000000000
0 8 7 10064 64 2.000000000
0 9 7 10065 64 2.000000000
0 10 7 10066 64 2.000000000
0 11 7 10067 64 2.000000000
0 12 7 10068 64 2.000000000
0 13 7 10069 64 2.000000000
0 14 7 10070 64 2.000000000
0 15 7 10071 64 2.000000000
0 128 7 10072 64 2.000000000
0 129 7 10073 64 2.000000000
0 130 7 10074 64 2.000000000
0 131 7 10075 64 2.000000000
0 132 7 10076 64 2.000000000
0 133 7 10077 64 2.000000000
0 134 7 10078 64 2.000000000
0 135 7 10079 64 2.000000000
0 136 7 10080 64 2.000000000
0 137 7 10081 64 2.000000000
0 138 7 10082 64 2.000000000
0 139 7 10083 64 2.000000000
0 140 7 10084 64 2.000000000
0 141 7 10085 64 2.000000000
0 142 7 10086 64 2.000000000
0 143 7 10087 64 2.000000000
0 256 7 10088 64 2.000000000
0 257 7 10089 64 2.000000000
0 258 7 10090 64 2.000000000
0 259 7 10091 64 2.000000000
0 260 7 10092 64 2.000000000
0 261 7 10093 64 2.000000000
0 262 7 10094 64 2.000000000
0 263 7 10095 64 2.000000000
0 264 7 10096 64 2.000000000
0 265 7 10097 64 2.000000000
0 266 7 10098 64 2.000000000
0 267 7 10099 64 2.000000000
0 268 7 10100 64 2.000000000
0 269 7 10101 64 2.000000000
0 270 7 10102 64 2.000000000
0 271 7 10103 64 2.000000000
0 384 7 10104 64 2.000000000
0 385 7 10105 64 2.000000000
0 386 7 10106 64 2.000000000
0 387 7 10107 64 2.000000000
0 388 7 10108 64 2.000000000
0 389 7 10109 64 2.000000000
0 390 7 10110 64 2.000000000
0 391 7 10111 64 2.000000000
0 392 7 10112 64 2.000000000
0 393 7 10113 64 2.000000000
0 394 7 10114 64 2.000000000
0 395 7 10115 64 2.000000000
0 396 7 10116 64 2.000000000
0 397 7 10117 64 2.000000000
0 398 7 10118 64 2.000000000
0 399 7 10119 64 2.000000000
1 8 7 10120 64 2.000000000
1 9 7 10121 64 2.000000000
1 10 7 10122 64 2.000000000
1 11 7 10123 64 2.000000000
1 12 7 10124 64 2.000000000
1 13 7 10125 64 2.000000000
1 14 7 10126 64 2.000000000
1 15 7 10127 64 2.000000000
1 128 7 10128 64 2.000000000
1 129 7 10129 64 2.000000000
1 130 7 10130 64 2.000000000
1 131 7 10131 64 2.000000000
1 132 7 10132 64 2.000000000
1 133 7 10133 64 2.000000000
1 134 7 10134 64 2.000000000
1 135 7 10135 64 2.000000000
1 136 7 10136 64 2.000000000
1 137 7 10137 64 2.000000000
1 138 7 10138 64 2.000000000
1 139 7 10139 64 2.000000000
1 140 7 10140 64 2.000000000
1 141 7 10141 64 2.000000000
1 142 7 10142 64 2.000000000
1 143 7 10143 64 2.000000000
1 256 7 10144 64 2.000000000
1 257 7 10145 64 2.000000000
1 258 7 10146 64 2.000000000
1 259 7 10147 64 2.000000000
1 260 7 10148 64 2.000000000
1 261 7 10149 64 2.000000000
1 262 7 10150 64 2.000000000
1 263 7 10151 64 2.000000000
1 264 7 10152 64 2.000000000
1 265 7 10153 64 2.000000000
1 266 7 10154 64 2.000000000
1 267 7 10155 64 2.000000000
1 268 7 10156 64 2.000000000
1 269 7 10157 64 2.000000000
1 270 7 10158 64 2.000000000
1 271 7 10159 64 2.000000000
1 384 7 10160 64 2.000000000
1 385 7 10161 64 2.000000000
1 386 7 10162 64 2.000000000
1 387 7 10163 64 2.000000000
1 388 7 10164 64 2.000000000
1 389 7 10165 64 2.000000000
1 390 7 10166 64 2.000000000
1 391 7 10167 64 2.000000000
1 392 7 10168 64 2.000000000
1 393 7 10169 64 2.000000000
1 394 7 10170 64 2.000000000
1 395 7 10171 64 2.000000000
1 396 7 10172 64 2.000000000
1 397 7 10173 64 2.000000000
1 398 7 10174 64 2.000000000
1 399 7 10175 64 2.000000000
2 8 7 10176 64 2.000000000
2 9 7 10177 64 2.000000000
2 10 7 10178 64 2.000000000
2 11 7 10179 64 2.000000000
2 12 7 10180 64 2.000000000
2 13 7 10181 64 2.000000000
2 14 7 10182 64 2.000000000
2 15 7 10183 64 2.000000000
2 128 7 10184 64 2.000000000
2 129 7 10185 64 2.000000000
2 130 7 10186 64 2.000000000
2 131 7 10187 64 2.000000000
2 132 7 10188 64 2.000000000
2 133 7 10189 64 2.000000000
2 134 7 10190 64 2.000000000
2 135 7 10191 64 2.000000000
2 136 7 10192 64 2.000000000
2 137 7 10193 64 2.000000000
2 138 7 10194 64 2.000000000
2 139 7 10195 64 2.000000000
2 140 7 10196 64 2.000000000
2 141 7 10197 64 2.000000000
2 142 7 10198 64 2.000000000
2 143 7 10199 64 2.000000000
2 256 7 10200 64 2.000000000
2 257 7 10201 64 2.000000000
2 258 7 10202 64 2.000000000
2 259 7 10203 64 2.000000000
2 260 7 10204 64 2.000000000
2 261 7 10205 64 2.000000000
2 262 7 10206 64 2.000000000
2 263 7 10207 64 2.000000000
2 264 7 10208 64 2.000000000
2 265 7 10209 64 2.000000000
2 266 7 10210 64 2.000000000
2 267 7 10211 64 2.000000000
2 268 7 10212 64 2.000000000
2 269 7 10213 64 2.000000000
2 270 7 10214 64 2.000000000
2 271 7 10215 64 2.000000000
2 384 7 10216 64 2.000000000
2 385 7 10217 64 2.000000000
2 386 7 10218 64 2.000000000
2 387 7 10219 64 2.000000000
2 388 7 10220 64 2.000000000
2 389 7 10221 64 2.000000000
2 390 7 10222 64 2.000000000
2 391 7 10223 64 2.000000000
2 392 7 10224 64 2.000000000
2 393 7 10225 64 2.000000000
2 394 7 10226 64 2.000000000
2 395 7 10227 64 2.000000000
2 396 7 10228 64 2.000000000
2 397 7 10229 64 2.000000000
2 398 7 10230 64 2.000000000
2 399 7 10231 64 2.000000000
3 8 7 10232 64 2.000000000
3 9 7 10233 64 2.000000000
3 10 7 10234 64 2.000000000
3 11 7 10235 64 2.000000000
3 12 7 10236 64 2.000000000
3 13 7 10237 64 2.000000000
3 14 7 10238 64 2.000000000
3 15 7 10239 64 2.000000000
3 128 7 10240 64 2.000000000
3 129 7 10241 64 2.000000000
3 130 7 10242 64 2.000000000
3 131 7 10243 64 2.000000000
3 132 7 10244 64 2.000000000
3 133 7 10245 64 2.000000000
3 134 7 10246 64 2.000000000
3 135 7 10247 64 2.000000000
3 136 7 10248 64 2.000000000
3 137 7 10249 64 2.000000000
3 138 7 10250 64 2.000000000
3 139 7 10251 64 2.000000000
3 140 7 10252 64 2.000000000
3 141 7 10253 64 2.000000000
3 142 7 10254 64 2.000000000
3 143 7 10255 64 2.000000000
3 256 7 10256 64 2.000000000
3 257 7 10257 64 2.000000000
3 258 7 10258 64 2.000000000
3 259 7 10259 64 2.000000000
3 260 7 10260 64 2.000000000
3 261 7 10261 64 2.000000000
3 262 7 10262 64 2.000000000
3 263 7 10263 64 2.000000000
3 264 7 10264 64 2.000000000
3 265 7 10265 64 2.000000000
3 266 7 10266 64 2.000000000
3 267 7 10267 64 2.000000000
3 268 7 10268 64 2.000000000
3 269 7 10269 64 2.000000000
3 270 7 10270 64 2.000000000
3 271 7 10271 64 2.000000000
3 384 7 10272 64 2.000000000
3 385 7 10273 64 2.000000000
3 386 7 10274 64 2.000000000
3 387 7 10275 64 2.000000000
3 388 7 10276 64 2.000000000
3 389 7 10277 64 2.000000000
3 390 7 10278 64 2.000000000
3 391 7 10279 64 2.000000000
3 392 7 10280 64 2.000000000
3 393 7 10281 64 2.000000000
3 394 7 10282 64 2.000000000
3 395 7 10283 64 2.000000000
3 396 7 10284 64 2.000000000
3 397 7 10285 64 2.000000000
3 398 7 10286 64 2.000000000
3 399 7 10287 64 2.000000000
4 8 7 10288 64 2.000000000
4 9 7 10289 64 2.000000000
4 10 7 10290 64 2.000000000
4 11 7 10291 64 2.000000000
4 12 7 10292 64 2.000000000
4 13 7 10293 64 2.000000000
4 14 7 10294 64 2.000000000
4 15 7 10295 64 2.000000000
4 128 7 10296 64 2.000000000
4 129 7 10297 64 2.000000000
4 130 7 10298 64 2.000000000
4 131 7 10299 64 2.000000000
4 132 7 10300 64 2.000000000
4 133 7 10301 64 2.000000000
4 134 7 10302 64 2.000000000
4 135 7 10303 64 2.000000000
4 136 7 10304 64 2.000000000
4 137 7 10305 64 2.000000000
4 138 7 10306 64 2.000000000
4 139 7 10307 64 2.000000000
4 140 7 10308 64 2.000000000
4 141 7 10309 64 2.000000000
4 142 7 10310 64 2.000000000
4 143 7 10311 64 2.000000000
4 256 7 10312 64 2.000000000
4 257 7 10313 64 2.000000000
4 258 7 10314 64 2.000000000
4 259 7 10315 64 2.000000000
4 260 7 10316 64 2.000000000
4 261 7 10317 64 2.000000000
4 262 7 10318 64 2.000000000
4 263 7 10319 64 2.000000000
4 264 7 10320 64 2.000000000
4 265 7 10321 64 2.000000000
4 266 7 10322 64 2.000000000
4 267 7 10323 64 2.000000000
4 268 7 10324 64 2.000000000
4 269 7 10325 64 2.000000000
4 270 7 10326 64 2.000000000
4 271 7 10327 64 2.000000000
4 384 7 10328 64 2.000000000
4 385 7 10329 64 2.000000000
4 386 7 10330 64 2.000000000
4 387 7 10331 64 2.000000000
4 388 7 10332 64 2.000000000
4 389 7 10333 64 2.000000000
4 390 7 10334 64 2.000000000
4 391 7 10335 64 2.000000000
4 392 7 10336 64 2.000000000
4 393 7 10337 64 2.000000000
4 394 7 10338 64 2.000000000
4 395 7 10339 64 2.000000000
4 396 7 10340 64 2.000000000
4 397 7 10341 64 2.000000000
4 398 7 10342 64 2.000000000
4 399 7 10343 64 2.000000000
5 8 7 10344 64 2.000000000
5 9 7 10345 64 2.000000000
5 10 7 10346 64 2.000000000
5 11 7 10347 64 2.000000000
5 12 7 10348 64 2.000000000
5 13 7 10349 64 2.000000000
5 14 7 10350 64 2.000000000
5 15 7 10351 64 2.000000000
5 128 7 10352 64 2.000000000
5 129 7 10353 64 2.000000000
5 130 7 10354 64 2.000000000
5 131 7 10355 64 2.000000000
5 132 7 10356 64 2.000000000
5 133 7 10357 64 2.000000000
5 134 7 10358 64 2.000000000
5 135 7 10359 64 2.000000000
5 136 7 10360 64 2.000000000
5 137 7 10361 64 2.000000000
5 138 7 10362 64 2.000000000
5 139 7 10363 64 2.000000000
5 140 7 10364 64 2.000000000
5 141 7 10365 64 2.000000000
5 142 7 10366 64 2.000000000
5 143 7 10367 64 2.000000000
5 256 7 10368 64 2.000000000
5 257 7 10369 64 2.000000000
5 258 7 10370 64 2.000000000
5 259 7 10371 64 2.000000000
5 260 7 10372 64 2.000000000
5 261 7 10373 64 2.000000000
5 262 7 10374 64 2.000000000
5 263 7 10375 64 2.000000000
5 264 7 10376 64 2.000000000
5 265 7 10377 64 2.000000000
5 266 7 10378 64 2.000000000
5 267 7 10379 64 2.000000000
5 268 7 10380 64 2.000000000
5 269 7 10381 64 2.000000000
5 270 7 10382 64 2.000000000
5 271 7 10383 64 2.000000000
5 384 7 10384 64 2.000000000
5 385 7 10385 64 2.000000000
5 386 7 10386 64 2.000000000
5 387 7 10387 64 2.000000000
5 388 7 10388 64 2.000000000
5 389 7 10389 64 2.000000000
5 390 7 10390 64 2.000000000
5 391 7 10391 64 2.000000000
5 392 7 10392 64 2.000000000
5 393 7 10393 64 2.000000000
5 394 7 10394 64 2.000000000
5 395 7 10395 64 2.000000000
5 396 7 10396 64 2.000000000
5 397 7 10397 64 2.000000000
5 398 7 10398 64 2.000000000
5 399 7 10399 64 2.000000000
6 8 7 10400 64 2.000000000
6 9 7 10401 64 2.000000000
6 10 7 10402 64 2.000000000
6 11 7 10403 64 2.000000000
6 12 7 10404 64 2.000000000
6 13 7 10405 64 2.000000000
6 14 7 10406 64 2.000000000
6 15 7 10407 64 2.000000000
6 128 7 10408 64 2.000000000
6 129 7 10409 64 2.000000000
6 130 7 10410 64 2.000000000
6 131 7 10411 64 2.000000000
6 132 7 10412 64 2.000000000
6 133 7 10413 64 2.000000000
6 134 7 10414 64 2.000000000
6 135 7 10415 64 2.000000000
6 136 7 10416 64 2.000000000
6 137 7 10417 64 2.000000000
6 138 7 10418 64 2.000000000
6 139 7 10419 64 2.000000000
6 140 7 10420 64 2.000000000
6 141 7 10421 64 2.000000000
6 142 7 10422 64 2.000000000
6 143 7 10423 64 2.000000000
6 256 7 10424 64 2.000000000
6 257 7 10425 64 2.000000000
6 258 7 10426 64 2.000000000
6 259 7 10427 64 2.000000000
6 260 7 10428 64 2.000000000
6 261 7 10429 64 2.000000000
6 262 7 10430 64 2.000000000
6 263 7 10431 64 2.000000000
6 264 7 10432 64 2.000000000
6 265 7 10433 64 2.000000000
6 266 7 10434 64 2.000000000
6 267 7 10435 64 2.000000000
6 268 7 10436 64 2.000000000
6 269 7 10437 64 2.000000000
6 270 7 10438 64 2.000000000
6 271 7 10439 64 2.000000000
6 384 7 10440 64 2.000000000
6 385 7 10441 64 2.000000000
6 386 7 10442 64 2.000000000
6 387 7 10443 64 2.000000000
6 388 7 10444 64 2.000000000
6 389 7 10445 64 2.000000000
6 390 7 10446 64 2.000000000
6 391 7 10447 64 2.000000000
6 392 7 10448 64 2.000000000
6 393 7 10449 64 2.000000000
6 394 7 10450 64 2.000000000
6 395 7 10451 64 2.000000000
6 396 7 10452 64 2.000000000
6 397 7 10453 64 2.000000000
6 398 7 10454 64 2.000000000
6 399 7 10455 64 2.000000000
7 8 7 10456 64 2.000000000
7 9 7 10457 64 2.000000000
7 10 7 10458 64 2.000000000
7 11 7 10459 64 2.000000000
7 12 7 10460 64 2.000000000
7 13 7 10461 64 2.000000000
7 14 7 10462 64 2.000000000
7 15 7 10463 64 2.000000000
7 128 7 10464 64 2.000000000
7 129 7 10465 64 2.000000000
7 130 7 10466 64 2.000000000
7 131 7 10467 64 2.000000000
7 132 7 10468 64 2.000000000
7 133 7 10469 64 2.000000000
7 134 7 10470 64 2.000000000
7 135 7 10471 64 2.000000000
7 136 7 10472 64 2.000000000
7 137 7 10473 64 2.000000000
7 138 7 10474 64 2.000000000
7 139 7 10475 64 2.000000000
7 140 7 10476 64 2.000000000
7 141 7 10477 64 2.000000000
7 142 7 10478 64 2.000000000
7 143 7 10479 64 2.000000000
7 256 7 10480 64 2.000000000
7 257 7 10481 64 2.000000000
7 258 7 10482 64 2.000000000
7 259 7 10483 64 2.000000000
7 260 7 10484 64 2.000000000
7 261 7 10485 64 2.000000000
7 262 7 10486 64 2.000000000
7 263 7 10487 64 2.000000000
7 264 7 10488 64 2.000000000
7 265 7 10489 64 2.000000000
7 266 7 10490 64 2.000000000
7 267 7 10491 64 2.000000000
7 268 7 10492 64 2.000000000
7 269 7 10493 64 2.000000000
7 270 7 10494 64 2.000000000
7 271 7 10495 64 2.000000000
7 384 7 10496 64 2.000000000
7 385 7 10497 64 2.000000000
7 386 7 10498 64 2.000000000
7 387 7 10499 64 2.000000000
7 388 7 10500 64 2.000000000
7 389 7 10501 64 2.000000000
7 390 7 10502 64 2.000000000
7 391 7 10503 64 2.000000000
7 392 7 10504 64 2.000000000
7 393 7 10505 64 2.000000000
7 394 7 10506 64 2.000000000
7 395 7 10507 64 2.000000000
7 396 7 10508 64 2.000000000
7 397 7 10509 64 2.000000000
7 398 7 10510 64 2.000000000
7 399 7 10511 64 2.000000000
8 0 7 10512 64 2.000000000
8 1 7 10513 64 2.000000000
8 2 7 10514 64 2.000000000
8 3 7 10515 64 2.000000000
8 4 7 10516 64 2.000000000
8 5 7 10517 64 2.000000000
8 6 7 10518 64 2.000000000
8 7 7 10519 64 2.000000000
8 128 7 10520 64 2.000000000
8 129 7 10521 64 2.000000000
8 130 7 10522 64 2.000000000
8 131 7 10523 64 2.000000000
8 132 7 10524 64 2.000000000
8 133 7 10525 64 2.000000000
8 134 7 10526 64 2.000000000
8 135 7 10527 64 2.000000000
8 136 7 10528 64 2.000000000
8 137 7 10529 64 2.000000000
8 138 7 10530 64 2.000000000
8 139 7 10531 64 2.000000000
8 140 7 10532 64 2.000000000
8 141 7 10533 64 2.000000000
8 142 7 10534 64 2.000000000
8 143 7 10535 64 2.000000000
8 256 7 10536 64 2.000000000
8 257 7 10537 64 2.000000000
8 258 7 10538 64 2.000000000
8 259 7 10539 64 2.000000000
8 260 7 10540 64 2.000000000
8 261 7 10541 64 2.000000000
8 262 7 10542 64 2.000000000
8 263 7 10543 64 2.000000000
8 264 7 10544 64 2.000000000
8 265 7 10545 64 2.000000000
8 266 7 10546 64 2.000000000
8 267 7 10547 64 2.000000000
8 268 7 10548 64 2.000000000
8 269 7 10549 64 2.000000000
8 270 7 10550 64 2.000000000
8 271 7 10551 64 2.000000000
8 384 7 10552 64 2.000000000
8 385 7 10553 64 2.000000000
8 386 7 10554 64 2.000000000
8 387 7 10555 64 2.000000000
8 388 7 10556 64 2.000000000
8 389 7 10557 64 2.000000000
8 390 7 10558 64 2.000000000
8 391 7 10559 64 2.000000000
8 392 7 10560 64 2.000000000
8 393 7 10561 64 2.000000000
8 394 7 10562 64 2.000000000
8 395 7 10563 64 2.000000000
8 396 7 10564 64 2.000000000
8 397 7 10565 64 2.000000000
8 398 7 10566 64 2.000000000
8 399 7 10567 64 2.000000000
9 0 7 10568 64 2.000000000
9 1 7 10569 64 2.000000000
9 2 7 10570 64 2.000000000
9 3 7 10571 64 2.000000000
9 4 7 10572 64 2.000000000
9 5 7 10573 64 2.000000000
9 6 7 10574 64 2.000000000
9 7 7 10575 64 2.000000000
9 128 7 10576 64 2.000000000
9 129 7 10577 64 2.000000000
9 130 7 10578 64 2.000000000
9 131 7 10579 64 2.000000000
9 132 7 10580 64 2.000000000
9 133 7 10581 64 2.000000000
9 134 7 10582 64 2.000000000
9 135 7 10583 64 2.000000000
9 136 7 10584 64 2.000000000
9 137 7 10585 64 2.000000000
9 138 7 10586 64 2.000000000
9 139 7 10587 64 2.000000000
9 140 7 10588 64 2.000000000
9 141 7 10589 64 2.000000000
9 142 7 10590 64 2.000000000
9 143 7 10591 64 2.000000000
9 256 7 10592 64 2.000000000
9 257 7 10593 64 2.000000000
9 258 7 10594 64 2.000000000
9 259 7 10595 64 2.000000000
9 260 7 10596 64 2.000000000
9 261 7 10597 64 2.000000000
9 262 7 10598 64 2.000000000
9 263 7 10599 64 2.000000000
9 264 7 10600 64 2.000000000
9 265 7 10601 64 2.000000000
9 266 7 10602 64 2.000000000
9 267 7 10603 64 2.000000000
9 268 7 10604 64 2.000000000
9 269 7 10605 64 2.000000000
9 270 7 10606 64 2.000000000
9 271 7 10607 64 2.000000000
9 384 7 10608 64 2.000000000
9 385 7 10609 64 2.000000000
9 386 7 10610 64 2.000000000
9 387 7 10611 64 2.000000000
9 388 7 10612 64 2.000000000
9 389 7 10613 64 2.000000000
9 390 7 10614 64 2.000000000
9 391 7 10615 64 2.000000000
9 392 7 10616 64 2.000000000
9 393 7 10617 64 2.000000000
9 394 7 10618 64 2.000000000
9 395 7 10619 64 2.000000000
9 396 7 10620 64 2.000000000
9 397 7 10621 64 2.000000000
9 398 7 10622 64 2.000000000
9 399 7 10623 64 2.000000000
10 0 7 10624 64 2.000000000
10 1 7 10625 64 2.000000000
10 2 7 10626 64 2.000000000
10 3 7 10627 64 2.000000000
10 4 7 10628 64 2.000000000
10 5 7 10629 64 2.000000000
10 6 7 10630 64 2.000000000
10 7 7 10631 64 2.000000000
10 128 7 10632 64 2.000000000
10 129 7 10633 64 2.000000000
10 130 7 10634 64 2.000000000
10 131 7 10635 64 2.000000000
10 132 7 10636 64 2.000000000
10 133 7 10637 64 2.000000000
10 134 7 10638 64 2.000000000
10 135 7 10639 64 2.000000000
10 136 7 10640 64 2.000000000
10 137 7 10641 64 2.000000000
10 138 7 10642 64 2.000000000
10 139 7 10643 64 2.000000000
10 140 7 10644 64 2.000000000
10 141 7 10645 64 2.000000000
10 142 7 10646 64 2.000000000
10 143 7 10647 64 2.000000000
10 256 7 10648 64 2.000000000
10 257 7 10649 64 2.000000000
10 258 7 10650 64 2.000000000
10 259 7 10651 64 2.000000000
10 260 7 10652 64 2.000000000
10 261 7 10653 64 2.000000000
10 262 7 10654 64 2.000000000
10 263 7 10655 64 2.000000000
10 264 7 10656 64 2.000000000
10 265 7 10657 64 2.000000000
10 266 7 10658 64 2.000000000
10 267 7 10659 64 2.000000000
10 268 7 10660 64 2.000000000
10 269 7 10661 64 2.000000000
10 270 7 10662 64 2.000000000
10 271 7 10663 64 2.000000000
10 384 7 10664 64 2.000000000
10 385 7 10665 64 2.000000000
10 386 7 10666 64 2.000000000
10 387 7 10667 64 2.000000000
10 388 7 10668 64 2.000000000
10 389 7 10669 64 2.000000000
10 390 7 10670 64 2.000000000
10 391 7 10671 64 2.000000000
10 392 7 10672 64 2.000000000
10 393 7 10673 64 2.000000000
10 394 7 10674 64 2.000000000
10 395 7 10675 64 2.000000000
10 396 7 10676 64 2.000000000
10 397 7 10677 64 2.000000000
10 398 7 10678 64 2.000000000
10 399 7 10679 64 2.000000000
11 0 7 10680 64 2.000000000
11 1 7 10681 64 2.000000000
11 2 7 10682 64 2.000000000
11 3 7 10683 64 2.000000000
11 4 7 10684 64 2.000000000
11 5 7 10685 64 2.000000000
11 6 7 10686 64 2.000000000
11 7 7 10687 64 2.000000000
11 128 7 10688 64 2.000000000
11 129 7 10689 64 2.000000000
11 130 7 10690 64 2.000000000
11 131 7 10691 64 2.000000000
11 132 7 10692 64 2.000000000
11 133 7 10693 64 2.000000000
11 134 7 10694 64 2.000000000
11 135 7 10695 64 2.000000000
11 136 7 10696 64 2.000000000
11 137 7 10697 64 2.000000000
11 138 7 10698 64 2.000000000
11 139 7 10699 64 2.000000000
11 140 7 10700 64 2.000000000
11 141 7 10701 64 2.000000000
11 142 7 10702 64 2.000000000
11 143 7 10703 64 2.000000000
11 256 7 10704 64 2.000000000
11 257 7 10705 64 2.000000000
11 258 7 10706 64 2.000000000
11 259 7 10707 64 2.000000000
11 260 7 10708 64 2.000000000
11 261 7 10709 64 2.000000000
11 262 7 10710 64 2.000000000
11 263 7 10711 64 2.000000000
11 264 7 10712 64 2.000000000
11 265 7 10713 64 2.000000000
11 266 7 10714 64 2.000000000
11 267 7 10715 64 2.000000000
11 268 7 10716 64 2.000000000
11 269 7 10717 64 2.000000000
11 270 7 10718 64 2.000000000
11 271 7 10719 64 2.000000000
11 384 7 10720 64 2.000000000
11 385 7 10721 64 2.000000000
11 386 7 10722 64 2.000000000
11 387 7 10723 64 2.000000000
11 388 7 10724 64 2.000000000
11 389 7 10725 64 2.000000000
11 390 7 10726 64 2.000000000
11 391 7 10727 64 2.000000000
11 392 7 10728 64 2.000000000
11 393 7 10729 64 2.000000000
11 394 7 10730 64 2.000000000
11 395 7 10731 64 2.000000000
11 396 7 10732 64 2.000000000
11 397 7 10733 64 2.000000000
11 398 7 10734 64 2.000000000
11 399 7 10735 64 2.000000000
12 0 7 10736 64 2.000000000
12 1 7 10737 64 2.000000000
12 2 7 10738 64 2.000000000
12 3 7 10739 64 2.000000000
12 4 7 10740 64 2.000000000
12 5 7 10741 64 2.000000000
12 6 7 10742 64 2.000000000
12 7 7 10743 64 2.000000000
12 128 7 10744 64 2.000000000
12 129 7 10745 64 2.000000000
12 130 7 10746 64 2.000000000
12 131 7 10747 64 2.000000000
12 132 7 10748 64 2.000000000
12 133 7 10749 64 2.000000000
12 134 7 10750 64 2.000000000
12 135 7 10751 64 2.000000000
12 136 7 10752 64 2.000000000
12 137 7 10753 64 2.000000000
12 138 7 10754 64 2.000000000
12 139 7 10755 64 2.000000000
12 140 7 10756 64 2.000000000
12 141 7 10757 64 2.000000000
12 142 7 10758 64 2.000000000
12 143 7 10759 64 2.000000000
12 256 7 10760 64 2.000000000
12 257 7 10761 64 2.000000000
12 258 7 10762 64 2.000000000
12 259 7 10763 64 2.000000000
12 260 7 10764 64 2.000000000
12 261 7 10765 64 2.000000000
12 262 7 10766 64 2.000000000
12 263 7 10767 64 2.000000000
12 264 7 10768 64 2.000000000
12 265 7 10769 64 2.000000000
12 266 7 10770 64 2.000000000
12 267 7 10771 64 2.000000000
12 268 7 10772 64 2.000000000
12 269 7 10773 64 2.000000000
12 270 7 10774 64 2.000000000
12 271 7 10775 64 2.000000000
12 384 7 10776 64 2.000000000
12 385 7 10777 64 2.000000000
12 386 7 10778 64 2.000000000
12 387 7 10779 64 2.000000000
12 388 7 10780 64 2.000000000
12 389 7 10781 64 2.000000000
12 390 7 10782 64 2.000000000
12 391 7 10783 64 2.000000000
12 392 7 10784 64 2.000000000
12 393 7 10785 64 2.000000000
12 394 7 10786 64 2.000000000
12 395 7 10787 64 2.000000000
12 396 7 10788 64 2.000000000
12 397 7 10789 64 2.000000000
12 398 7 10790 64 2.000000000
12 399 7 10791 64 2.000000000
13 0 7 10792 64 2.000000000
13 1 7 10793 64 2.000000000
13 2 7 10794 64 2.000000000
13 3 7 10795 64 2.000000000
13 4 7 10796 64 2.000000000
13 5 7 10797 64 2.000000000
13 6 7 10798 64 2.000000000
13 7 7 10799 64 2.000000000
13 128 7 10800 64 2.000000000
13 129 7 10801 64 2.000000000
13 130 7 10802 64 2.000000000
13 131 7 10803 64 2.000000000
13 132 7 10804 64 2.000000000
13 133 7 10805 64 2.000000000
13 134 7 10806 64 2.000000000
13 135 7 10807 64 2.000000000
13 136 7 10808 64 2.000000000
13 137 7 10809 64 2.000000000
13 138 7 10810 64 2.000000000
13 139 7 10811 64 2.000000000
13 140 7 10812 64 2.000000000
13 141 7 10813 64 2.000000000
13 142 7 10814 64 2.000000000
13 143 7 10815 64 2.000000000
13 256 7 10816 64 2.000000000
13 257 7 10817 64 2.000000000
13 258 7 10818 64 2.000000000
13 259 7 10819 64 2.000000000
13 260 7 10820 64 2.000000000
13 261 7 10821 64 2.000000000
13 262 7 10822 64 2.000000000
13 263 7 10823 64 2.000000000
13 264 7 10824 64 2.000000000
13 265 7 10825 64 2.000000000
13 266 7 10826 64 2.000000000
13 267 7 10827 64 2.000000000
13 268 7 10828 64 2.000000000
13 269 7 10829 64 2.000000000
13 270 7 10830 64 2.000000000
13 271 7 10831 64 2.000000000
13 384 7 10832 64 2.000000000
13 385 7 10833 64 2.000000000
13 386 7 10834 64 2.000000000
13 387 7 10835 64 2.000000000
13 388 7 10836 64 2.000000000
13 389 7 10837 64 2.000000000
13 390 7 10838 64 2.000000000
13 391 7 10839 64 2.000000000
13 392 7 10840 64 2.000000000
13 393 7 10841 64 2.000000000
13 394 7 10842 64 2.000000000
13 395 7 10843 64 2.000000000
13 396 7 10844 64 2.000000000
13 397 7 10845 64 2.000000000
13 398 7 10846 64 2.000000000
13 399 7 10847 64 2.000000000
14 0 7 10848 64 2.000000000
14 1 7 10849 64 2.000000000
14 2 7 10850 64 2.000000000
14 3 7 10851 64 2.000000000
14 4 7 10852 64 2.000000000
14 5 7 10853 64 2.000000000
14 6 7 10854 64 2.000000000
14 7 7 10855 64 2.000000000
14 128 7 10856 64 2.000000000
14 129 7 10857 64 2.000000000
14 130 7 10858 64 2.000000000
14 131 7 10859 64 2.000000000
14 132 7 10860 64 2.000000000
14 133 7 10861 64 2.000000000
14 134 7 10862 64 2.000000000
14 135 7 10863 64 2.000000000
14 136 7 10864 64 2.000000000
14 137 7 10865 64 2.000000000
14 138 7 10866 64 2.000000000
14 139 7 10867 64 2.000000000
14 140 7 10868 64 2.000000000
14 141 7 10869 64 2.000000000
14 142 7 10870 64 2.000000000
14 143 7 10871 64 2.000000000
14 256 7 10872 64 2.000000000
14 257 7 10873 64 2.000000000
14 258 7 10874 64 2.000000000
14 259 7 10875 64 2.000000000
14 260 7 10876 64 2.000000000
14 261 7 10877 64 2.000000000
14 262 7 10878 64 2.000000000
14 263 7 10879 64 2.000000000
14 264 7 10880 64 2.000000000
14 265 7 10881 64 2.000000000
14 266 7 10882 64 2.000000000
14 267 7 10883 64 2.000000000
14 268 7 10884 64 2.000000000
14 269 7 10885 64 2.000000000
14 270 7 10886 64 2.000000000
14 271 7 10887 64 2.000000000
14 384 7 10888 64 2.000000000
14 385 7 10889 64 2.000000000
14 386 7 10890 64 2.000000000
14 387 7 10891 64 2.000000000
14 388 7 10892 64 2.000000000
14 389 7 10893 64 2.000000000
14 390 7 10894 64 2.000000000
14 391 7 10895 64 2.000000000
14 392 7 10896 64 2.000000000
14 393 7 10897 64 2.000000000
14 394 7 10898 64 2.000000000
14 395 7 10899 64 2.000000000
14 396 7 10900 64 2.000000000
14 397 7 10901 64 2.000000000
14 398 7 10902 64 2.000000000
14 399 7 10903 64 2.000000000
15 0 7 10904 64 2.000000000
15 1 7 10905 64 2.000000000
15 2 7 10906 64 2.000000000
15 3 7 10907 64 2.000000000
15 4 7 10908 64 2.000000000
15 5 7 10909 64 2.000000000
15 6 7 10910 64 2.000000000
15 7 7 10911 64 2.000000000
15 128 7 10912 64 2.000000000
15 129 7 10913 64 2.000000000
15 130 7 10914 64 2.000000000
15 131 7 10915 64 2.000000000
15 132 7 10916 64 2.000000000
15 133 7 10917 64 2.000000000
15 134 7 10918 64 2.000000000
15 135 7 10919 64 2.000000000
15 136 7 10920 64 2.000000000
15 137 7 10921 64 2.000000000
15 138 7 10922 64 2.000000000
15 139 7 10923 64 2.000000000
15 140 7 10924 64 2.000000000
15 141 7 10925 64 2.000000000
15 142 7 10926 64 2.000000000
15 143 7 10927 64 2.000000000
15 256 7 10928 64 2.000000000
15 257 7 10929 64 2.000000000
15 258 7 10930 64 2.000000000
15 259 7 10931 64 2.000000000
15 260 7 10932 64 2.000000000
15 261 7 10933 64 2.000000000
15 262 7 10934 64 2.000000000
15 263 7 10935 64 2.000000000
15 264 7 10936 64 2.000000000
15 265 7 10937 64 2.000000000
15 266 7 10938 64 2.000000000
15 267 7 10939 64 2.000000000
15 268 7 10940 64 2.000000000
15 269 7 10941 64 2.000000000
15 270 7 10942 64 2.000000000
15 271 7 10943 64 2.000000000
15 384 7 10944 64 2.000000000
15 385 7 10945 64 2.000000000
15 386 7 10946 64 2.000000000
15 387 7 10947 64 2.000000000
15 388 7 10948 64 2.000000000
15 389 7 10949 64 2.000000000
15 390 7 10950 64 2.000000000
15 391 7 10951 64 2.000000000
15 392 7 10952 64 2.000000000
15 393 7 10953 64 2.000000000
15 394 7 10954 64 2.000000000
15 395 7 10955 64 2.000000000
15 396 7 10956 64 2.000000000
15 397 7 10957 64 2.000000000
15 398 7 10958 64 2.000000000
15 399 7 10959 64 2.000000000
