960
0 64 7 10000 2 2.000000000
1 65 7 10001 2 2.000000000
2 66 7 10002 2 2.000000000
3 67 7 10003 2 2.000000000
4 68 7 10004 2 2.000000000
5 69 7 10005 2 2.000000000
6 70 7 10006 2 2.000000000
7 71 7 10007 2 2.000000000
8 72 7 10008 2 2.000000000
9 73 7 10009 2 2.000000000
10 74 7 10010 2 2.000000000
11 75 7 10011 2 2.000000000
12 76 7 10012 2 2.000000000
13 77 7 10013 2 2.000000000
14 78 7 10014 2 2.000000000
15 79 7 10015 2 2.000000000
0 256 7 10016 2 2.000000000
8 264 7 10017 2 2.000000000
0 128 7 10018 2 2.000000000
8 136 7 10019 2 2.000000000
0 8 7 10020 2 2.000000000
8 0 7 10021 2 2.000000000
1 257 7 10022 2 2.000000000
9 265 7 10023 2 2.000000000
1 129 7 10024 2 2.000000000
9 137 7 10025 2 2.000000000
1 9 7 10026 2 2.000000000
9 1 7 10027 2 2.000000000
2 258 7 10028 2 2.000000000
10 266 7 10029 2 2.000000000
2 130 7 10030 2 2.000000000
10 138 7 10031 2 2.000000000
2 10 7 10032 2 2.000000000
10 2 7 10033 2 2.000000000
3 259 7 10034 2 2.000000000
11 267 7 10035 2 2.000000000
3 131 7 10036 2 2.000000000
11 139 7 10037 2 2.000000000
3 11 7 10038 2 2.000000000
11 3 7 10039 2 2.000000000
4 260 7 10040 2 2.000000000
12 268 7 10041 2 2.000000000
4 132 7 10042 2 2.000000000
12 140 7 10043 2 2.000000000
4 12 7 10044 2 2.000000000
12 4 7 10045 2 2.000000000
5 261 7 10046 2 2.000000000
13 269 7 10047 2 2.000000000
5 133 7 10048 2 2.000000000
13 141 7 10049 2 2.000000000
5 13 7 10050 2 2.000000000
13 5 7 10051 2 2.000000000
6 262 7 10052 2 2.000000000
14 270 7 10053 2 2.000000000
6 134 7 10054 2 2.000000000
14 142 7 10055 2 2.000000000
6 14 7 10056 2 2.000000000
14 6 7 10057 2 2.000000000
7 263 7 10058 2 2.000000000
15 271 7 10059 2 2.000000000
7 135 7 10060 2 2.000000000
15 143 7 10061 2 2.000000000
7 15 7 10062 2 2.000000000
15 7 7 10063 2 2.000000000
0 8 7 10064 2 2.000000000
0 9 7 10065 2 2.000000000
0 10 7 10066 2 2.000000000
0 11 7 10067 2 2.000000000
0 12 7 10068 2 2.000000000
0 13 7 10069 2 2.000000000
0 14 7 10070 2 2.000000000
0 15 7 10071 2 2.000000000
0 128 7 10072 2 2.000000000
0 129 7 10073 2 2.000000000
0 130 7 10074 2 2.000000000
0 131 7 10075 2 2.000000000
0 132 7 10076 2 2.000000000
0 133 7 10077 2 2.000000000
0 134 7 10078 2 2.000000000
0 135 7 10079 2 2.000000000
0 136 7 10080 2 2.000000000
0 137 7 10081 2 2.000000000
0 138 7 10082 2 2.000000000
0 139 7 10083 2 2.000000000
0 140 7 10084 2 2.000000000
0 141 7 10085 2 2.000000000
0 142 7 10086 2 2.000000000
0 143 7 10087 2 2.000000000
0 256 7 10088 2 2.000000000
0 257 7 10089 2 2.000000000
0 258 7 10090 2 2.000000000
0 259 7 10091 2 2.000000000
0 260 7 10092 2 2.000000000
0 261 7 10093 2 2.000000000
0 262 7 10094 2 2.000000000
0 263 7 10095 2 2.000000000
0 264 7 10096 2 2.000000000
0 265 7 10097 2 2.000000000
0 266 7 10098 2 2.000000000
0 267 7 10099 2 2.000000000
0 268 7 10100 2 2.000000000
0 269 7 10101 2 2.000000000
0 270 7 10102 2 2.000000000
0 271 7 10103 2 2.000000000
0 384 7 10104 2 2.000000000
0 385 7 10105 2 2.000000000
0 386 7 10106 2 2.000000000
0 387 7 10107 2 2.000000000
0 388 7 10108 2 2.000000000
0 389 7 10109 2 2.000000000
0 390 7 10110 2 2.000000000
0 391 7 10111 2 2.000000000
0 392 7 10112 2 2.000000000
0 393 7 10113 2 2.000000000
0 394 7 10114 2 2.000000000
0 395 7 10115 2 2.000000000
0 396 7 10116 2 2.000000000
0 397 7 10117 2 2.000000000
0 398 7 10118 2 2.000000000
0 399 7 10119 2 2.000000000
1 8 7 10120 2 2.000000000
1 9 7 10121 2 2.000000000
1 10 7 10122 2 2.000000000
1 11 7 10123 2 2.000000000
1 12 7 10124 2 2.000000000
1 13 7 10125 2 2.000000000
1 14 7 10126 2 2.000000000
1 15 7 10127 2 2.000000000
1 128 7 10128 2 2.000000000
1 129 7 10129 2 2.000000000
1 130 7 10130 2 2.000000000
1 131 7 10131 2 2.000000000
1 132 7 10132 2 2.000000000
1 133 7 10133 2 2.000000000
1 134 7 10134 2 2.000000000
1 135 7 10135 2 2.000000000
1 136 7 10136 2 2.000000000
1 137 7 10137 2 2.000000000
1 138 7 10138 2 2.000000000
1 139 7 10139 2 2.000000000
1 140 7 10140 2 2.000000000
1 141 7 10141 2 2.000000000
1 142 7 10142 2 2.000000000
1 143 7 10143 2 2.000000000
1 256 7 10144 2 2.000000000
1 257 7 10145 2 2.000000000
1 258 7 10146 2 2.000000000
1 259 7 10147 2 2.000000000
1 260 7 10148 2 2.000000000
1 261 7 10149 2 2.000000000
1 262 7 10150 2 2.000000000
1 263 7 10151 2 2.000000000
1 264 7 10152 2 2.000000000
1 265 7 10153 2 2.000000000
1 266 7 10154 2 2.000000000
1 267 7 10155 2 2.000000000
1 268 7 10156 2 2.000000000
1 269 7 10157 2 2.000000000
1 270 7 10158 2 2.000000000
1 271 7 10159 2 2.000000000
1 384 7 10160 2 2.000000000
1 385 7 10161 2 2.000000000
1 386 7 10162 2 2.000000000
1 387 7 10163 2 2.000000000
1 388 7 10164 2 2.000000000
1 389 7 10165 2 2.000000000
1 390 7 10166 2 2.000000000
1 391 7 10167 2 2.000000000
1 392 7 10168 2 2.000000000
1 393 7 10169 2 2.000000000
1 394 7 10170 2 2.000000000
1 395 7 10171 2 2.000000000
1 396 7 10172 2 2.000000000
1 397 7 10173 2 2.000000000
1 398 7 10174 2 2.000000000
1 399 7 10175 2 2.000000000
2 8 7 10176 2 2.000000000
2 9 7 10177 2 2.000000000
2 10 7 10178 2 2.000000000
2 11 7 10179 2 2.000000000
2 12 7 10180 2 2.000000000
2 13 7 10181 2 2.000000000
2 14 7 10182 2 2.000000000
2 15 7 10183 2 2.000000000
2 128 7 10184 2 2.000000000
2 129 7 10185 2 2.000000000
2 130 7 10186 2 2.000000000
2 131 7 10187 2 2.000000000
2 132 7 10188 2 2.000000000
2 133 7 10189 2 2.000000000
2 134 7 10190 2 2.000000000
2 135 7 10191 2 2.000000000
2 136 7 10192 2 2.000000000
2 137 7 10193 2 2.000000000
2 138 7 10194 2 2.000000000
2 139 7 10195 2 2.000000000
2 140 7 10196 2 2.000000000
2 141 7 10197 2 2.000000000
2 142 7 10198 2 2.000000000
2 143 7 10199 2 2.000000000
2 256 7 10200 2 2.000000000
2 257 7 10201 2 2.000000000
2 258 7 10202 2 2.000000000
2 259 7 10203 2 2.000000000
2 260 7 10204 2 2.000000000
2 261 7 10205 2 2.000000000
2 262 7 10206 2 2.000000000
2 263 7 10207 2 2.000000000
2 264 7 10208 2 2.000000000
2 265 7 10209 2 2.000000000
2 266 7 10210 2 2.000000000
2 267 7 10211 2 2.000000000
2 268 7 10212 2 2.000000000
2 269 7 10213 2 2.000000000
2 270 7 10214 2 2.000000000
2 271 7 10215 2 2.000000000
2 384 7 10216 2 2.000000000
2 385 7 10217 2 2.000000000
2 386 7 10218 2 2.000000000
2 387 7 10219 2 2.000000000
2 388 7 10220 2 2.000000000
2 389 7 10221 2 2.000000000
2 390 7 10222 2 2.000000000
2 391 7 10223 2 2.000000000
2 392 7 10224 2 2.000000000
2 393 7 10225 2 2.000000000
2 394 7 10226 2 2.000000000
2 395 7 10227 2 2.000000000
2 396 7 10228 2 2.000000000
2 397 7 10229 2 2.000000000
2 398 7 10230 2 2.000000000
2 399 7 10231 2 2.000000000
3 8 7 10232 2 2.000000000
3 9 7 10233 2 2.000000000
3 10 7 10234 2 2.000000000
3 11 7 10235 2 2.000000000
3 12 7 10236 2 2.000000000
3 13 7 10237 2 2.000000000
3 14 7 10238 2 2.000000000
3 15 7 10239 2 2.000000000
3 128 7 10240 2 2.000000000
3 129 7 10241 2 2.000000000
3 130 7 10242 2 2.000000000
3 131 7 10243 2 2.000000000
3 132 7 10244 2 2.000000000
3 133 7 10245 2 2.000000000
3 134 7 10246 2 2.000000000
3 135 7 10247 2 2.000000000
3 136 7 10248 2 2.000000000
3 137 7 10249 2 2.000000000
3 138 7 10250 2 2.000000000
3 139 7 10251 2 2.000000000
3 140 7 10252 2 2.000000000
3 141 7 10253 2 2.000000000
3 142 7 10254 2 2.000000000
3 143 7 10255 2 2.000000000
3 256 7 10256 2 2.000000000
3 257 7 10257 2 2.000000000
3 258 7 10258 2 2.000000000
3 259 7 10259 2 2.000000000
3 260 7 10260 2 2.000000000
3 261 7 10261 2 2.000000000
3 262 7 10262 2 2.000000000
3 263 7 10263 2 2.000000000
3 264 7 10264 2 2.000000000
3 265 7 10265 2 2.000000000
3 266 7 10266 2 2.000000000
3 267 7 10267 2 2.000000000
3 268 7 10268 2 2.000000000
3 269 7 10269 2 2.000000000
3 270 7 10270 2 2.000000000
3 271 7 10271 2 2.000000000
3 384 7 10272 2 2.000000000
3 385 7 10273 2 2.000000000
3 386 7 10274 2 2.000000000
3 387 7 10275 2 2.000000000
3 388 7 10276 2 2.000000000
3 389 7 10277 2 2.000000000
3 390 7 10278 2 2.000000000
3 391 7 10279 2 2.000000000
3 392 7 10280 2 2.000000000
3 393 7 10281 2 2.000000000
3 394 7 10282 2 2.000000000
3 395 7 10283 2 2.000000000
3 396 7 10284 2 2.000000000
3 397 7 10285 2 2.000000000
3 398 7 10286 2 2.000000000
3 399 7 10287 2 2.000000000
4 8 7 10288 2 2.000000000
4 9 7 10289 2 2.000000000
4 10 7 10290 2 2.000000000
4 11 7 10291 2 2.000000000
4 12 7 10292 2 2.000000000
4 13 7 10293 2 2.000000000
4 14 7 10294 2 2.000000000
4 15 7 10295 2 2.000000000
4 128 7 10296 2 2.000000000
4 129 7 10297 2 2.000000000
4 130 7 10298 2 2.000000000
4 131 7 10299 2 2.000000000
4 132 7 10300 2 2.000000000
4 133 7 10301 2 2.000000000
4 134 7 10302 2 2.000000000
4 135 7 10303 2 2.000000000
4 136 7 10304 2 2.000000000
4 137 7 10305 2 2.000000000
4 138 7 10306 2 2.000000000
4 139 7 10307 2 2.000000000
4 140 7 10308 2 2.000000000
4 141 7 10309 2 2.000000000
4 142 7 10310 2 2.000000000
4 143 7 10311 2 2.000000000
4 256 7 10312 2 2.000000000
4 257 7 10313 2 2.000000000
4 258 7 10314 2 2.000000000
4 259 7 10315 2 2.000000000
4 260 7 10316 2 2.000000000
4 261 7 10317 2 2.000000000
4 262 7 10318 2 2.000000000
4 263 7 10319 2 2.000000000
4 264 7 10320 2 2.000000000
4 265 7 10321 2 2.000000000
4 266 7 10322 2 2.000000000
4 267 7 10323 2 2.000000000
4 268 7 10324 2 2.000000000
4 269 7 10325 2 2.000000000
4 270 7 10326 2 2.000000000
4 271 7 10327 2 2.000000000
4 384 7 10328 2 2.000000000
4 385 7 10329 2 2.000000000
4 386 7 10330 2 2.000000000
4 387 7 10331 2 2.000000000
4 388 7 10332 2 2.000000000
4 389 7 10333 2 2.000000000
4 390 7 10334 2 2.000000000
4 391 7 10335 2 2.000000000
4 392 7 10336 2 2.000000000
4 393 7 10337 2 2.000000000
4 394 7 10338 2 2.000000000
4 395 7 10339 2 2.000000000
4 396 7 10340 2 2.000000000
4 397 7 10341 2 2.000000000
4 398 7 10342 2 2.000000000
4 399 7 10343 2 2.000000000
5 8 7 10344 2 2.000000000
5 9 7 10345 2 2.000000000
5 10 7 10346 2 2.000000000
5 11 7 10347 2 2.000000000
5 12 7 10348 2 2.000000000
5 13 7 10349 2 2.000000000
5 14 7 10350 2 2.000000000
5 15 7 10351 2 2.000000000
5 128 7 10352 2 2.000000000
5 129 7 10353 2 2.000000000
5 130 7 10354 2 2.000000000
5 131 7 10355 2 2.000000000
5 132 7 10356 2 2.000000000
5 133 7 10357 2 2.000000000
5 134 7 10358 2 2.000000000
5 135 7 10359 2 2.000000000
5 136 7 10360 2 2.000000000
5 137 7 10361 2 2.000000000
5 138 7 10362 2 2.000000000
5 139 7 10363 2 2.000000000
5 140 7 10364 2 2.000000000
5 141 7 10365 2 2.000000000
5 142 7 10366 2 2.000000000
5 143 7 10367 2 2.000000000
5 256 7 10368 2 2.000000000
5 257 7 10369 2 2.000000000
5 258 7 10370 2 2.000000000
5 259 7 10371 2 2.000000000
5 260 7 10372 2 2.000000000
5 261 7 10373 2 2.000000000
5 262 7 10374 2 2.000000000
5 263 7 10375 2 2.000000000
5 264 7 10376 2 2.000000000
5 265 7 10377 2 2.000000000
5 266 7 10378 2 2.000000000
5 267 7 10379 2 2.000000000
5 268 7 10380 2 2.000000000
5 269 7 10381 2 2.000000000
5 270 7 10382 2 2.000000000
5 271 7 10383 2 2.000000000
5 384 7 10384 2 2.000000000
5 385 7 10385 2 2.000000000
5 386 7 10386 2 2.000000000
5 387 7 10387 2 2.000000000
5 388 7 10388 2 2.000000000
5 389 7 10389 2 2.000000000
5 390 7 10390 2 2.000000000
5 391 7 10391 2 2.000000000
5 392 7 10392 2 2.000000000
5 393 7 10393 2 2.000000000
5 394 7 10394 2 2.000000000
5 395 7 10395 2 2.000000000
5 396 7 10396 2 2.000000000
5 397 7 10397 2 2.000000000
5 398 7 10398 2 2.000000000
5 399 7 10399 2 2.000000000
6 8 7 10400 2 2.000000000
6 9 7 10401 2 2.000000000
6 10 7 10402 2 2.000000000
6 11 7 10403 2 2.000000000
6 12 7 10404 2 2.000000000
6 13 7 10405 2 2.000000000
6 14 7 10406 2 2.000000000
6 15 7 10407 2 2.000000000
6 128 7 10408 2 2.000000000
6 129 7 10409 2 2.000000000
6 130 7 10410 2 2.000000000
6 131 7 10411 2 2.000000000
6 132 7 10412 2 2.000000000
6 133 7 10413 2 2.000000000
6 134 7 10414 2 2.000000000
6 135 7 10415 2 2.000000000
6 136 7 10416 2 2.000000000
6 137 7 10417 2 2.000000000
6 138 7 10418 2 2.000000000
6 139 7 10419 2 2.000000000
6 140 7 10420 2 2.000000000
6 141 7 10421 2 2.000000000
6 142 7 10422 2 2.000000000
6 143 7 10423 2 2.000000000
6 256 7 10424 2 2.000000000
6 257 7 10425 2 2.000000000
6 258 7 10426 2 2.000000000
6 259 7 10427 2 2.000000000
6 260 7 10428 2 2.000000000
6 261 7 10429 2 2.000000000
6 262 7 10430 2 2.000000000
6 263 7 10431 2 2.000000000
6 264 7 10432 2 2.000000000
6 265 7 10433 2 2.000000000
6 266 7 10434 2 2.000000000
6 267 7 10435 2 2.000000000
6 268 7 10436 2 2.000000000
6 269 7 10437 2 2.000000000
6 270 7 10438 2 2.000000000
6 271 7 10439 2 2.000000000
6 384 7 10440 2 2.000000000
6 385 7 10441 2 2.000000000
6 386 7 10442 2 2.000000000
6 387 7 10443 2 2.000000000
6 388 7 10444 2 2.000000000
6 389 7 10445 2 2.000000000
6 390 7 10446 2 2.000000000
6 391 7 10447 2 2.000000000
6 392 7 10448 2 2.000000000
6 393 7 10449 2 2.000000000
6 394 7 10450 2 2.000000000
6 395 7 10451 2 2.000000000
6 396 7 10452 2 2.000000000
6 397 7 10453 2 2.000000000
6 398 7 10454 2 2.000000000
6 399 7 10455 2 2.000000000
7 8 7 10456 2 2.000000000
7 9 7 10457 2 2.000000000
7 10 7 10458 2 2.000000000
7 11 7 10459 2 2.000000000
7 12 7 10460 2 2.000000000
7 13 7 10461 2 2.000000000
7 14 7 10462 2 2.000000000
7 15 7 10463 2 2.000000000
7 128 7 10464 2 2.000000000
7 129 7 10465 2 2.000000000
7 130 7 10466 2 2.000000000
7 131 7 10467 2 2.000000000
7 132 7 10468 2 2.000000000
7 133 7 10469 2 2.000000000
7 134 7 10470 2 2.000000000
7 135 7 10471 2 2.000000000
7 136 7 10472 2 2.000000000
7 137 7 10473 2 2.000000000
7 138 7 10474 2 2.000000000
7 139 7 10475 2 2.000000000
7 140 7 10476 2 2.000000000
7 141 7 10477 2 2.000000000
7 142 7 10478 2 2.000000000
7 143 7 10479 2 2.000000000
7 256 7 10480 2 2.000000000
7 257 7 10481 2 2.000000000
7 258 7 10482 2 2.000000000
7 259 7 10483 2 2.000000000
7 260 7 10484 2 2.000000000
7 261 7 10485 2 2.000000000
7 262 7 10486 2 2.000000000
7 263 7 10487 2 2.000000000
7 264 7 10488 2 2.000000000
7 265 7 10489 2 2.000000000
7 266 7 10490 2 2.000000000
7 267 7 10491 2 2.000000000
7 268 7 10492 2 2.000000000
7 269 7 10493 2 2.000000000
7 270 7 10494 2 2.000000000
7 271 7 10495 2 2.000000000
7 384 7 10496 2 2.000000000
7 385 7 10497 2 2.000000000
7 386 7 10498 2 2.000000000
7 387 7 10499 2 2.000000000
7 388 7 10500 2 2.000000000
7 389 7 10501 2 2.000000000
7 390 7 10502 2 2.000000000
7 391 7 10503 2 2.000000000
7 392 7 10504 2 2.000000000
7 393 7 10505 2 2.000000000
7 394 7 10506 2 2.000000000
7 395 7 10507 2 2.000000000
7 396 7 10508 2 2.000000000
7 397 7 10509 2 2.000000000
7 398 7 10510 2 2.000000000
7 399 7 10511 2 2.000000000
8 0 7 10512 2 2.000000000
8 1 7 10513 2 2.000000000
8 2 7 10514 2 2.000000000
8 3 7 10515 2 2.000000000
8 4 7 10516 2 2.000000000
8 5 7 10517 2 2.000000000
8 6 7 10518 2 2.000000000
8 7 7 10519 2 2.000000000
8 128 7 10520 2 2.000000000
8 129 7 10521 2 2.000000000
8 130 7 10522 2 2.000000000
8 131 7 10523 2 2.000000000
8 132 7 10524 2 2.000000000
8 133 7 10525 2 2.000000000
8 134 7 10526 2 2.000000000
8 135 7 10527 2 2.000000000
8 136 7 10528 2 2.000000000
8 137 7 10529 2 2.000000000
8 138 7 10530 2 2.000000000
8 139 7 10531 2 2.000000000
8 140 7 10532 2 2.000000000
8 141 7 10533 2 2.000000000
8 142 7 10534 2 2.000000000
8 143 7 10535 2 2.000000000
8 256 7 10536 2 2.000000000
8 257 7 10537 2 2.000000000
8 258 7 10538 2 2.000000000
8 259 7 10539 2 2.000000000
8 260 7 10540 2 2.000000000
8 261 7 10541 2 2.000000000
8 262 7 10542 2 2.000000000
8 263 7 10543 2 2.000000000
8 264 7 10544 2 2.000000000
8 265 7 10545 2 2.000000000
8 266 7 10546 2 2.000000000
8 267 7 10547 2 2.000000000
8 268 7 10548 2 2.000000000
8 269 7 10549 2 2.000000000
8 270 7 10550 2 2.000000000
8 271 7 10551 2 2.000000000
8 384 7 10552 2 2.000000000
8 385 7 10553 2 2.000000000
8 386 7 10554 2 2.000000000
8 387 7 10555 2 2.000000000
8 388 7 10556 2 2.000000000
8 389 7 10557 2 2.000000000
8 390 7 10558 2 2.000000000
8 391 7 10559 2 2.000000000
8 392 7 10560 2 2.000000000
8 393 7 10561 2 2.000000000
8 394 7 10562 2 2.000000000
8 395 7 10563 2 2.000000000
8 396 7 10564 2 2.000000000
8 397 7 10565 2 2.000000000
8 398 7 10566 2 2.000000000
8 399 7 10567 2 2.000000000
9 0 7 10568 2 2.000000000
9 1 7 10569 2 2.000000000
9 2 7 10570 2 2.000000000
9 3 7 10571 2 2.000000000
9 4 7 10572 2 2.000000000
9 5 7 10573 2 2.000000000
9 6 7 10574 2 2.000000000
9 7 7 10575 2 2.000000000
9 128 7 10576 2 2.000000000
9 129 7 10577 2 2.000000000
9 130 7 10578 2 2.000000000
9 131 7 10579 2 2.000000000
9 132 7 10580 2 2.000000000
9 133 7 10581 2 2.000000000
9 134 7 10582 2 2.000000000
9 135 7 10583 2 2.000000000
9 136 7 10584 2 2.000000000
9 137 7 10585 2 2.000000000
9 138 7 10586 2 2.000000000
9 139 7 10587 2 2.000000000
9 140 7 10588 2 2.000000000
9 141 7 10589 2 2.000000000
9 142 7 10590 2 2.000000000
9 143 7 10591 2 2.000000000
9 256 7 10592 2 2.000000000
9 257 7 10593 2 2.000000000
9 258 7 10594 2 2.000000000
9 259 7 10595 2 2.000000000
9 260 7 10596 2 2.000000000
9 261 7 10597 2 2.000000000
9 262 7 10598 2 2.000000000
9 263 7 10599 2 2.000000000
9 264 7 10600 2 2.000000000
9 265 7 10601 2 2.000000000
9 266 7 10602 2 2.000000000
9 267 7 10603 2 2.000000000
9 268 7 10604 2 2.000000000
9 269 7 10605 2 2.000000000
9 270 7 10606 2 2.000000000
9 271 7 10607 2 2.000000000
9 384 7 10608 2 2.000000000
9 385 7 10609 2 2.000000000
9 386 7 10610 2 2.000000000
9 387 7 10611 2 2.000000000
9 388 7 10612 2 2.000000000
9 389 7 10613 2 2.000000000
9 390 7 10614 2 2.000000000
9 391 7 10615 2 2.000000000
9 392 7 10616 2 2.000000000
9 393 7 10617 2 2.000000000
9 394 7 10618 2 2.000000000
9 395 7 10619 2 2.000000000
9 396 7 10620 2 2.000000000
9 397 7 10621 2 2.000000000
9 398 7 10622 2 2.000000000
9 399 7 10623 2 2.000000000
10 0 7 10624 2 2.000000000
10 1 7 10625 2 2.000000000
10 2 7 10626 2 2.000000000
10 3 7 10627 2 2.000000000
10 4 7 10628 2 2.000000000
10 5 7 10629 2 2.000000000
10 6 7 10630 2 2.000000000
10 7 7 10631 2 2.000000000
10 128 7 10632 2 2.000000000
10 129 7 10633 2 2.000000000
10 130 7 10634 2 2.000000000
10 131 7 10635 2 2.000000000
10 132 7 10636 2 2.000000000
10 133 7 10637 2 2.000000000
10 134 7 10638 2 2.000000000
10 135 7 10639 2 2.000000000
10 136 7 10640 2 2.000000000
10 137 7 10641 2 2.000000000
10 138 7 10642 2 2.000000000
10 139 7 10643 2 2.000000000
10 140 7 10644 2 2.000000000
10 141 7 10645 2 2.000000000
10 142 7 10646 2 2.000000000
10 143 7 10647 2 2.000000000
10 256 7 10648 2 2.000000000
10 257 7 10649 2 2.000000000
10 258 7 10650 2 2.000000000
10 259 7 10651 2 2.000000000
10 260 7 10652 2 2.000000000
10 261 7 10653 2 2.000000000
10 262 7 10654 2 2.000000000
10 263 7 10655 2 2.000000000
10 264 7 10656 2 2.000000000
10 265 7 10657 2 2.000000000
10 266 7 10658 2 2.000000000
10 267 7 10659 2 2.000000000
10 268 7 10660 2 2.000000000
10 269 7 10661 2 2.000000000
10 270 7 10662 2 2.000000000
10 271 7 10663 2 2.000000000
10 384 7 10664 2 2.000000000
10 385 7 10665 2 2.000000000
10 386 7 10666 2 2.000000000
10 387 7 10667 2 2.000000000
10 388 7 10668 2 2.000000000
10 389 7 10669 2 2.000000000
10 390 7 10670 2 2.000000000
10 391 7 10671 2 2.000000000
10 392 7 10672 2 2.000000000
10 393 7 10673 2 2.000000000
10 394 7 10674 2 2.000000000
10 395 7 10675 2 2.000000000
10 396 7 10676 2 2.000000000
10 397 7 10677 2 2.000000000
10 398 7 10678 2 2.000000000
10 399 7 10679 2 2.000000000
11 0 7 10680 2 2.000000000
11 1 7 10681 2 2.000000000
11 2 7 10682 2 2.000000000
11 3 7 10683 2 2.000000000
11 4 7 10684 2 2.000000000
11 5 7 10685 2 2.000000000
11 6 7 10686 2 2.000000000
11 7 7 10687 2 2.000000000
11 128 7 10688 2 2.000000000
11 129 7 10689 2 2.000000000
11 130 7 10690 2 2.000000000
11 131 7 10691 2 2.000000000
11 132 7 10692 2 2.000000000
11 133 7 10693 2 2.000000000
11 134 7 10694 2 2.000000000
11 135 7 10695 2 2.000000000
11 136 7 10696 2 2.000000000
11 137 7 10697 2 2.000000000
11 138 7 10698 2 2.000000000
11 139 7 10699 2 2.000000000
11 140 7 10700 2 2.000000000
11 141 7 10701 2 2.000000000
11 142 7 10702 2 2.000000000
11 143 7 10703 2 2.000000000
11 256 7 10704 2 2.000000000
11 257 7 10705 2 2.000000000
11 258 7 10706 2 2.000000000
11 259 7 10707 2 2.000000000
11 260 7 10708 2 2.000000000
11 261 7 10709 2 2.000000000
11 262 7 10710 2 2.000000000
11 263 7 10711 2 2.000000000
11 264 7 10712 2 2.000000000
11 265 7 10713 2 2.000000000
11 266 7 10714 2 2.000000000
11 267 7 10715 2 2.000000000
11 268 7 10716 2 2.000000000
11 269 7 10717 2 2.000000000
11 270 7 10718 2 2.000000000
11 271 7 10719 2 2.000000000
11 384 7 10720 2 2.000000000
11 385 7 10721 2 2.000000000
11 386 7 10722 2 2.000000000
11 387 7 10723 2 2.000000000
11 388 7 10724 2 2.000000000
11 389 7 10725 2 2.000000000
11 390 7 10726 2 2.000000000
11 391 7 10727 2 2.000000000
11 392 7 10728 2 2.000000000
11 393 7 10729 2 2.000000000
11 394 7 10730 2 2.000000000
11 395 7 10731 2 2.000000000
11 396 7 10732 2 2.000000000
11 397 7 10733 2 2.000000000
11 398 7 10734 2 2.000000000
11 399 7 10735 2 2.000000000
12 0 7 10736 2 2.000000000
12 1 7 10737 2 2.000000000
12 2 7 10738 2 2.000000000
12 3 7 10739 2 2.000000000
12 4 7 10740 2 2.000000000
12 5 7 10741 2 2.000000000
12 6 7 10742 2 2.000000000
12 7 7 10743 2 2.000000000
12 128 7 10744 2 2.000000000
12 129 7 10745 2 2.000000000
12 130 7 10746 2 2.000000000
12 131 7 10747 2 2.000000000
12 132 7 10748 2 2.000000000
12 133 7 10749 2 2.000000000
12 134 7 10750 2 2.000000000
12 135 7 10751 2 2.000000000
12 136 7 10752 2 2.000000000
12 137 7 10753 2 2.000000000
12 138 7 10754 2 2.000000000
12 139 7 10755 2 2.000000000
12 140 7 10756 2 2.000000000
12 141 7 10757 2 2.000000000
12 142 7 10758 2 2.000000000
12 143 7 10759 2 2.000000000
12 256 7 10760 2 2.000000000
12 257 7 10761 2 2.000000000
12 258 7 10762 2 2.000000000
12 259 7 10763 2 2.000000000
12 260 7 10764 2 2.000000000
12 261 7 10765 2 2.000000000
12 262 7 10766 2 2.000000000
12 263 7 10767 2 2.000000000
12 264 7 10768 2 2.000000000
12 265 7 10769 2 2.000000000
12 266 7 10770 2 2.000000000
12 267 7 10771 2 2.000000000
12 268 7 10772 2 2.000000000
12 269 7 10773 2 2.000000000
12 270 7 10774 2 2.000000000
12 271 7 10775 2 2.000000000
12 384 7 10776 2 2.000000000
12 385 7 10777 2 2.000000000
12 386 7 10778 2 2.000000000
12 387 7 10779 2 2.000000000
12 388 7 10780 2 2.000000000
12 389 7 10781 2 2.000000000
12 390 7 10782 2 2.000000000
12 391 7 10783 2 2.000000000
12 392 7 10784 2 2.000000000
12 393 7 10785 2 2.000000000
12 394 7 10786 2 2.000000000
12 395 7 10787 2 2.000000000
12 396 7 10788 2 2.000000000
12 397 7 10789 2 2.000000000
12 398 7 10790 2 2.000000000
12 399 7 10791 2 2.000000000
13 0 7 10792 2 2.000000000
13 1 7 10793 2 2.000000000
13 2 7 10794 2 2.000000000
13 3 7 10795 2 2.000000000
13 4 7 10796 2 2.000000000
13 5 7 10797 2 2.000000000
13 6 7 10798 2 2.000000000
13 7 7 10799 2 2.000000000
13 128 7 10800 2 2.000000000
13 129 7 10801 2 2.000000000
13 130 7 10802 2 2.000000000
13 131 7 10803 2 2.000000000
13 132 7 10804 2 2.000000000
13 133 7 10805 2 2.000000000
13 134 7 10806 2 2.000000000
13 135 7 10807 2 2.000000000
13 136 7 10808 2 2.000000000
13 137 7 10809 2 2.000000000
13 138 7 10810 2 2.000000000
13 139 7 10811 2 2.000000000
13 140 7 10812 2 2.000000000
13 141 7 10813 2 2.000000000
13 142 7 10814 2 2.000000000
13 143 7 10815 2 2.000000000
13 256 7 10816 2 2.000000000
13 257 7 10817 2 2.000000000
13 258 7 10818 2 2.000000000
13 259 7 10819 2 2.000000000
13 260 7 10820 2 2.000000000
13 261 7 10821 2 2.000000000
13 262 7 10822 2 2.000000000
13 263 7 10823 2 2.000000000
13 264 7 10824 2 2.000000000
13 265 7 10825 2 2.000000000
13 266 7 10826 2 2.000000000
13 267 7 10827 2 2.000000000
13 268 7 10828 2 2.000000000
13 269 7 10829 2 2.000000000
13 270 7 10830 2 2.000000000
13 271 7 10831 2 2.000000000
13 384 7 10832 2 2.000000000
13 385 7 10833 2 2.000000000
13 386 7 10834 2 2.000000000
13 387 7 10835 2 2.000000000
13 388 7 10836 2 2.000000000
13 389 7 10837 2 2.000000000
13 390 7 10838 2 2.000000000
13 391 7 10839 2 2.000000000
13 392 7 10840 2 2.000000000
13 393 7 10841 2 2.000000000
13 394 7 10842 2 2.000000000
13 395 7 10843 2 2.000000000
13 396 7 10844 2 2.000000000
13 397 7 10845 2 2.000000000
13 398 7 10846 2 2.000000000
13 399 7 10847 2 2.000000000
14 0 7 10848 2 2.000000000
14 1 7 10849 2 2.000000000
14 2 7 10850 2 2.000000000
14 3 7 10851 2 2.000000000
14 4 7 10852 2 2.000000000
14 5 7 10853 2 2.000000000
14 6 7 10854 2 2.000000000
14 7 7 10855 2 2.000000000
14 128 7 10856 2 2.000000000
14 129 7 10857 2 2.000000000
14 130 7 10858 2 2.000000000
14 131 7 10859 2 2.000000000
14 132 7 10860 2 2.000000000
14 133 7 10861 2 2.000000000
14 134 7 10862 2 2.000000000
14 135 7 10863 2 2.000000000
14 136 7 10864 2 2.000000000
14 137 7 10865 2 2.000000000
14 138 7 10866 2 2.000000000
14 139 7 10867 2 2.000000000
14 140 7 10868 2 2.000000000
14 141 7 10869 2 2.000000000
14 142 7 10870 2 2.000000000
14 143 7 10871 2 2.000000000
14 256 7 10872 2 2.000000000
14 257 7 10873 2 2.000000000
14 258 7 10874 2 2.000000000
14 259 7 10875 2 2.000000000
14 260 7 10876 2 2.000000000
14 261 7 10877 2 2.000000000
14 262 7 10878 2 2.000000000
14 263 7 10879 2 2.000000000
14 264 7 10880 2 2.000000000
14 265 7 10881 2 2.000000000
14 266 7 10882 2 2.000000000
14 267 7 10883 2 2.000000000
14 268 7 10884 2 2.000000000
14 269 7 10885 2 2.000000000
14 270 7 10886 2 2.000000000
14 271 7 10887 2 2.000000000
14 384 7 10888 2 2.000000000
14 385 7 10889 2 2.000000000
14 386 7 10890 2 2.000000000
14 387 7 10891 2 2.000000000
14 388 7 10892 2 2.000000000
14 389 7 10893 2 2.000000000
14 390 7 10894 2 2.000000000
14 391 7 10895 2 2.000000000
14 392 7 10896 2 2.000000000
14 393 7 10897 2 2.000000000
14 394 7 10898 2 2.000000000
14 395 7 10899 2 2.000000000
14 396 7 10900 2 2.000000000
14 397 7 10901 2 2.000000000
14 398 7 10902 2 2.000000000
14 399 7 10903 2 2.000000000
15 0 7 10904 2 2.000000000
15 1 7 10905 2 2.000000000
15 2 7 10906 2 2.000000000
15 3 7 10907 2 2.000000000
15 4 7 10908 2 2.000000000
15 5 7 10909 2 2.000000000
15 6 7 10910 2 2.000000000
15 7 7 10911 2 2.000000000
15 128 7 10912 2 2.000000000
15 129 7 10913 2 2.000000000
15 130 7 10914 2 2.000000000
15 131 7 10915 2 2.000000000
15 132 7 10916 2 2.000000000
15 133 7 10917 2 2.000000000
15 134 7 10918 2 2.000000000
15 135 7 10919 2 2.000000000
15 136 7 10920 2 2.000000000
15 137 7 10921 2 2.000000000
15 138 7 10922 2 2.000000000
15 139 7 10923 2 2.000000000
15 140 7 10924 2 2.000000000
15 141 7 10925 2 2.000000000
15 142 7 10926 2 2.000000000
15 143 7 10927 2 2.000000000
15 256 7 10928 2 2.000000000
15 257 7 10929 2 2.000000000
15 258 7 10930 2 2.000000000
15 259 7 10931 2 2.000000000
15 260 7 10932 2 2.000000000
15 261 7 10933 2 2.000000000
15 262 7 10934 2 2.000000000
15 263 7 10935 2 2.000000000
15 264 7 10936 2 2.000000000
15 265 7 10937 2 2.000000000
15 266 7 10938 2 2.000000000
15 267 7 10939 2 2.000000000
15 268 7 10940 2 2.000000000
15 269 7 10941 2 2.000000000
15 270 7 10942 2 2.000000000
15 271 7 10943 2 2.000000000
15 384 7 10944 2 2.000000000
15 385 7 10945 2 2.000000000
15 386 7 10946 2 2.000000000
15 387 7 10947 2 2.000000000
15 388 7 10948 2 2.000000000
15 389 7 10949 2 2.000000000
15 390 7 10950 2 2.000000000
15 391 7 10951 2 2.000000000
15 392 7 10952 2 2.000000000
15 393 7 10953 2 2.000000000
15 394 7 10954 2 2.000000000
15 395 7 10955 2 2.000000000
15 396 7 10956 2 2.000000000
15 397 7 10957 2 2.000000000
15 398 7 10958 2 2.000000000
15 399 7 10959 2 2.000000000
