960
0 64 7 10000 32 2.000000000
1 65 7 10001 32 2.000000000
2 66 7 10002 32 2.000000000
3 67 7 10003 32 2.000000000
4 68 7 10004 32 2.000000000
5 69 7 10005 32 2.000000000
6 70 7 10006 32 2.000000000
7 71 7 10007 32 2.000000000
8 72 7 10008 32 2.000000000
9 73 7 10009 32 2.000000000
10 74 7 10010 32 2.000000000
11 75 7 10011 32 2.000000000
12 76 7 10012 32 2.000000000
13 77 7 10013 32 2.000000000
14 78 7 10014 32 2.000000000
15 79 7 10015 32 2.000000000
0 256 7 10016 32 2.000000000
8 264 7 10017 32 2.000000000
0 128 7 10018 32 2.000000000
8 136 7 10019 32 2.000000000
0 8 7 10020 32 2.000000000
8 0 7 10021 32 2.000000000
1 257 7 10022 32 2.000000000
9 265 7 10023 32 2.000000000
1 129 7 10024 32 2.000000000
9 137 7 10025 32 2.000000000
1 9 7 10026 32 2.000000000
9 1 7 10027 32 2.000000000
2 258 7 10028 32 2.000000000
10 266 7 10029 32 2.000000000
2 130 7 10030 32 2.000000000
10 138 7 10031 32 2.000000000
2 10 7 10032 32 2.000000000
10 2 7 10033 32 2.000000000
3 259 7 10034 32 2.000000000
11 267 7 10035 32 2.000000000
3 131 7 10036 32 2.000000000
11 139 7 10037 32 2.000000000
3 11 7 10038 32 2.000000000
11 3 7 10039 32 2.000000000
4 260 7 10040 32 2.000000000
12 268 7 10041 32 2.000000000
4 132 7 10042 32 2.000000000
12 140 7 10043 32 2.000000000
4 12 7 10044 32 2.000000000
12 4 7 10045 32 2.000000000
5 261 7 10046 32 2.000000000
13 269 7 10047 32 2.000000000
5 133 7 10048 32 2.000000000
13 141 7 10049 32 2.000000000
5 13 7 10050 32 2.000000000
13 5 7 10051 32 2.000000000
6 262 7 10052 32 2.000000000
14 270 7 10053 32 2.000000000
6 134 7 10054 32 2.000000000
14 142 7 10055 32 2.000000000
6 14 7 10056 32 2.000000000
14 6 7 10057 32 2.000000000
7 263 7 10058 32 2.000000000
15 271 7 10059 32 2.000000000
7 135 7 10060 32 2.000000000
15 143 7 10061 32 2.000000000
7 15 7 10062 32 2.000000000
15 7 7 10063 32 2.000000000
0 8 7 10064 32 2.000000000
0 9 7 10065 32 2.000000000
0 10 7 10066 32 2.000000000
0 11 7 10067 32 2.000000000
0 12 7 10068 32 2.000000000
0 13 7 10069 32 2.000000000
0 14 7 10070 32 2.000000000
0 15 7 10071 32 2.000000000
0 128 7 10072 32 2.000000000
0 129 7 10073 32 2.000000000
0 130 7 10074 32 2.000000000
0 131 7 10075 32 2.000000000
0 132 7 10076 32 2.000000000
0 133 7 10077 32 2.000000000
0 134 7 10078 32 2.000000000
0 135 7 10079 32 2.000000000
0 136 7 10080 32 2.000000000
0 137 7 10081 32 2.000000000
0 138 7 10082 32 2.000000000
0 139 7 10083 32 2.000000000
0 140 7 10084 32 2.000000000
0 141 7 10085 32 2.000000000
0 142 7 10086 32 2.000000000
0 143 7 10087 32 2.000000000
0 256 7 10088 32 2.000000000
0 257 7 10089 32 2.000000000
0 258 7 10090 32 2.000000000
0 259 7 10091 32 2.000000000
0 260 7 10092 32 2.000000000
0 261 7 10093 32 2.000000000
0 262 7 10094 32 2.000000000
0 263 7 10095 32 2.000000000
0 264 7 10096 32 2.000000000
0 265 7 10097 32 2.000000000
0 266 7 10098 32 2.000000000
0 267 7 10099 32 2.000000000
0 268 7 10100 32 2.000000000
0 269 7 10101 32 2.000000000
0 270 7 10102 32 2.000000000
0 271 7 10103 32 2.000000000
0 384 7 10104 32 2.000000000
0 385 7 10105 32 2.000000000
0 386 7 10106 32 2.000000000
0 387 7 10107 32 2.000000000
0 388 7 10108 32 2.000000000
0 389 7 10109 32 2.000000000
0 390 7 10110 32 2.000000000
0 391 7 10111 32 2.000000000
0 392 7 10112 32 2.000000000
0 393 7 10113 32 2.000000000
0 394 7 10114 32 2.000000000
0 395 7 10115 32 2.000000000
0 396 7 10116 32 2.000000000
0 397 7 10117 32 2.000000000
0 398 7 10118 32 2.000000000
0 399 7 10119 32 2.000000000
1 8 7 10120 32 2.000000000
1 9 7 10121 32 2.000000000
1 10 7 10122 32 2.000000000
1 11 7 10123 32 2.000000000
1 12 7 10124 32 2.000000000
1 13 7 10125 32 2.000000000
1 14 7 10126 32 2.000000000
1 15 7 10127 32 2.000000000
1 128 7 10128 32 2.000000000
1 129 7 10129 32 2.000000000
1 130 7 10130 32 2.000000000
1 131 7 10131 32 2.000000000
1 132 7 10132 32 2.000000000
1 133 7 10133 32 2.000000000
1 134 7 10134 32 2.000000000
1 135 7 10135 32 2.000000000
1 136 7 10136 32 2.000000000
1 137 7 10137 32 2.000000000
1 138 7 10138 32 2.000000000
1 139 7 10139 32 2.000000000
1 140 7 10140 32 2.000000000
1 141 7 10141 32 2.000000000
1 142 7 10142 32 2.000000000
1 143 7 10143 32 2.000000000
1 256 7 10144 32 2.000000000
1 257 7 10145 32 2.000000000
1 258 7 10146 32 2.000000000
1 259 7 10147 32 2.000000000
1 260 7 10148 32 2.000000000
1 261 7 10149 32 2.000000000
1 262 7 10150 32 2.000000000
1 263 7 10151 32 2.000000000
1 264 7 10152 32 2.000000000
1 265 7 10153 32 2.000000000
1 266 7 10154 32 2.000000000
1 267 7 10155 32 2.000000000
1 268 7 10156 32 2.000000000
1 269 7 10157 32 2.000000000
1 270 7 10158 32 2.000000000
1 271 7 10159 32 2.000000000
1 384 7 10160 32 2.000000000
1 385 7 10161 32 2.000000000
1 386 7 10162 32 2.000000000
1 387 7 10163 32 2.000000000
1 388 7 10164 32 2.000000000
1 389 7 10165 32 2.000000000
1 390 7 10166 32 2.000000000
1 391 7 10167 32 2.000000000
1 392 7 10168 32 2.000000000
1 393 7 10169 32 2.000000000
1 394 7 10170 32 2.000000000
1 395 7 10171 32 2.000000000
1 396 7 10172 32 2.000000000
1 397 7 10173 32 2.000000000
1 398 7 10174 32 2.000000000
1 399 7 10175 32 2.000000000
2 8 7 10176 32 2.000000000
2 9 7 10177 32 2.000000000
2 10 7 10178 32 2.000000000
2 11 7 10179 32 2.000000000
2 12 7 10180 32 2.000000000
2 13 7 10181 32 2.000000000
2 14 7 10182 32 2.000000000
2 15 7 10183 32 2.000000000
2 128 7 10184 32 2.000000000
2 129 7 10185 32 2.000000000
2 130 7 10186 32 2.000000000
2 131 7 10187 32 2.000000000
2 132 7 10188 32 2.000000000
2 133 7 10189 32 2.000000000
2 134 7 10190 32 2.000000000
2 135 7 10191 32 2.000000000
2 136 7 10192 32 2.000000000
2 137 7 10193 32 2.000000000
2 138 7 10194 32 2.000000000
2 139 7 10195 32 2.000000000
2 140 7 10196 32 2.000000000
2 141 7 10197 32 2.000000000
2 142 7 10198 32 2.000000000
2 143 7 10199 32 2.000000000
2 256 7 10200 32 2.000000000
2 257 7 10201 32 2.000000000
2 258 7 10202 32 2.000000000
2 259 7 10203 32 2.000000000
2 260 7 10204 32 2.000000000
2 261 7 10205 32 2.000000000
2 262 7 10206 32 2.000000000
2 263 7 10207 32 2.000000000
2 264 7 10208 32 2.000000000
2 265 7 10209 32 2.000000000
2 266 7 10210 32 2.000000000
2 267 7 10211 32 2.000000000
2 268 7 10212 32 2.000000000
2 269 7 10213 32 2.000000000
2 270 7 10214 32 2.000000000
2 271 7 10215 32 2.000000000
2 384 7 10216 32 2.000000000
2 385 7 10217 32 2.000000000
2 386 7 10218 32 2.000000000
2 387 7 10219 32 2.000000000
2 388 7 10220 32 2.000000000
2 389 7 10221 32 2.000000000
2 390 7 10222 32 2.000000000
2 391 7 10223 32 2.000000000
2 392 7 10224 32 2.000000000
2 393 7 10225 32 2.000000000
2 394 7 10226 32 2.000000000
2 395 7 10227 32 2.000000000
2 396 7 10228 32 2.000000000
2 397 7 10229 32 2.000000000
2 398 7 10230 32 2.000000000
2 399 7 10231 32 2.000000000
3 8 7 10232 32 2.000000000
3 9 7 10233 32 2.000000000
3 10 7 10234 32 2.000000000
3 11 7 10235 32 2.000000000
3 12 7 10236 32 2.000000000
3 13 7 10237 32 2.000000000
3 14 7 10238 32 2.000000000
3 15 7 10239 32 2.000000000
3 128 7 10240 32 2.000000000
3 129 7 10241 32 2.000000000
3 130 7 10242 32 2.000000000
3 131 7 10243 32 2.000000000
3 132 7 10244 32 2.000000000
3 133 7 10245 32 2.000000000
3 134 7 10246 32 2.000000000
3 135 7 10247 32 2.000000000
3 136 7 10248 32 2.000000000
3 137 7 10249 32 2.000000000
3 138 7 10250 32 2.000000000
3 139 7 10251 32 2.000000000
3 140 7 10252 32 2.000000000
3 141 7 10253 32 2.000000000
3 142 7 10254 32 2.000000000
3 143 7 10255 32 2.000000000
3 256 7 10256 32 2.000000000
3 257 7 10257 32 2.000000000
3 258 7 10258 32 2.000000000
3 259 7 10259 32 2.000000000
3 260 7 10260 32 2.000000000
3 261 7 10261 32 2.000000000
3 262 7 10262 32 2.000000000
3 263 7 10263 32 2.000000000
3 264 7 10264 32 2.000000000
3 265 7 10265 32 2.000000000
3 266 7 10266 32 2.000000000
3 267 7 10267 32 2.000000000
3 268 7 10268 32 2.000000000
3 269 7 10269 32 2.000000000
3 270 7 10270 32 2.000000000
3 271 7 10271 32 2.000000000
3 384 7 10272 32 2.000000000
3 385 7 10273 32 2.000000000
3 386 7 10274 32 2.000000000
3 387 7 10275 32 2.000000000
3 388 7 10276 32 2.000000000
3 389 7 10277 32 2.000000000
3 390 7 10278 32 2.000000000
3 391 7 10279 32 2.000000000
3 392 7 10280 32 2.000000000
3 393 7 10281 32 2.000000000
3 394 7 10282 32 2.000000000
3 395 7 10283 32 2.000000000
3 396 7 10284 32 2.000000000
3 397 7 10285 32 2.000000000
3 398 7 10286 32 2.000000000
3 399 7 10287 32 2.000000000
4 8 7 10288 32 2.000000000
4 9 7 10289 32 2.000000000
4 10 7 10290 32 2.000000000
4 11 7 10291 32 2.000000000
4 12 7 10292 32 2.000000000
4 13 7 10293 32 2.000000000
4 14 7 10294 32 2.000000000
4 15 7 10295 32 2.000000000
4 128 7 10296 32 2.000000000
4 129 7 10297 32 2.000000000
4 130 7 10298 32 2.000000000
4 131 7 10299 32 2.000000000
4 132 7 10300 32 2.000000000
4 133 7 10301 32 2.000000000
4 134 7 10302 32 2.000000000
4 135 7 10303 32 2.000000000
4 136 7 10304 32 2.000000000
4 137 7 10305 32 2.000000000
4 138 7 10306 32 2.000000000
4 139 7 10307 32 2.000000000
4 140 7 10308 32 2.000000000
4 141 7 10309 32 2.000000000
4 142 7 10310 32 2.000000000
4 143 7 10311 32 2.000000000
4 256 7 10312 32 2.000000000
4 257 7 10313 32 2.000000000
4 258 7 10314 32 2.000000000
4 259 7 10315 32 2.000000000
4 260 7 10316 32 2.000000000
4 261 7 10317 32 2.000000000
4 262 7 10318 32 2.000000000
4 263 7 10319 32 2.000000000
4 264 7 10320 32 2.000000000
4 265 7 10321 32 2.000000000
4 266 7 10322 32 2.000000000
4 267 7 10323 32 2.000000000
4 268 7 10324 32 2.000000000
4 269 7 10325 32 2.000000000
4 270 7 10326 32 2.000000000
4 271 7 10327 32 2.000000000
4 384 7 10328 32 2.000000000
4 385 7 10329 32 2.000000000
4 386 7 10330 32 2.000000000
4 387 7 10331 32 2.000000000
4 388 7 10332 32 2.000000000
4 389 7 10333 32 2.000000000
4 390 7 10334 32 2.000000000
4 391 7 10335 32 2.000000000
4 392 7 10336 32 2.000000000
4 393 7 10337 32 2.000000000
4 394 7 10338 32 2.000000000
4 395 7 10339 32 2.000000000
4 396 7 10340 32 2.000000000
4 397 7 10341 32 2.000000000
4 398 7 10342 32 2.000000000
4 399 7 10343 32 2.000000000
5 8 7 10344 32 2.000000000
5 9 7 10345 32 2.000000000
5 10 7 10346 32 2.000000000
5 11 7 10347 32 2.000000000
5 12 7 10348 32 2.000000000
5 13 7 10349 32 2.000000000
5 14 7 10350 32 2.000000000
5 15 7 10351 32 2.000000000
5 128 7 10352 32 2.000000000
5 129 7 10353 32 2.000000000
5 130 7 10354 32 2.000000000
5 131 7 10355 32 2.000000000
5 132 7 10356 32 2.000000000
5 133 7 10357 32 2.000000000
5 134 7 10358 32 2.000000000
5 135 7 10359 32 2.000000000
5 136 7 10360 32 2.000000000
5 137 7 10361 32 2.000000000
5 138 7 10362 32 2.000000000
5 139 7 10363 32 2.000000000
5 140 7 10364 32 2.000000000
5 141 7 10365 32 2.000000000
5 142 7 10366 32 2.000000000
5 143 7 10367 32 2.000000000
5 256 7 10368 32 2.000000000
5 257 7 10369 32 2.000000000
5 258 7 10370 32 2.000000000
5 259 7 10371 32 2.000000000
5 260 7 10372 32 2.000000000
5 261 7 10373 32 2.000000000
5 262 7 10374 32 2.000000000
5 263 7 10375 32 2.000000000
5 264 7 10376 32 2.000000000
5 265 7 10377 32 2.000000000
5 266 7 10378 32 2.000000000
5 267 7 10379 32 2.000000000
5 268 7 10380 32 2.000000000
5 269 7 10381 32 2.000000000
5 270 7 10382 32 2.000000000
5 271 7 10383 32 2.000000000
5 384 7 10384 32 2.000000000
5 385 7 10385 32 2.000000000
5 386 7 10386 32 2.000000000
5 387 7 10387 32 2.000000000
5 388 7 10388 32 2.000000000
5 389 7 10389 32 2.000000000
5 390 7 10390 32 2.000000000
5 391 7 10391 32 2.000000000
5 392 7 10392 32 2.000000000
5 393 7 10393 32 2.000000000
5 394 7 10394 32 2.000000000
5 395 7 10395 32 2.000000000
5 396 7 10396 32 2.000000000
5 397 7 10397 32 2.000000000
5 398 7 10398 32 2.000000000
5 399 7 10399 32 2.000000000
6 8 7 10400 32 2.000000000
6 9 7 10401 32 2.000000000
6 10 7 10402 32 2.000000000
6 11 7 10403 32 2.000000000
6 12 7 10404 32 2.000000000
6 13 7 10405 32 2.000000000
6 14 7 10406 32 2.000000000
6 15 7 10407 32 2.000000000
6 128 7 10408 32 2.000000000
6 129 7 10409 32 2.000000000
6 130 7 10410 32 2.000000000
6 131 7 10411 32 2.000000000
6 132 7 10412 32 2.000000000
6 133 7 10413 32 2.000000000
6 134 7 10414 32 2.000000000
6 135 7 10415 32 2.000000000
6 136 7 10416 32 2.000000000
6 137 7 10417 32 2.000000000
6 138 7 10418 32 2.000000000
6 139 7 10419 32 2.000000000
6 140 7 10420 32 2.000000000
6 141 7 10421 32 2.000000000
6 142 7 10422 32 2.000000000
6 143 7 10423 32 2.000000000
6 256 7 10424 32 2.000000000
6 257 7 10425 32 2.000000000
6 258 7 10426 32 2.000000000
6 259 7 10427 32 2.000000000
6 260 7 10428 32 2.000000000
6 261 7 10429 32 2.000000000
6 262 7 10430 32 2.000000000
6 263 7 10431 32 2.000000000
6 264 7 10432 32 2.000000000
6 265 7 10433 32 2.000000000
6 266 7 10434 32 2.000000000
6 267 7 10435 32 2.000000000
6 268 7 10436 32 2.000000000
6 269 7 10437 32 2.000000000
6 270 7 10438 32 2.000000000
6 271 7 10439 32 2.000000000
6 384 7 10440 32 2.000000000
6 385 7 10441 32 2.000000000
6 386 7 10442 32 2.000000000
6 387 7 10443 32 2.000000000
6 388 7 10444 32 2.000000000
6 389 7 10445 32 2.000000000
6 390 7 10446 32 2.000000000
6 391 7 10447 32 2.000000000
6 392 7 10448 32 2.000000000
6 393 7 10449 32 2.000000000
6 394 7 10450 32 2.000000000
6 395 7 10451 32 2.000000000
6 396 7 10452 32 2.000000000
6 397 7 10453 32 2.000000000
6 398 7 10454 32 2.000000000
6 399 7 10455 32 2.000000000
7 8 7 10456 32 2.000000000
7 9 7 10457 32 2.000000000
7 10 7 10458 32 2.000000000
7 11 7 10459 32 2.000000000
7 12 7 10460 32 2.000000000
7 13 7 10461 32 2.000000000
7 14 7 10462 32 2.000000000
7 15 7 10463 32 2.000000000
7 128 7 10464 32 2.000000000
7 129 7 10465 32 2.000000000
7 130 7 10466 32 2.000000000
7 131 7 10467 32 2.000000000
7 132 7 10468 32 2.000000000
7 133 7 10469 32 2.000000000
7 134 7 10470 32 2.000000000
7 135 7 10471 32 2.000000000
7 136 7 10472 32 2.000000000
7 137 7 10473 32 2.000000000
7 138 7 10474 32 2.000000000
7 139 7 10475 32 2.000000000
7 140 7 10476 32 2.000000000
7 141 7 10477 32 2.000000000
7 142 7 10478 32 2.000000000
7 143 7 10479 32 2.000000000
7 256 7 10480 32 2.000000000
7 257 7 10481 32 2.000000000
7 258 7 10482 32 2.000000000
7 259 7 10483 32 2.000000000
7 260 7 10484 32 2.000000000
7 261 7 10485 32 2.000000000
7 262 7 10486 32 2.000000000
7 263 7 10487 32 2.000000000
7 264 7 10488 32 2.000000000
7 265 7 10489 32 2.000000000
7 266 7 10490 32 2.000000000
7 267 7 10491 32 2.000000000
7 268 7 10492 32 2.000000000
7 269 7 10493 32 2.000000000
7 270 7 10494 32 2.000000000
7 271 7 10495 32 2.000000000
7 384 7 10496 32 2.000000000
7 385 7 10497 32 2.000000000
7 386 7 10498 32 2.000000000
7 387 7 10499 32 2.000000000
7 388 7 10500 32 2.000000000
7 389 7 10501 32 2.000000000
7 390 7 10502 32 2.000000000
7 391 7 10503 32 2.000000000
7 392 7 10504 32 2.000000000
7 393 7 10505 32 2.000000000
7 394 7 10506 32 2.000000000
7 395 7 10507 32 2.000000000
7 396 7 10508 32 2.000000000
7 397 7 10509 32 2.000000000
7 398 7 10510 32 2.000000000
7 399 7 10511 32 2.000000000
8 0 7 10512 32 2.000000000
8 1 7 10513 32 2.000000000
8 2 7 10514 32 2.000000000
8 3 7 10515 32 2.000000000
8 4 7 10516 32 2.000000000
8 5 7 10517 32 2.000000000
8 6 7 10518 32 2.000000000
8 7 7 10519 32 2.000000000
8 128 7 10520 32 2.000000000
8 129 7 10521 32 2.000000000
8 130 7 10522 32 2.000000000
8 131 7 10523 32 2.000000000
8 132 7 10524 32 2.000000000
8 133 7 10525 32 2.000000000
8 134 7 10526 32 2.000000000
8 135 7 10527 32 2.000000000
8 136 7 10528 32 2.000000000
8 137 7 10529 32 2.000000000
8 138 7 10530 32 2.000000000
8 139 7 10531 32 2.000000000
8 140 7 10532 32 2.000000000
8 141 7 10533 32 2.000000000
8 142 7 10534 32 2.000000000
8 143 7 10535 32 2.000000000
8 256 7 10536 32 2.000000000
8 257 7 10537 32 2.000000000
8 258 7 10538 32 2.000000000
8 259 7 10539 32 2.000000000
8 260 7 10540 32 2.000000000
8 261 7 10541 32 2.000000000
8 262 7 10542 32 2.000000000
8 263 7 10543 32 2.000000000
8 264 7 10544 32 2.000000000
8 265 7 10545 32 2.000000000
8 266 7 10546 32 2.000000000
8 267 7 10547 32 2.000000000
8 268 7 10548 32 2.000000000
8 269 7 10549 32 2.000000000
8 270 7 10550 32 2.000000000
8 271 7 10551 32 2.000000000
8 384 7 10552 32 2.000000000
8 385 7 10553 32 2.000000000
8 386 7 10554 32 2.000000000
8 387 7 10555 32 2.000000000
8 388 7 10556 32 2.000000000
8 389 7 10557 32 2.000000000
8 390 7 10558 32 2.000000000
8 391 7 10559 32 2.000000000
8 392 7 10560 32 2.000000000
8 393 7 10561 32 2.000000000
8 394 7 10562 32 2.000000000
8 395 7 10563 32 2.000000000
8 396 7 10564 32 2.000000000
8 397 7 10565 32 2.000000000
8 398 7 10566 32 2.000000000
8 399 7 10567 32 2.000000000
9 0 7 10568 32 2.000000000
9 1 7 10569 32 2.000000000
9 2 7 10570 32 2.000000000
9 3 7 10571 32 2.000000000
9 4 7 10572 32 2.000000000
9 5 7 10573 32 2.000000000
9 6 7 10574 32 2.000000000
9 7 7 10575 32 2.000000000
9 128 7 10576 32 2.000000000
9 129 7 10577 32 2.000000000
9 130 7 10578 32 2.000000000
9 131 7 10579 32 2.000000000
9 132 7 10580 32 2.000000000
9 133 7 10581 32 2.000000000
9 134 7 10582 32 2.000000000
9 135 7 10583 32 2.000000000
9 136 7 10584 32 2.000000000
9 137 7 10585 32 2.000000000
9 138 7 10586 32 2.000000000
9 139 7 10587 32 2.000000000
9 140 7 10588 32 2.000000000
9 141 7 10589 32 2.000000000
9 142 7 10590 32 2.000000000
9 143 7 10591 32 2.000000000
9 256 7 10592 32 2.000000000
9 257 7 10593 32 2.000000000
9 258 7 10594 32 2.000000000
9 259 7 10595 32 2.000000000
9 260 7 10596 32 2.000000000
9 261 7 10597 32 2.000000000
9 262 7 10598 32 2.000000000
9 263 7 10599 32 2.000000000
9 264 7 10600 32 2.000000000
9 265 7 10601 32 2.000000000
9 266 7 10602 32 2.000000000
9 267 7 10603 32 2.000000000
9 268 7 10604 32 2.000000000
9 269 7 10605 32 2.000000000
9 270 7 10606 32 2.000000000
9 271 7 10607 32 2.000000000
9 384 7 10608 32 2.000000000
9 385 7 10609 32 2.000000000
9 386 7 10610 32 2.000000000
9 387 7 10611 32 2.000000000
9 388 7 10612 32 2.000000000
9 389 7 10613 32 2.000000000
9 390 7 10614 32 2.000000000
9 391 7 10615 32 2.000000000
9 392 7 10616 32 2.000000000
9 393 7 10617 32 2.000000000
9 394 7 10618 32 2.000000000
9 395 7 10619 32 2.000000000
9 396 7 10620 32 2.000000000
9 397 7 10621 32 2.000000000
9 398 7 10622 32 2.000000000
9 399 7 10623 32 2.000000000
10 0 7 10624 32 2.000000000
10 1 7 10625 32 2.000000000
10 2 7 10626 32 2.000000000
10 3 7 10627 32 2.000000000
10 4 7 10628 32 2.000000000
10 5 7 10629 32 2.000000000
10 6 7 10630 32 2.000000000
10 7 7 10631 32 2.000000000
10 128 7 10632 32 2.000000000
10 129 7 10633 32 2.000000000
10 130 7 10634 32 2.000000000
10 131 7 10635 32 2.000000000
10 132 7 10636 32 2.000000000
10 133 7 10637 32 2.000000000
10 134 7 10638 32 2.000000000
10 135 7 10639 32 2.000000000
10 136 7 10640 32 2.000000000
10 137 7 10641 32 2.000000000
10 138 7 10642 32 2.000000000
10 139 7 10643 32 2.000000000
10 140 7 10644 32 2.000000000
10 141 7 10645 32 2.000000000
10 142 7 10646 32 2.000000000
10 143 7 10647 32 2.000000000
10 256 7 10648 32 2.000000000
10 257 7 10649 32 2.000000000
10 258 7 10650 32 2.000000000
10 259 7 10651 32 2.000000000
10 260 7 10652 32 2.000000000
10 261 7 10653 32 2.000000000
10 262 7 10654 32 2.000000000
10 263 7 10655 32 2.000000000
10 264 7 10656 32 2.000000000
10 265 7 10657 32 2.000000000
10 266 7 10658 32 2.000000000
10 267 7 10659 32 2.000000000
10 268 7 10660 32 2.000000000
10 269 7 10661 32 2.000000000
10 270 7 10662 32 2.000000000
10 271 7 10663 32 2.000000000
10 384 7 10664 32 2.000000000
10 385 7 10665 32 2.000000000
10 386 7 10666 32 2.000000000
10 387 7 10667 32 2.000000000
10 388 7 10668 32 2.000000000
10 389 7 10669 32 2.000000000
10 390 7 10670 32 2.000000000
10 391 7 10671 32 2.000000000
10 392 7 10672 32 2.000000000
10 393 7 10673 32 2.000000000
10 394 7 10674 32 2.000000000
10 395 7 10675 32 2.000000000
10 396 7 10676 32 2.000000000
10 397 7 10677 32 2.000000000
10 398 7 10678 32 2.000000000
10 399 7 10679 32 2.000000000
11 0 7 10680 32 2.000000000
11 1 7 10681 32 2.000000000
11 2 7 10682 32 2.000000000
11 3 7 10683 32 2.000000000
11 4 7 10684 32 2.000000000
11 5 7 10685 32 2.000000000
11 6 7 10686 32 2.000000000
11 7 7 10687 32 2.000000000
11 128 7 10688 32 2.000000000
11 129 7 10689 32 2.000000000
11 130 7 10690 32 2.000000000
11 131 7 10691 32 2.000000000
11 132 7 10692 32 2.000000000
11 133 7 10693 32 2.000000000
11 134 7 10694 32 2.000000000
11 135 7 10695 32 2.000000000
11 136 7 10696 32 2.000000000
11 137 7 10697 32 2.000000000
11 138 7 10698 32 2.000000000
11 139 7 10699 32 2.000000000
11 140 7 10700 32 2.000000000
11 141 7 10701 32 2.000000000
11 142 7 10702 32 2.000000000
11 143 7 10703 32 2.000000000
11 256 7 10704 32 2.000000000
11 257 7 10705 32 2.000000000
11 258 7 10706 32 2.000000000
11 259 7 10707 32 2.000000000
11 260 7 10708 32 2.000000000
11 261 7 10709 32 2.000000000
11 262 7 10710 32 2.000000000
11 263 7 10711 32 2.000000000
11 264 7 10712 32 2.000000000
11 265 7 10713 32 2.000000000
11 266 7 10714 32 2.000000000
11 267 7 10715 32 2.000000000
11 268 7 10716 32 2.000000000
11 269 7 10717 32 2.000000000
11 270 7 10718 32 2.000000000
11 271 7 10719 32 2.000000000
11 384 7 10720 32 2.000000000
11 385 7 10721 32 2.000000000
11 386 7 10722 32 2.000000000
11 387 7 10723 32 2.000000000
11 388 7 10724 32 2.000000000
11 389 7 10725 32 2.000000000
11 390 7 10726 32 2.000000000
11 391 7 10727 32 2.000000000
11 392 7 10728 32 2.000000000
11 393 7 10729 32 2.000000000
11 394 7 10730 32 2.000000000
11 395 7 10731 32 2.000000000
11 396 7 10732 32 2.000000000
11 397 7 10733 32 2.000000000
11 398 7 10734 32 2.000000000
11 399 7 10735 32 2.000000000
12 0 7 10736 32 2.000000000
12 1 7 10737 32 2.000000000
12 2 7 10738 32 2.000000000
12 3 7 10739 32 2.000000000
12 4 7 10740 32 2.000000000
12 5 7 10741 32 2.000000000
12 6 7 10742 32 2.000000000
12 7 7 10743 32 2.000000000
12 128 7 10744 32 2.000000000
12 129 7 10745 32 2.000000000
12 130 7 10746 32 2.000000000
12 131 7 10747 32 2.000000000
12 132 7 10748 32 2.000000000
12 133 7 10749 32 2.000000000
12 134 7 10750 32 2.000000000
12 135 7 10751 32 2.000000000
12 136 7 10752 32 2.000000000
12 137 7 10753 32 2.000000000
12 138 7 10754 32 2.000000000
12 139 7 10755 32 2.000000000
12 140 7 10756 32 2.000000000
12 141 7 10757 32 2.000000000
12 142 7 10758 32 2.000000000
12 143 7 10759 32 2.000000000
12 256 7 10760 32 2.000000000
12 257 7 10761 32 2.000000000
12 258 7 10762 32 2.000000000
12 259 7 10763 32 2.000000000
12 260 7 10764 32 2.000000000
12 261 7 10765 32 2.000000000
12 262 7 10766 32 2.000000000
12 263 7 10767 32 2.000000000
12 264 7 10768 32 2.000000000
12 265 7 10769 32 2.000000000
12 266 7 10770 32 2.000000000
12 267 7 10771 32 2.000000000
12 268 7 10772 32 2.000000000
12 269 7 10773 32 2.000000000
12 270 7 10774 32 2.000000000
12 271 7 10775 32 2.000000000
12 384 7 10776 32 2.000000000
12 385 7 10777 32 2.000000000
12 386 7 10778 32 2.000000000
12 387 7 10779 32 2.000000000
12 388 7 10780 32 2.000000000
12 389 7 10781 32 2.000000000
12 390 7 10782 32 2.000000000
12 391 7 10783 32 2.000000000
12 392 7 10784 32 2.000000000
12 393 7 10785 32 2.000000000
12 394 7 10786 32 2.000000000
12 395 7 10787 32 2.000000000
12 396 7 10788 32 2.000000000
12 397 7 10789 32 2.000000000
12 398 7 10790 32 2.000000000
12 399 7 10791 32 2.000000000
13 0 7 10792 32 2.000000000
13 1 7 10793 32 2.000000000
13 2 7 10794 32 2.000000000
13 3 7 10795 32 2.000000000
13 4 7 10796 32 2.000000000
13 5 7 10797 32 2.000000000
13 6 7 10798 32 2.000000000
13 7 7 10799 32 2.000000000
13 128 7 10800 32 2.000000000
13 129 7 10801 32 2.000000000
13 130 7 10802 32 2.000000000
13 131 7 10803 32 2.000000000
13 132 7 10804 32 2.000000000
13 133 7 10805 32 2.000000000
13 134 7 10806 32 2.000000000
13 135 7 10807 32 2.000000000
13 136 7 10808 32 2.000000000
13 137 7 10809 32 2.000000000
13 138 7 10810 32 2.000000000
13 139 7 10811 32 2.000000000
13 140 7 10812 32 2.000000000
13 141 7 10813 32 2.000000000
13 142 7 10814 32 2.000000000
13 143 7 10815 32 2.000000000
13 256 7 10816 32 2.000000000
13 257 7 10817 32 2.000000000
13 258 7 10818 32 2.000000000
13 259 7 10819 32 2.000000000
13 260 7 10820 32 2.000000000
13 261 7 10821 32 2.000000000
13 262 7 10822 32 2.000000000
13 263 7 10823 32 2.000000000
13 264 7 10824 32 2.000000000
13 265 7 10825 32 2.000000000
13 266 7 10826 32 2.000000000
13 267 7 10827 32 2.000000000
13 268 7 10828 32 2.000000000
13 269 7 10829 32 2.000000000
13 270 7 10830 32 2.000000000
13 271 7 10831 32 2.000000000
13 384 7 10832 32 2.000000000
13 385 7 10833 32 2.000000000
13 386 7 10834 32 2.000000000
13 387 7 10835 32 2.000000000
13 388 7 10836 32 2.000000000
13 389 7 10837 32 2.000000000
13 390 7 10838 32 2.000000000
13 391 7 10839 32 2.000000000
13 392 7 10840 32 2.000000000
13 393 7 10841 32 2.000000000
13 394 7 10842 32 2.000000000
13 395 7 10843 32 2.000000000
13 396 7 10844 32 2.000000000
13 397 7 10845 32 2.000000000
13 398 7 10846 32 2.000000000
13 399 7 10847 32 2.000000000
14 0 7 10848 32 2.000000000
14 1 7 10849 32 2.000000000
14 2 7 10850 32 2.000000000
14 3 7 10851 32 2.000000000
14 4 7 10852 32 2.000000000
14 5 7 10853 32 2.000000000
14 6 7 10854 32 2.000000000
14 7 7 10855 32 2.000000000
14 128 7 10856 32 2.000000000
14 129 7 10857 32 2.000000000
14 130 7 10858 32 2.000000000
14 131 7 10859 32 2.000000000
14 132 7 10860 32 2.000000000
14 133 7 10861 32 2.000000000
14 134 7 10862 32 2.000000000
14 135 7 10863 32 2.000000000
14 136 7 10864 32 2.000000000
14 137 7 10865 32 2.000000000
14 138 7 10866 32 2.000000000
14 139 7 10867 32 2.000000000
14 140 7 10868 32 2.000000000
14 141 7 10869 32 2.000000000
14 142 7 10870 32 2.000000000
14 143 7 10871 32 2.000000000
14 256 7 10872 32 2.000000000
14 257 7 10873 32 2.000000000
14 258 7 10874 32 2.000000000
14 259 7 10875 32 2.000000000
14 260 7 10876 32 2.000000000
14 261 7 10877 32 2.000000000
14 262 7 10878 32 2.000000000
14 263 7 10879 32 2.000000000
14 264 7 10880 32 2.000000000
14 265 7 10881 32 2.000000000
14 266 7 10882 32 2.000000000
14 267 7 10883 32 2.000000000
14 268 7 10884 32 2.000000000
14 269 7 10885 32 2.000000000
14 270 7 10886 32 2.000000000
14 271 7 10887 32 2.000000000
14 384 7 10888 32 2.000000000
14 385 7 10889 32 2.000000000
14 386 7 10890 32 2.000000000
14 387 7 10891 32 2.000000000
14 388 7 10892 32 2.000000000
14 389 7 10893 32 2.000000000
14 390 7 10894 32 2.000000000
14 391 7 10895 32 2.000000000
14 392 7 10896 32 2.000000000
14 393 7 10897 32 2.000000000
14 394 7 10898 32 2.000000000
14 395 7 10899 32 2.000000000
14 396 7 10900 32 2.000000000
14 397 7 10901 32 2.000000000
14 398 7 10902 32 2.000000000
14 399 7 10903 32 2.000000000
15 0 7 10904 32 2.000000000
15 1 7 10905 32 2.000000000
15 2 7 10906 32 2.000000000
15 3 7 10907 32 2.000000000
15 4 7 10908 32 2.000000000
15 5 7 10909 32 2.000000000
15 6 7 10910 32 2.000000000
15 7 7 10911 32 2.000000000
15 128 7 10912 32 2.000000000
15 129 7 10913 32 2.000000000
15 130 7 10914 32 2.000000000
15 131 7 10915 32 2.000000000
15 132 7 10916 32 2.000000000
15 133 7 10917 32 2.000000000
15 134 7 10918 32 2.000000000
15 135 7 10919 32 2.000000000
15 136 7 10920 32 2.000000000
15 137 7 10921 32 2.000000000
15 138 7 10922 32 2.000000000
15 139 7 10923 32 2.000000000
15 140 7 10924 32 2.000000000
15 141 7 10925 32 2.000000000
15 142 7 10926 32 2.000000000
15 143 7 10927 32 2.000000000
15 256 7 10928 32 2.000000000
15 257 7 10929 32 2.000000000
15 258 7 10930 32 2.000000000
15 259 7 10931 32 2.000000000
15 260 7 10932 32 2.000000000
15 261 7 10933 32 2.000000000
15 262 7 10934 32 2.000000000
15 263 7 10935 32 2.000000000
15 264 7 10936 32 2.000000000
15 265 7 10937 32 2.000000000
15 266 7 10938 32 2.000000000
15 267 7 10939 32 2.000000000
15 268 7 10940 32 2.000000000
15 269 7 10941 32 2.000000000
15 270 7 10942 32 2.000000000
15 271 7 10943 32 2.000000000
15 384 7 10944 32 2.000000000
15 385 7 10945 32 2.000000000
15 386 7 10946 32 2.000000000
15 387 7 10947 32 2.000000000
15 388 7 10948 32 2.000000000
15 389 7 10949 32 2.000000000
15 390 7 10950 32 2.000000000
15 391 7 10951 32 2.000000000
15 392 7 10952 32 2.000000000
15 393 7 10953 32 2.000000000
15 394 7 10954 32 2.000000000
15 395 7 10955 32 2.000000000
15 396 7 10956 32 2.000000000
15 397 7 10957 32 2.000000000
15 398 7 10958 32 2.000000000
15 399 7 10959 32 2.000000000
