960
0 64 7 10000 8 2.000000000
1 65 7 10001 8 2.000000000
2 66 7 10002 8 2.000000000
3 67 7 10003 8 2.000000000
4 68 7 10004 8 2.000000000
5 69 7 10005 8 2.000000000
6 70 7 10006 8 2.000000000
7 71 7 10007 8 2.000000000
8 72 7 10008 8 2.000000000
9 73 7 10009 8 2.000000000
10 74 7 10010 8 2.000000000
11 75 7 10011 8 2.000000000
12 76 7 10012 8 2.000000000
13 77 7 10013 8 2.000000000
14 78 7 10014 8 2.000000000
15 79 7 10015 8 2.000000000
0 256 7 10016 8 2.000000000
8 264 7 10017 8 2.000000000
0 128 7 10018 8 2.000000000
8 136 7 10019 8 2.000000000
0 8 7 10020 8 2.000000000
8 0 7 10021 8 2.000000000
1 257 7 10022 8 2.000000000
9 265 7 10023 8 2.000000000
1 129 7 10024 8 2.000000000
9 137 7 10025 8 2.000000000
1 9 7 10026 8 2.000000000
9 1 7 10027 8 2.000000000
2 258 7 10028 8 2.000000000
10 266 7 10029 8 2.000000000
2 130 7 10030 8 2.000000000
10 138 7 10031 8 2.000000000
2 10 7 10032 8 2.000000000
10 2 7 10033 8 2.000000000
3 259 7 10034 8 2.000000000
11 267 7 10035 8 2.000000000
3 131 7 10036 8 2.000000000
11 139 7 10037 8 2.000000000
3 11 7 10038 8 2.000000000
11 3 7 10039 8 2.000000000
4 260 7 10040 8 2.000000000
12 268 7 10041 8 2.000000000
4 132 7 10042 8 2.000000000
12 140 7 10043 8 2.000000000
4 12 7 10044 8 2.000000000
12 4 7 10045 8 2.000000000
5 261 7 10046 8 2.000000000
13 269 7 10047 8 2.000000000
5 133 7 10048 8 2.000000000
13 141 7 10049 8 2.000000000
5 13 7 10050 8 2.000000000
13 5 7 10051 8 2.000000000
6 262 7 10052 8 2.000000000
14 270 7 10053 8 2.000000000
6 134 7 10054 8 2.000000000
14 142 7 10055 8 2.000000000
6 14 7 10056 8 2.000000000
14 6 7 10057 8 2.000000000
7 263 7 10058 8 2.000000000
15 271 7 10059 8 2.000000000
7 135 7 10060 8 2.000000000
15 143 7 10061 8 2.000000000
7 15 7 10062 8 2.000000000
15 7 7 10063 8 2.000000000
0 8 7 10064 8 2.000000000
0 9 7 10065 8 2.000000000
0 10 7 10066 8 2.000000000
0 11 7 10067 8 2.000000000
0 12 7 10068 8 2.000000000
0 13 7 10069 8 2.000000000
0 14 7 10070 8 2.000000000
0 15 7 10071 8 2.000000000
0 128 7 10072 8 2.000000000
0 129 7 10073 8 2.000000000
0 130 7 10074 8 2.000000000
0 131 7 10075 8 2.000000000
0 132 7 10076 8 2.000000000
0 133 7 10077 8 2.000000000
0 134 7 10078 8 2.000000000
0 135 7 10079 8 2.000000000
0 136 7 10080 8 2.000000000
0 137 7 10081 8 2.000000000
0 138 7 10082 8 2.000000000
0 139 7 10083 8 2.000000000
0 140 7 10084 8 2.000000000
0 141 7 10085 8 2.000000000
0 142 7 10086 8 2.000000000
0 143 7 10087 8 2.000000000
0 256 7 10088 8 2.000000000
0 257 7 10089 8 2.000000000
0 258 7 10090 8 2.000000000
0 259 7 10091 8 2.000000000
0 260 7 10092 8 2.000000000
0 261 7 10093 8 2.000000000
0 262 7 10094 8 2.000000000
0 263 7 10095 8 2.000000000
0 264 7 10096 8 2.000000000
0 265 7 10097 8 2.000000000
0 266 7 10098 8 2.000000000
0 267 7 10099 8 2.000000000
0 268 7 10100 8 2.000000000
0 269 7 10101 8 2.000000000
0 270 7 10102 8 2.000000000
0 271 7 10103 8 2.000000000
0 384 7 10104 8 2.000000000
0 385 7 10105 8 2.000000000
0 386 7 10106 8 2.000000000
0 387 7 10107 8 2.000000000
0 388 7 10108 8 2.000000000
0 389 7 10109 8 2.000000000
0 390 7 10110 8 2.000000000
0 391 7 10111 8 2.000000000
0 392 7 10112 8 2.000000000
0 393 7 10113 8 2.000000000
0 394 7 10114 8 2.000000000
0 395 7 10115 8 2.000000000
0 396 7 10116 8 2.000000000
0 397 7 10117 8 2.000000000
0 398 7 10118 8 2.000000000
0 399 7 10119 8 2.000000000
1 8 7 10120 8 2.000000000
1 9 7 10121 8 2.000000000
1 10 7 10122 8 2.000000000
1 11 7 10123 8 2.000000000
1 12 7 10124 8 2.000000000
1 13 7 10125 8 2.000000000
1 14 7 10126 8 2.000000000
1 15 7 10127 8 2.000000000
1 128 7 10128 8 2.000000000
1 129 7 10129 8 2.000000000
1 130 7 10130 8 2.000000000
1 131 7 10131 8 2.000000000
1 132 7 10132 8 2.000000000
1 133 7 10133 8 2.000000000
1 134 7 10134 8 2.000000000
1 135 7 10135 8 2.000000000
1 136 7 10136 8 2.000000000
1 137 7 10137 8 2.000000000
1 138 7 10138 8 2.000000000
1 139 7 10139 8 2.000000000
1 140 7 10140 8 2.000000000
1 141 7 10141 8 2.000000000
1 142 7 10142 8 2.000000000
1 143 7 10143 8 2.000000000
1 256 7 10144 8 2.000000000
1 257 7 10145 8 2.000000000
1 258 7 10146 8 2.000000000
1 259 7 10147 8 2.000000000
1 260 7 10148 8 2.000000000
1 261 7 10149 8 2.000000000
1 262 7 10150 8 2.000000000
1 263 7 10151 8 2.000000000
1 264 7 10152 8 2.000000000
1 265 7 10153 8 2.000000000
1 266 7 10154 8 2.000000000
1 267 7 10155 8 2.000000000
1 268 7 10156 8 2.000000000
1 269 7 10157 8 2.000000000
1 270 7 10158 8 2.000000000
1 271 7 10159 8 2.000000000
1 384 7 10160 8 2.000000000
1 385 7 10161 8 2.000000000
1 386 7 10162 8 2.000000000
1 387 7 10163 8 2.000000000
1 388 7 10164 8 2.000000000
1 389 7 10165 8 2.000000000
1 390 7 10166 8 2.000000000
1 391 7 10167 8 2.000000000
1 392 7 10168 8 2.000000000
1 393 7 10169 8 2.000000000
1 394 7 10170 8 2.000000000
1 395 7 10171 8 2.000000000
1 396 7 10172 8 2.000000000
1 397 7 10173 8 2.000000000
1 398 7 10174 8 2.000000000
1 399 7 10175 8 2.000000000
2 8 7 10176 8 2.000000000
2 9 7 10177 8 2.000000000
2 10 7 10178 8 2.000000000
2 11 7 10179 8 2.000000000
2 12 7 10180 8 2.000000000
2 13 7 10181 8 2.000000000
2 14 7 10182 8 2.000000000
2 15 7 10183 8 2.000000000
2 128 7 10184 8 2.000000000
2 129 7 10185 8 2.000000000
2 130 7 10186 8 2.000000000
2 131 7 10187 8 2.000000000
2 132 7 10188 8 2.000000000
2 133 7 10189 8 2.000000000
2 134 7 10190 8 2.000000000
2 135 7 10191 8 2.000000000
2 136 7 10192 8 2.000000000
2 137 7 10193 8 2.000000000
2 138 7 10194 8 2.000000000
2 139 7 10195 8 2.000000000
2 140 7 10196 8 2.000000000
2 141 7 10197 8 2.000000000
2 142 7 10198 8 2.000000000
2 143 7 10199 8 2.000000000
2 256 7 10200 8 2.000000000
2 257 7 10201 8 2.000000000
2 258 7 10202 8 2.000000000
2 259 7 10203 8 2.000000000
2 260 7 10204 8 2.000000000
2 261 7 10205 8 2.000000000
2 262 7 10206 8 2.000000000
2 263 7 10207 8 2.000000000
2 264 7 10208 8 2.000000000
2 265 7 10209 8 2.000000000
2 266 7 10210 8 2.000000000
2 267 7 10211 8 2.000000000
2 268 7 10212 8 2.000000000
2 269 7 10213 8 2.000000000
2 270 7 10214 8 2.000000000
2 271 7 10215 8 2.000000000
2 384 7 10216 8 2.000000000
2 385 7 10217 8 2.000000000
2 386 7 10218 8 2.000000000
2 387 7 10219 8 2.000000000
2 388 7 10220 8 2.000000000
2 389 7 10221 8 2.000000000
2 390 7 10222 8 2.000000000
2 391 7 10223 8 2.000000000
2 392 7 10224 8 2.000000000
2 393 7 10225 8 2.000000000
2 394 7 10226 8 2.000000000
2 395 7 10227 8 2.000000000
2 396 7 10228 8 2.000000000
2 397 7 10229 8 2.000000000
2 398 7 10230 8 2.000000000
2 399 7 10231 8 2.000000000
3 8 7 10232 8 2.000000000
3 9 7 10233 8 2.000000000
3 10 7 10234 8 2.000000000
3 11 7 10235 8 2.000000000
3 12 7 10236 8 2.000000000
3 13 7 10237 8 2.000000000
3 14 7 10238 8 2.000000000
3 15 7 10239 8 2.000000000
3 128 7 10240 8 2.000000000
3 129 7 10241 8 2.000000000
3 130 7 10242 8 2.000000000
3 131 7 10243 8 2.000000000
3 132 7 10244 8 2.000000000
3 133 7 10245 8 2.000000000
3 134 7 10246 8 2.000000000
3 135 7 10247 8 2.000000000
3 136 7 10248 8 2.000000000
3 137 7 10249 8 2.000000000
3 138 7 10250 8 2.000000000
3 139 7 10251 8 2.000000000
3 140 7 10252 8 2.000000000
3 141 7 10253 8 2.000000000
3 142 7 10254 8 2.000000000
3 143 7 10255 8 2.000000000
3 256 7 10256 8 2.000000000
3 257 7 10257 8 2.000000000
3 258 7 10258 8 2.000000000
3 259 7 10259 8 2.000000000
3 260 7 10260 8 2.000000000
3 261 7 10261 8 2.000000000
3 262 7 10262 8 2.000000000
3 263 7 10263 8 2.000000000
3 264 7 10264 8 2.000000000
3 265 7 10265 8 2.000000000
3 266 7 10266 8 2.000000000
3 267 7 10267 8 2.000000000
3 268 7 10268 8 2.000000000
3 269 7 10269 8 2.000000000
3 270 7 10270 8 2.000000000
3 271 7 10271 8 2.000000000
3 384 7 10272 8 2.000000000
3 385 7 10273 8 2.000000000
3 386 7 10274 8 2.000000000
3 387 7 10275 8 2.000000000
3 388 7 10276 8 2.000000000
3 389 7 10277 8 2.000000000
3 390 7 10278 8 2.000000000
3 391 7 10279 8 2.000000000
3 392 7 10280 8 2.000000000
3 393 7 10281 8 2.000000000
3 394 7 10282 8 2.000000000
3 395 7 10283 8 2.000000000
3 396 7 10284 8 2.000000000
3 397 7 10285 8 2.000000000
3 398 7 10286 8 2.000000000
3 399 7 10287 8 2.000000000
4 8 7 10288 8 2.000000000
4 9 7 10289 8 2.000000000
4 10 7 10290 8 2.000000000
4 11 7 10291 8 2.000000000
4 12 7 10292 8 2.000000000
4 13 7 10293 8 2.000000000
4 14 7 10294 8 2.000000000
4 15 7 10295 8 2.000000000
4 128 7 10296 8 2.000000000
4 129 7 10297 8 2.000000000
4 130 7 10298 8 2.000000000
4 131 7 10299 8 2.000000000
4 132 7 10300 8 2.000000000
4 133 7 10301 8 2.000000000
4 134 7 10302 8 2.000000000
4 135 7 10303 8 2.000000000
4 136 7 10304 8 2.000000000
4 137 7 10305 8 2.000000000
4 138 7 10306 8 2.000000000
4 139 7 10307 8 2.000000000
4 140 7 10308 8 2.000000000
4 141 7 10309 8 2.000000000
4 142 7 10310 8 2.000000000
4 143 7 10311 8 2.000000000
4 256 7 10312 8 2.000000000
4 257 7 10313 8 2.000000000
4 258 7 10314 8 2.000000000
4 259 7 10315 8 2.000000000
4 260 7 10316 8 2.000000000
4 261 7 10317 8 2.000000000
4 262 7 10318 8 2.000000000
4 263 7 10319 8 2.000000000
4 264 7 10320 8 2.000000000
4 265 7 10321 8 2.000000000
4 266 7 10322 8 2.000000000
4 267 7 10323 8 2.000000000
4 268 7 10324 8 2.000000000
4 269 7 10325 8 2.000000000
4 270 7 10326 8 2.000000000
4 271 7 10327 8 2.000000000
4 384 7 10328 8 2.000000000
4 385 7 10329 8 2.000000000
4 386 7 10330 8 2.000000000
4 387 7 10331 8 2.000000000
4 388 7 10332 8 2.000000000
4 389 7 10333 8 2.000000000
4 390 7 10334 8 2.000000000
4 391 7 10335 8 2.000000000
4 392 7 10336 8 2.000000000
4 393 7 10337 8 2.000000000
4 394 7 10338 8 2.000000000
4 395 7 10339 8 2.000000000
4 396 7 10340 8 2.000000000
4 397 7 10341 8 2.000000000
4 398 7 10342 8 2.000000000
4 399 7 10343 8 2.000000000
5 8 7 10344 8 2.000000000
5 9 7 10345 8 2.000000000
5 10 7 10346 8 2.000000000
5 11 7 10347 8 2.000000000
5 12 7 10348 8 2.000000000
5 13 7 10349 8 2.000000000
5 14 7 10350 8 2.000000000
5 15 7 10351 8 2.000000000
5 128 7 10352 8 2.000000000
5 129 7 10353 8 2.000000000
5 130 7 10354 8 2.000000000
5 131 7 10355 8 2.000000000
5 132 7 10356 8 2.000000000
5 133 7 10357 8 2.000000000
5 134 7 10358 8 2.000000000
5 135 7 10359 8 2.000000000
5 136 7 10360 8 2.000000000
5 137 7 10361 8 2.000000000
5 138 7 10362 8 2.000000000
5 139 7 10363 8 2.000000000
5 140 7 10364 8 2.000000000
5 141 7 10365 8 2.000000000
5 142 7 10366 8 2.000000000
5 143 7 10367 8 2.000000000
5 256 7 10368 8 2.000000000
5 257 7 10369 8 2.000000000
5 258 7 10370 8 2.000000000
5 259 7 10371 8 2.000000000
5 260 7 10372 8 2.000000000
5 261 7 10373 8 2.000000000
5 262 7 10374 8 2.000000000
5 263 7 10375 8 2.000000000
5 264 7 10376 8 2.000000000
5 265 7 10377 8 2.000000000
5 266 7 10378 8 2.000000000
5 267 7 10379 8 2.000000000
5 268 7 10380 8 2.000000000
5 269 7 10381 8 2.000000000
5 270 7 10382 8 2.000000000
5 271 7 10383 8 2.000000000
5 384 7 10384 8 2.000000000
5 385 7 10385 8 2.000000000
5 386 7 10386 8 2.000000000
5 387 7 10387 8 2.000000000
5 388 7 10388 8 2.000000000
5 389 7 10389 8 2.000000000
5 390 7 10390 8 2.000000000
5 391 7 10391 8 2.000000000
5 392 7 10392 8 2.000000000
5 393 7 10393 8 2.000000000
5 394 7 10394 8 2.000000000
5 395 7 10395 8 2.000000000
5 396 7 10396 8 2.000000000
5 397 7 10397 8 2.000000000
5 398 7 10398 8 2.000000000
5 399 7 10399 8 2.000000000
6 8 7 10400 8 2.000000000
6 9 7 10401 8 2.000000000
6 10 7 10402 8 2.000000000
6 11 7 10403 8 2.000000000
6 12 7 10404 8 2.000000000
6 13 7 10405 8 2.000000000
6 14 7 10406 8 2.000000000
6 15 7 10407 8 2.000000000
6 128 7 10408 8 2.000000000
6 129 7 10409 8 2.000000000
6 130 7 10410 8 2.000000000
6 131 7 10411 8 2.000000000
6 132 7 10412 8 2.000000000
6 133 7 10413 8 2.000000000
6 134 7 10414 8 2.000000000
6 135 7 10415 8 2.000000000
6 136 7 10416 8 2.000000000
6 137 7 10417 8 2.000000000
6 138 7 10418 8 2.000000000
6 139 7 10419 8 2.000000000
6 140 7 10420 8 2.000000000
6 141 7 10421 8 2.000000000
6 142 7 10422 8 2.000000000
6 143 7 10423 8 2.000000000
6 256 7 10424 8 2.000000000
6 257 7 10425 8 2.000000000
6 258 7 10426 8 2.000000000
6 259 7 10427 8 2.000000000
6 260 7 10428 8 2.000000000
6 261 7 10429 8 2.000000000
6 262 7 10430 8 2.000000000
6 263 7 10431 8 2.000000000
6 264 7 10432 8 2.000000000
6 265 7 10433 8 2.000000000
6 266 7 10434 8 2.000000000
6 267 7 10435 8 2.000000000
6 268 7 10436 8 2.000000000
6 269 7 10437 8 2.000000000
6 270 7 10438 8 2.000000000
6 271 7 10439 8 2.000000000
6 384 7 10440 8 2.000000000
6 385 7 10441 8 2.000000000
6 386 7 10442 8 2.000000000
6 387 7 10443 8 2.000000000
6 388 7 10444 8 2.000000000
6 389 7 10445 8 2.000000000
6 390 7 10446 8 2.000000000
6 391 7 10447 8 2.000000000
6 392 7 10448 8 2.000000000
6 393 7 10449 8 2.000000000
6 394 7 10450 8 2.000000000
6 395 7 10451 8 2.000000000
6 396 7 10452 8 2.000000000
6 397 7 10453 8 2.000000000
6 398 7 10454 8 2.000000000
6 399 7 10455 8 2.000000000
7 8 7 10456 8 2.000000000
7 9 7 10457 8 2.000000000
7 10 7 10458 8 2.000000000
7 11 7 10459 8 2.000000000
7 12 7 10460 8 2.000000000
7 13 7 10461 8 2.000000000
7 14 7 10462 8 2.000000000
7 15 7 10463 8 2.000000000
7 128 7 10464 8 2.000000000
7 129 7 10465 8 2.000000000
7 130 7 10466 8 2.000000000
7 131 7 10467 8 2.000000000
7 132 7 10468 8 2.000000000
7 133 7 10469 8 2.000000000
7 134 7 10470 8 2.000000000
7 135 7 10471 8 2.000000000
7 136 7 10472 8 2.000000000
7 137 7 10473 8 2.000000000
7 138 7 10474 8 2.000000000
7 139 7 10475 8 2.000000000
7 140 7 10476 8 2.000000000
7 141 7 10477 8 2.000000000
7 142 7 10478 8 2.000000000
7 143 7 10479 8 2.000000000
7 256 7 10480 8 2.000000000
7 257 7 10481 8 2.000000000
7 258 7 10482 8 2.000000000
7 259 7 10483 8 2.000000000
7 260 7 10484 8 2.000000000
7 261 7 10485 8 2.000000000
7 262 7 10486 8 2.000000000
7 263 7 10487 8 2.000000000
7 264 7 10488 8 2.000000000
7 265 7 10489 8 2.000000000
7 266 7 10490 8 2.000000000
7 267 7 10491 8 2.000000000
7 268 7 10492 8 2.000000000
7 269 7 10493 8 2.000000000
7 270 7 10494 8 2.000000000
7 271 7 10495 8 2.000000000
7 384 7 10496 8 2.000000000
7 385 7 10497 8 2.000000000
7 386 7 10498 8 2.000000000
7 387 7 10499 8 2.000000000
7 388 7 10500 8 2.000000000
7 389 7 10501 8 2.000000000
7 390 7 10502 8 2.000000000
7 391 7 10503 8 2.000000000
7 392 7 10504 8 2.000000000
7 393 7 10505 8 2.000000000
7 394 7 10506 8 2.000000000
7 395 7 10507 8 2.000000000
7 396 7 10508 8 2.000000000
7 397 7 10509 8 2.000000000
7 398 7 10510 8 2.000000000
7 399 7 10511 8 2.000000000
8 0 7 10512 8 2.000000000
8 1 7 10513 8 2.000000000
8 2 7 10514 8 2.000000000
8 3 7 10515 8 2.000000000
8 4 7 10516 8 2.000000000
8 5 7 10517 8 2.000000000
8 6 7 10518 8 2.000000000
8 7 7 10519 8 2.000000000
8 128 7 10520 8 2.000000000
8 129 7 10521 8 2.000000000
8 130 7 10522 8 2.000000000
8 131 7 10523 8 2.000000000
8 132 7 10524 8 2.000000000
8 133 7 10525 8 2.000000000
8 134 7 10526 8 2.000000000
8 135 7 10527 8 2.000000000
8 136 7 10528 8 2.000000000
8 137 7 10529 8 2.000000000
8 138 7 10530 8 2.000000000
8 139 7 10531 8 2.000000000
8 140 7 10532 8 2.000000000
8 141 7 10533 8 2.000000000
8 142 7 10534 8 2.000000000
8 143 7 10535 8 2.000000000
8 256 7 10536 8 2.000000000
8 257 7 10537 8 2.000000000
8 258 7 10538 8 2.000000000
8 259 7 10539 8 2.000000000
8 260 7 10540 8 2.000000000
8 261 7 10541 8 2.000000000
8 262 7 10542 8 2.000000000
8 263 7 10543 8 2.000000000
8 264 7 10544 8 2.000000000
8 265 7 10545 8 2.000000000
8 266 7 10546 8 2.000000000
8 267 7 10547 8 2.000000000
8 268 7 10548 8 2.000000000
8 269 7 10549 8 2.000000000
8 270 7 10550 8 2.000000000
8 271 7 10551 8 2.000000000
8 384 7 10552 8 2.000000000
8 385 7 10553 8 2.000000000
8 386 7 10554 8 2.000000000
8 387 7 10555 8 2.000000000
8 388 7 10556 8 2.000000000
8 389 7 10557 8 2.000000000
8 390 7 10558 8 2.000000000
8 391 7 10559 8 2.000000000
8 392 7 10560 8 2.000000000
8 393 7 10561 8 2.000000000
8 394 7 10562 8 2.000000000
8 395 7 10563 8 2.000000000
8 396 7 10564 8 2.000000000
8 397 7 10565 8 2.000000000
8 398 7 10566 8 2.000000000
8 399 7 10567 8 2.000000000
9 0 7 10568 8 2.000000000
9 1 7 10569 8 2.000000000
9 2 7 10570 8 2.000000000
9 3 7 10571 8 2.000000000
9 4 7 10572 8 2.000000000
9 5 7 10573 8 2.000000000
9 6 7 10574 8 2.000000000
9 7 7 10575 8 2.000000000
9 128 7 10576 8 2.000000000
9 129 7 10577 8 2.000000000
9 130 7 10578 8 2.000000000
9 131 7 10579 8 2.000000000
9 132 7 10580 8 2.000000000
9 133 7 10581 8 2.000000000
9 134 7 10582 8 2.000000000
9 135 7 10583 8 2.000000000
9 136 7 10584 8 2.000000000
9 137 7 10585 8 2.000000000
9 138 7 10586 8 2.000000000
9 139 7 10587 8 2.000000000
9 140 7 10588 8 2.000000000
9 141 7 10589 8 2.000000000
9 142 7 10590 8 2.000000000
9 143 7 10591 8 2.000000000
9 256 7 10592 8 2.000000000
9 257 7 10593 8 2.000000000
9 258 7 10594 8 2.000000000
9 259 7 10595 8 2.000000000
9 260 7 10596 8 2.000000000
9 261 7 10597 8 2.000000000
9 262 7 10598 8 2.000000000
9 263 7 10599 8 2.000000000
9 264 7 10600 8 2.000000000
9 265 7 10601 8 2.000000000
9 266 7 10602 8 2.000000000
9 267 7 10603 8 2.000000000
9 268 7 10604 8 2.000000000
9 269 7 10605 8 2.000000000
9 270 7 10606 8 2.000000000
9 271 7 10607 8 2.000000000
9 384 7 10608 8 2.000000000
9 385 7 10609 8 2.000000000
9 386 7 10610 8 2.000000000
9 387 7 10611 8 2.000000000
9 388 7 10612 8 2.000000000
9 389 7 10613 8 2.000000000
9 390 7 10614 8 2.000000000
9 391 7 10615 8 2.000000000
9 392 7 10616 8 2.000000000
9 393 7 10617 8 2.000000000
9 394 7 10618 8 2.000000000
9 395 7 10619 8 2.000000000
9 396 7 10620 8 2.000000000
9 397 7 10621 8 2.000000000
9 398 7 10622 8 2.000000000
9 399 7 10623 8 2.000000000
10 0 7 10624 8 2.000000000
10 1 7 10625 8 2.000000000
10 2 7 10626 8 2.000000000
10 3 7 10627 8 2.000000000
10 4 7 10628 8 2.000000000
10 5 7 10629 8 2.000000000
10 6 7 10630 8 2.000000000
10 7 7 10631 8 2.000000000
10 128 7 10632 8 2.000000000
10 129 7 10633 8 2.000000000
10 130 7 10634 8 2.000000000
10 131 7 10635 8 2.000000000
10 132 7 10636 8 2.000000000
10 133 7 10637 8 2.000000000
10 134 7 10638 8 2.000000000
10 135 7 10639 8 2.000000000
10 136 7 10640 8 2.000000000
10 137 7 10641 8 2.000000000
10 138 7 10642 8 2.000000000
10 139 7 10643 8 2.000000000
10 140 7 10644 8 2.000000000
10 141 7 10645 8 2.000000000
10 142 7 10646 8 2.000000000
10 143 7 10647 8 2.000000000
10 256 7 10648 8 2.000000000
10 257 7 10649 8 2.000000000
10 258 7 10650 8 2.000000000
10 259 7 10651 8 2.000000000
10 260 7 10652 8 2.000000000
10 261 7 10653 8 2.000000000
10 262 7 10654 8 2.000000000
10 263 7 10655 8 2.000000000
10 264 7 10656 8 2.000000000
10 265 7 10657 8 2.000000000
10 266 7 10658 8 2.000000000
10 267 7 10659 8 2.000000000
10 268 7 10660 8 2.000000000
10 269 7 10661 8 2.000000000
10 270 7 10662 8 2.000000000
10 271 7 10663 8 2.000000000
10 384 7 10664 8 2.000000000
10 385 7 10665 8 2.000000000
10 386 7 10666 8 2.000000000
10 387 7 10667 8 2.000000000
10 388 7 10668 8 2.000000000
10 389 7 10669 8 2.000000000
10 390 7 10670 8 2.000000000
10 391 7 10671 8 2.000000000
10 392 7 10672 8 2.000000000
10 393 7 10673 8 2.000000000
10 394 7 10674 8 2.000000000
10 395 7 10675 8 2.000000000
10 396 7 10676 8 2.000000000
10 397 7 10677 8 2.000000000
10 398 7 10678 8 2.000000000
10 399 7 10679 8 2.000000000
11 0 7 10680 8 2.000000000
11 1 7 10681 8 2.000000000
11 2 7 10682 8 2.000000000
11 3 7 10683 8 2.000000000
11 4 7 10684 8 2.000000000
11 5 7 10685 8 2.000000000
11 6 7 10686 8 2.000000000
11 7 7 10687 8 2.000000000
11 128 7 10688 8 2.000000000
11 129 7 10689 8 2.000000000
11 130 7 10690 8 2.000000000
11 131 7 10691 8 2.000000000
11 132 7 10692 8 2.000000000
11 133 7 10693 8 2.000000000
11 134 7 10694 8 2.000000000
11 135 7 10695 8 2.000000000
11 136 7 10696 8 2.000000000
11 137 7 10697 8 2.000000000
11 138 7 10698 8 2.000000000
11 139 7 10699 8 2.000000000
11 140 7 10700 8 2.000000000
11 141 7 10701 8 2.000000000
11 142 7 10702 8 2.000000000
11 143 7 10703 8 2.000000000
11 256 7 10704 8 2.000000000
11 257 7 10705 8 2.000000000
11 258 7 10706 8 2.000000000
11 259 7 10707 8 2.000000000
11 260 7 10708 8 2.000000000
11 261 7 10709 8 2.000000000
11 262 7 10710 8 2.000000000
11 263 7 10711 8 2.000000000
11 264 7 10712 8 2.000000000
11 265 7 10713 8 2.000000000
11 266 7 10714 8 2.000000000
11 267 7 10715 8 2.000000000
11 268 7 10716 8 2.000000000
11 269 7 10717 8 2.000000000
11 270 7 10718 8 2.000000000
11 271 7 10719 8 2.000000000
11 384 7 10720 8 2.000000000
11 385 7 10721 8 2.000000000
11 386 7 10722 8 2.000000000
11 387 7 10723 8 2.000000000
11 388 7 10724 8 2.000000000
11 389 7 10725 8 2.000000000
11 390 7 10726 8 2.000000000
11 391 7 10727 8 2.000000000
11 392 7 10728 8 2.000000000
11 393 7 10729 8 2.000000000
11 394 7 10730 8 2.000000000
11 395 7 10731 8 2.000000000
11 396 7 10732 8 2.000000000
11 397 7 10733 8 2.000000000
11 398 7 10734 8 2.000000000
11 399 7 10735 8 2.000000000
12 0 7 10736 8 2.000000000
12 1 7 10737 8 2.000000000
12 2 7 10738 8 2.000000000
12 3 7 10739 8 2.000000000
12 4 7 10740 8 2.000000000
12 5 7 10741 8 2.000000000
12 6 7 10742 8 2.000000000
12 7 7 10743 8 2.000000000
12 128 7 10744 8 2.000000000
12 129 7 10745 8 2.000000000
12 130 7 10746 8 2.000000000
12 131 7 10747 8 2.000000000
12 132 7 10748 8 2.000000000
12 133 7 10749 8 2.000000000
12 134 7 10750 8 2.000000000
12 135 7 10751 8 2.000000000
12 136 7 10752 8 2.000000000
12 137 7 10753 8 2.000000000
12 138 7 10754 8 2.000000000
12 139 7 10755 8 2.000000000
12 140 7 10756 8 2.000000000
12 141 7 10757 8 2.000000000
12 142 7 10758 8 2.000000000
12 143 7 10759 8 2.000000000
12 256 7 10760 8 2.000000000
12 257 7 10761 8 2.000000000
12 258 7 10762 8 2.000000000
12 259 7 10763 8 2.000000000
12 260 7 10764 8 2.000000000
12 261 7 10765 8 2.000000000
12 262 7 10766 8 2.000000000
12 263 7 10767 8 2.000000000
12 264 7 10768 8 2.000000000
12 265 7 10769 8 2.000000000
12 266 7 10770 8 2.000000000
12 267 7 10771 8 2.000000000
12 268 7 10772 8 2.000000000
12 269 7 10773 8 2.000000000
12 270 7 10774 8 2.000000000
12 271 7 10775 8 2.000000000
12 384 7 10776 8 2.000000000
12 385 7 10777 8 2.000000000
12 386 7 10778 8 2.000000000
12 387 7 10779 8 2.000000000
12 388 7 10780 8 2.000000000
12 389 7 10781 8 2.000000000
12 390 7 10782 8 2.000000000
12 391 7 10783 8 2.000000000
12 392 7 10784 8 2.000000000
12 393 7 10785 8 2.000000000
12 394 7 10786 8 2.000000000
12 395 7 10787 8 2.000000000
12 396 7 10788 8 2.000000000
12 397 7 10789 8 2.000000000
12 398 7 10790 8 2.000000000
12 399 7 10791 8 2.000000000
13 0 7 10792 8 2.000000000
13 1 7 10793 8 2.000000000
13 2 7 10794 8 2.000000000
13 3 7 10795 8 2.000000000
13 4 7 10796 8 2.000000000
13 5 7 10797 8 2.000000000
13 6 7 10798 8 2.000000000
13 7 7 10799 8 2.000000000
13 128 7 10800 8 2.000000000
13 129 7 10801 8 2.000000000
13 130 7 10802 8 2.000000000
13 131 7 10803 8 2.000000000
13 132 7 10804 8 2.000000000
13 133 7 10805 8 2.000000000
13 134 7 10806 8 2.000000000
13 135 7 10807 8 2.000000000
13 136 7 10808 8 2.000000000
13 137 7 10809 8 2.000000000
13 138 7 10810 8 2.000000000
13 139 7 10811 8 2.000000000
13 140 7 10812 8 2.000000000
13 141 7 10813 8 2.000000000
13 142 7 10814 8 2.000000000
13 143 7 10815 8 2.000000000
13 256 7 10816 8 2.000000000
13 257 7 10817 8 2.000000000
13 258 7 10818 8 2.000000000
13 259 7 10819 8 2.000000000
13 260 7 10820 8 2.000000000
13 261 7 10821 8 2.000000000
13 262 7 10822 8 2.000000000
13 263 7 10823 8 2.000000000
13 264 7 10824 8 2.000000000
13 265 7 10825 8 2.000000000
13 266 7 10826 8 2.000000000
13 267 7 10827 8 2.000000000
13 268 7 10828 8 2.000000000
13 269 7 10829 8 2.000000000
13 270 7 10830 8 2.000000000
13 271 7 10831 8 2.000000000
13 384 7 10832 8 2.000000000
13 385 7 10833 8 2.000000000
13 386 7 10834 8 2.000000000
13 387 7 10835 8 2.000000000
13 388 7 10836 8 2.000000000
13 389 7 10837 8 2.000000000
13 390 7 10838 8 2.000000000
13 391 7 10839 8 2.000000000
13 392 7 10840 8 2.000000000
13 393 7 10841 8 2.000000000
13 394 7 10842 8 2.000000000
13 395 7 10843 8 2.000000000
13 396 7 10844 8 2.000000000
13 397 7 10845 8 2.000000000
13 398 7 10846 8 2.000000000
13 399 7 10847 8 2.000000000
14 0 7 10848 8 2.000000000
14 1 7 10849 8 2.000000000
14 2 7 10850 8 2.000000000
14 3 7 10851 8 2.000000000
14 4 7 10852 8 2.000000000
14 5 7 10853 8 2.000000000
14 6 7 10854 8 2.000000000
14 7 7 10855 8 2.000000000
14 128 7 10856 8 2.000000000
14 129 7 10857 8 2.000000000
14 130 7 10858 8 2.000000000
14 131 7 10859 8 2.000000000
14 132 7 10860 8 2.000000000
14 133 7 10861 8 2.000000000
14 134 7 10862 8 2.000000000
14 135 7 10863 8 2.000000000
14 136 7 10864 8 2.000000000
14 137 7 10865 8 2.000000000
14 138 7 10866 8 2.000000000
14 139 7 10867 8 2.000000000
14 140 7 10868 8 2.000000000
14 141 7 10869 8 2.000000000
14 142 7 10870 8 2.000000000
14 143 7 10871 8 2.000000000
14 256 7 10872 8 2.000000000
14 257 7 10873 8 2.000000000
14 258 7 10874 8 2.000000000
14 259 7 10875 8 2.000000000
14 260 7 10876 8 2.000000000
14 261 7 10877 8 2.000000000
14 262 7 10878 8 2.000000000
14 263 7 10879 8 2.000000000
14 264 7 10880 8 2.000000000
14 265 7 10881 8 2.000000000
14 266 7 10882 8 2.000000000
14 267 7 10883 8 2.000000000
14 268 7 10884 8 2.000000000
14 269 7 10885 8 2.000000000
14 270 7 10886 8 2.000000000
14 271 7 10887 8 2.000000000
14 384 7 10888 8 2.000000000
14 385 7 10889 8 2.000000000
14 386 7 10890 8 2.000000000
14 387 7 10891 8 2.000000000
14 388 7 10892 8 2.000000000
14 389 7 10893 8 2.000000000
14 390 7 10894 8 2.000000000
14 391 7 10895 8 2.000000000
14 392 7 10896 8 2.000000000
14 393 7 10897 8 2.000000000
14 394 7 10898 8 2.000000000
14 395 7 10899 8 2.000000000
14 396 7 10900 8 2.000000000
14 397 7 10901 8 2.000000000
14 398 7 10902 8 2.000000000
14 399 7 10903 8 2.000000000
15 0 7 10904 8 2.000000000
15 1 7 10905 8 2.000000000
15 2 7 10906 8 2.000000000
15 3 7 10907 8 2.000000000
15 4 7 10908 8 2.000000000
15 5 7 10909 8 2.000000000
15 6 7 10910 8 2.000000000
15 7 7 10911 8 2.000000000
15 128 7 10912 8 2.000000000
15 129 7 10913 8 2.000000000
15 130 7 10914 8 2.000000000
15 131 7 10915 8 2.000000000
15 132 7 10916 8 2.000000000
15 133 7 10917 8 2.000000000
15 134 7 10918 8 2.000000000
15 135 7 10919 8 2.000000000
15 136 7 10920 8 2.000000000
15 137 7 10921 8 2.000000000
15 138 7 10922 8 2.000000000
15 139 7 10923 8 2.000000000
15 140 7 10924 8 2.000000000
15 141 7 10925 8 2.000000000
15 142 7 10926 8 2.000000000
15 143 7 10927 8 2.000000000
15 256 7 10928 8 2.000000000
15 257 7 10929 8 2.000000000
15 258 7 10930 8 2.000000000
15 259 7 10931 8 2.000000000
15 260 7 10932 8 2.000000000
15 261 7 10933 8 2.000000000
15 262 7 10934 8 2.000000000
15 263 7 10935 8 2.000000000
15 264 7 10936 8 2.000000000
15 265 7 10937 8 2.000000000
15 266 7 10938 8 2.000000000
15 267 7 10939 8 2.000000000
15 268 7 10940 8 2.000000000
15 269 7 10941 8 2.000000000
15 270 7 10942 8 2.000000000
15 271 7 10943 8 2.000000000
15 384 7 10944 8 2.000000000
15 385 7 10945 8 2.000000000
15 386 7 10946 8 2.000000000
15 387 7 10947 8 2.000000000
15 388 7 10948 8 2.000000000
15 389 7 10949 8 2.000000000
15 390 7 10950 8 2.000000000
15 391 7 10951 8 2.000000000
15 392 7 10952 8 2.000000000
15 393 7 10953 8 2.000000000
15 394 7 10954 8 2.000000000
15 395 7 10955 8 2.000000000
15 396 7 10956 8 2.000000000
15 397 7 10957 8 2.000000000
15 398 7 10958 8 2.000000000
15 399 7 10959 8 2.000000000
