960
0 64 7 10000 16 2.000000000
1 65 7 10001 16 2.000000000
2 66 7 10002 16 2.000000000
3 67 7 10003 16 2.000000000
4 68 7 10004 16 2.000000000
5 69 7 10005 16 2.000000000
6 70 7 10006 16 2.000000000
7 71 7 10007 16 2.000000000
8 72 7 10008 16 2.000000000
9 73 7 10009 16 2.000000000
10 74 7 10010 16 2.000000000
11 75 7 10011 16 2.000000000
12 76 7 10012 16 2.000000000
13 77 7 10013 16 2.000000000
14 78 7 10014 16 2.000000000
15 79 7 10015 16 2.000000000
0 256 7 10016 16 2.000000000
8 264 7 10017 16 2.000000000
0 128 7 10018 16 2.000000000
8 136 7 10019 16 2.000000000
0 8 7 10020 16 2.000000000
8 0 7 10021 16 2.000000000
1 257 7 10022 16 2.000000000
9 265 7 10023 16 2.000000000
1 129 7 10024 16 2.000000000
9 137 7 10025 16 2.000000000
1 9 7 10026 16 2.000000000
9 1 7 10027 16 2.000000000
2 258 7 10028 16 2.000000000
10 266 7 10029 16 2.000000000
2 130 7 10030 16 2.000000000
10 138 7 10031 16 2.000000000
2 10 7 10032 16 2.000000000
10 2 7 10033 16 2.000000000
3 259 7 10034 16 2.000000000
11 267 7 10035 16 2.000000000
3 131 7 10036 16 2.000000000
11 139 7 10037 16 2.000000000
3 11 7 10038 16 2.000000000
11 3 7 10039 16 2.000000000
4 260 7 10040 16 2.000000000
12 268 7 10041 16 2.000000000
4 132 7 10042 16 2.000000000
12 140 7 10043 16 2.000000000
4 12 7 10044 16 2.000000000
12 4 7 10045 16 2.000000000
5 261 7 10046 16 2.000000000
13 269 7 10047 16 2.000000000
5 133 7 10048 16 2.000000000
13 141 7 10049 16 2.000000000
5 13 7 10050 16 2.000000000
13 5 7 10051 16 2.000000000
6 262 7 10052 16 2.000000000
14 270 7 10053 16 2.000000000
6 134 7 10054 16 2.000000000
14 142 7 10055 16 2.000000000
6 14 7 10056 16 2.000000000
14 6 7 10057 16 2.000000000
7 263 7 10058 16 2.000000000
15 271 7 10059 16 2.000000000
7 135 7 10060 16 2.000000000
15 143 7 10061 16 2.000000000
7 15 7 10062 16 2.000000000
15 7 7 10063 16 2.000000000
0 8 7 10064 16 2.000000000
0 9 7 10065 16 2.000000000
0 10 7 10066 16 2.000000000
0 11 7 10067 16 2.000000000
0 12 7 10068 16 2.000000000
0 13 7 10069 16 2.000000000
0 14 7 10070 16 2.000000000
0 15 7 10071 16 2.000000000
0 128 7 10072 16 2.000000000
0 129 7 10073 16 2.000000000
0 130 7 10074 16 2.000000000
0 131 7 10075 16 2.000000000
0 132 7 10076 16 2.000000000
0 133 7 10077 16 2.000000000
0 134 7 10078 16 2.000000000
0 135 7 10079 16 2.000000000
0 136 7 10080 16 2.000000000
0 137 7 10081 16 2.000000000
0 138 7 10082 16 2.000000000
0 139 7 10083 16 2.000000000
0 140 7 10084 16 2.000000000
0 141 7 10085 16 2.000000000
0 142 7 10086 16 2.000000000
0 143 7 10087 16 2.000000000
0 256 7 10088 16 2.000000000
0 257 7 10089 16 2.000000000
0 258 7 10090 16 2.000000000
0 259 7 10091 16 2.000000000
0 260 7 10092 16 2.000000000
0 261 7 10093 16 2.000000000
0 262 7 10094 16 2.000000000
0 263 7 10095 16 2.000000000
0 264 7 10096 16 2.000000000
0 265 7 10097 16 2.000000000
0 266 7 10098 16 2.000000000
0 267 7 10099 16 2.000000000
0 268 7 10100 16 2.000000000
0 269 7 10101 16 2.000000000
0 270 7 10102 16 2.000000000
0 271 7 10103 16 2.000000000
0 384 7 10104 16 2.000000000
0 385 7 10105 16 2.000000000
0 386 7 10106 16 2.000000000
0 387 7 10107 16 2.000000000
0 388 7 10108 16 2.000000000
0 389 7 10109 16 2.000000000
0 390 7 10110 16 2.000000000
0 391 7 10111 16 2.000000000
0 392 7 10112 16 2.000000000
0 393 7 10113 16 2.000000000
0 394 7 10114 16 2.000000000
0 395 7 10115 16 2.000000000
0 396 7 10116 16 2.000000000
0 397 7 10117 16 2.000000000
0 398 7 10118 16 2.000000000
0 399 7 10119 16 2.000000000
1 8 7 10120 16 2.000000000
1 9 7 10121 16 2.000000000
1 10 7 10122 16 2.000000000
1 11 7 10123 16 2.000000000
1 12 7 10124 16 2.000000000
1 13 7 10125 16 2.000000000
1 14 7 10126 16 2.000000000
1 15 7 10127 16 2.000000000
1 128 7 10128 16 2.000000000
1 129 7 10129 16 2.000000000
1 130 7 10130 16 2.000000000
1 131 7 10131 16 2.000000000
1 132 7 10132 16 2.000000000
1 133 7 10133 16 2.000000000
1 134 7 10134 16 2.000000000
1 135 7 10135 16 2.000000000
1 136 7 10136 16 2.000000000
1 137 7 10137 16 2.000000000
1 138 7 10138 16 2.000000000
1 139 7 10139 16 2.000000000
1 140 7 10140 16 2.000000000
1 141 7 10141 16 2.000000000
1 142 7 10142 16 2.000000000
1 143 7 10143 16 2.000000000
1 256 7 10144 16 2.000000000
1 257 7 10145 16 2.000000000
1 258 7 10146 16 2.000000000
1 259 7 10147 16 2.000000000
1 260 7 10148 16 2.000000000
1 261 7 10149 16 2.000000000
1 262 7 10150 16 2.000000000
1 263 7 10151 16 2.000000000
1 264 7 10152 16 2.000000000
1 265 7 10153 16 2.000000000
1 266 7 10154 16 2.000000000
1 267 7 10155 16 2.000000000
1 268 7 10156 16 2.000000000
1 269 7 10157 16 2.000000000
1 270 7 10158 16 2.000000000
1 271 7 10159 16 2.000000000
1 384 7 10160 16 2.000000000
1 385 7 10161 16 2.000000000
1 386 7 10162 16 2.000000000
1 387 7 10163 16 2.000000000
1 388 7 10164 16 2.000000000
1 389 7 10165 16 2.000000000
1 390 7 10166 16 2.000000000
1 391 7 10167 16 2.000000000
1 392 7 10168 16 2.000000000
1 393 7 10169 16 2.000000000
1 394 7 10170 16 2.000000000
1 395 7 10171 16 2.000000000
1 396 7 10172 16 2.000000000
1 397 7 10173 16 2.000000000
1 398 7 10174 16 2.000000000
1 399 7 10175 16 2.000000000
2 8 7 10176 16 2.000000000
2 9 7 10177 16 2.000000000
2 10 7 10178 16 2.000000000
2 11 7 10179 16 2.000000000
2 12 7 10180 16 2.000000000
2 13 7 10181 16 2.000000000
2 14 7 10182 16 2.000000000
2 15 7 10183 16 2.000000000
2 128 7 10184 16 2.000000000
2 129 7 10185 16 2.000000000
2 130 7 10186 16 2.000000000
2 131 7 10187 16 2.000000000
2 132 7 10188 16 2.000000000
2 133 7 10189 16 2.000000000
2 134 7 10190 16 2.000000000
2 135 7 10191 16 2.000000000
2 136 7 10192 16 2.000000000
2 137 7 10193 16 2.000000000
2 138 7 10194 16 2.000000000
2 139 7 10195 16 2.000000000
2 140 7 10196 16 2.000000000
2 141 7 10197 16 2.000000000
2 142 7 10198 16 2.000000000
2 143 7 10199 16 2.000000000
2 256 7 10200 16 2.000000000
2 257 7 10201 16 2.000000000
2 258 7 10202 16 2.000000000
2 259 7 10203 16 2.000000000
2 260 7 10204 16 2.000000000
2 261 7 10205 16 2.000000000
2 262 7 10206 16 2.000000000
2 263 7 10207 16 2.000000000
2 264 7 10208 16 2.000000000
2 265 7 10209 16 2.000000000
2 266 7 10210 16 2.000000000
2 267 7 10211 16 2.000000000
2 268 7 10212 16 2.000000000
2 269 7 10213 16 2.000000000
2 270 7 10214 16 2.000000000
2 271 7 10215 16 2.000000000
2 384 7 10216 16 2.000000000
2 385 7 10217 16 2.000000000
2 386 7 10218 16 2.000000000
2 387 7 10219 16 2.000000000
2 388 7 10220 16 2.000000000
2 389 7 10221 16 2.000000000
2 390 7 10222 16 2.000000000
2 391 7 10223 16 2.000000000
2 392 7 10224 16 2.000000000
2 393 7 10225 16 2.000000000
2 394 7 10226 16 2.000000000
2 395 7 10227 16 2.000000000
2 396 7 10228 16 2.000000000
2 397 7 10229 16 2.000000000
2 398 7 10230 16 2.000000000
2 399 7 10231 16 2.000000000
3 8 7 10232 16 2.000000000
3 9 7 10233 16 2.000000000
3 10 7 10234 16 2.000000000
3 11 7 10235 16 2.000000000
3 12 7 10236 16 2.000000000
3 13 7 10237 16 2.000000000
3 14 7 10238 16 2.000000000
3 15 7 10239 16 2.000000000
3 128 7 10240 16 2.000000000
3 129 7 10241 16 2.000000000
3 130 7 10242 16 2.000000000
3 131 7 10243 16 2.000000000
3 132 7 10244 16 2.000000000
3 133 7 10245 16 2.000000000
3 134 7 10246 16 2.000000000
3 135 7 10247 16 2.000000000
3 136 7 10248 16 2.000000000
3 137 7 10249 16 2.000000000
3 138 7 10250 16 2.000000000
3 139 7 10251 16 2.000000000
3 140 7 10252 16 2.000000000
3 141 7 10253 16 2.000000000
3 142 7 10254 16 2.000000000
3 143 7 10255 16 2.000000000
3 256 7 10256 16 2.000000000
3 257 7 10257 16 2.000000000
3 258 7 10258 16 2.000000000
3 259 7 10259 16 2.000000000
3 260 7 10260 16 2.000000000
3 261 7 10261 16 2.000000000
3 262 7 10262 16 2.000000000
3 263 7 10263 16 2.000000000
3 264 7 10264 16 2.000000000
3 265 7 10265 16 2.000000000
3 266 7 10266 16 2.000000000
3 267 7 10267 16 2.000000000
3 268 7 10268 16 2.000000000
3 269 7 10269 16 2.000000000
3 270 7 10270 16 2.000000000
3 271 7 10271 16 2.000000000
3 384 7 10272 16 2.000000000
3 385 7 10273 16 2.000000000
3 386 7 10274 16 2.000000000
3 387 7 10275 16 2.000000000
3 388 7 10276 16 2.000000000
3 389 7 10277 16 2.000000000
3 390 7 10278 16 2.000000000
3 391 7 10279 16 2.000000000
3 392 7 10280 16 2.000000000
3 393 7 10281 16 2.000000000
3 394 7 10282 16 2.000000000
3 395 7 10283 16 2.000000000
3 396 7 10284 16 2.000000000
3 397 7 10285 16 2.000000000
3 398 7 10286 16 2.000000000
3 399 7 10287 16 2.000000000
4 8 7 10288 16 2.000000000
4 9 7 10289 16 2.000000000
4 10 7 10290 16 2.000000000
4 11 7 10291 16 2.000000000
4 12 7 10292 16 2.000000000
4 13 7 10293 16 2.000000000
4 14 7 10294 16 2.000000000
4 15 7 10295 16 2.000000000
4 128 7 10296 16 2.000000000
4 129 7 10297 16 2.000000000
4 130 7 10298 16 2.000000000
4 131 7 10299 16 2.000000000
4 132 7 10300 16 2.000000000
4 133 7 10301 16 2.000000000
4 134 7 10302 16 2.000000000
4 135 7 10303 16 2.000000000
4 136 7 10304 16 2.000000000
4 137 7 10305 16 2.000000000
4 138 7 10306 16 2.000000000
4 139 7 10307 16 2.000000000
4 140 7 10308 16 2.000000000
4 141 7 10309 16 2.000000000
4 142 7 10310 16 2.000000000
4 143 7 10311 16 2.000000000
4 256 7 10312 16 2.000000000
4 257 7 10313 16 2.000000000
4 258 7 10314 16 2.000000000
4 259 7 10315 16 2.000000000
4 260 7 10316 16 2.000000000
4 261 7 10317 16 2.000000000
4 262 7 10318 16 2.000000000
4 263 7 10319 16 2.000000000
4 264 7 10320 16 2.000000000
4 265 7 10321 16 2.000000000
4 266 7 10322 16 2.000000000
4 267 7 10323 16 2.000000000
4 268 7 10324 16 2.000000000
4 269 7 10325 16 2.000000000
4 270 7 10326 16 2.000000000
4 271 7 10327 16 2.000000000
4 384 7 10328 16 2.000000000
4 385 7 10329 16 2.000000000
4 386 7 10330 16 2.000000000
4 387 7 10331 16 2.000000000
4 388 7 10332 16 2.000000000
4 389 7 10333 16 2.000000000
4 390 7 10334 16 2.000000000
4 391 7 10335 16 2.000000000
4 392 7 10336 16 2.000000000
4 393 7 10337 16 2.000000000
4 394 7 10338 16 2.000000000
4 395 7 10339 16 2.000000000
4 396 7 10340 16 2.000000000
4 397 7 10341 16 2.000000000
4 398 7 10342 16 2.000000000
4 399 7 10343 16 2.000000000
5 8 7 10344 16 2.000000000
5 9 7 10345 16 2.000000000
5 10 7 10346 16 2.000000000
5 11 7 10347 16 2.000000000
5 12 7 10348 16 2.000000000
5 13 7 10349 16 2.000000000
5 14 7 10350 16 2.000000000
5 15 7 10351 16 2.000000000
5 128 7 10352 16 2.000000000
5 129 7 10353 16 2.000000000
5 130 7 10354 16 2.000000000
5 131 7 10355 16 2.000000000
5 132 7 10356 16 2.000000000
5 133 7 10357 16 2.000000000
5 134 7 10358 16 2.000000000
5 135 7 10359 16 2.000000000
5 136 7 10360 16 2.000000000
5 137 7 10361 16 2.000000000
5 138 7 10362 16 2.000000000
5 139 7 10363 16 2.000000000
5 140 7 10364 16 2.000000000
5 141 7 10365 16 2.000000000
5 142 7 10366 16 2.000000000
5 143 7 10367 16 2.000000000
5 256 7 10368 16 2.000000000
5 257 7 10369 16 2.000000000
5 258 7 10370 16 2.000000000
5 259 7 10371 16 2.000000000
5 260 7 10372 16 2.000000000
5 261 7 10373 16 2.000000000
5 262 7 10374 16 2.000000000
5 263 7 10375 16 2.000000000
5 264 7 10376 16 2.000000000
5 265 7 10377 16 2.000000000
5 266 7 10378 16 2.000000000
5 267 7 10379 16 2.000000000
5 268 7 10380 16 2.000000000
5 269 7 10381 16 2.000000000
5 270 7 10382 16 2.000000000
5 271 7 10383 16 2.000000000
5 384 7 10384 16 2.000000000
5 385 7 10385 16 2.000000000
5 386 7 10386 16 2.000000000
5 387 7 10387 16 2.000000000
5 388 7 10388 16 2.000000000
5 389 7 10389 16 2.000000000
5 390 7 10390 16 2.000000000
5 391 7 10391 16 2.000000000
5 392 7 10392 16 2.000000000
5 393 7 10393 16 2.000000000
5 394 7 10394 16 2.000000000
5 395 7 10395 16 2.000000000
5 396 7 10396 16 2.000000000
5 397 7 10397 16 2.000000000
5 398 7 10398 16 2.000000000
5 399 7 10399 16 2.000000000
6 8 7 10400 16 2.000000000
6 9 7 10401 16 2.000000000
6 10 7 10402 16 2.000000000
6 11 7 10403 16 2.000000000
6 12 7 10404 16 2.000000000
6 13 7 10405 16 2.000000000
6 14 7 10406 16 2.000000000
6 15 7 10407 16 2.000000000
6 128 7 10408 16 2.000000000
6 129 7 10409 16 2.000000000
6 130 7 10410 16 2.000000000
6 131 7 10411 16 2.000000000
6 132 7 10412 16 2.000000000
6 133 7 10413 16 2.000000000
6 134 7 10414 16 2.000000000
6 135 7 10415 16 2.000000000
6 136 7 10416 16 2.000000000
6 137 7 10417 16 2.000000000
6 138 7 10418 16 2.000000000
6 139 7 10419 16 2.000000000
6 140 7 10420 16 2.000000000
6 141 7 10421 16 2.000000000
6 142 7 10422 16 2.000000000
6 143 7 10423 16 2.000000000
6 256 7 10424 16 2.000000000
6 257 7 10425 16 2.000000000
6 258 7 10426 16 2.000000000
6 259 7 10427 16 2.000000000
6 260 7 10428 16 2.000000000
6 261 7 10429 16 2.000000000
6 262 7 10430 16 2.000000000
6 263 7 10431 16 2.000000000
6 264 7 10432 16 2.000000000
6 265 7 10433 16 2.000000000
6 266 7 10434 16 2.000000000
6 267 7 10435 16 2.000000000
6 268 7 10436 16 2.000000000
6 269 7 10437 16 2.000000000
6 270 7 10438 16 2.000000000
6 271 7 10439 16 2.000000000
6 384 7 10440 16 2.000000000
6 385 7 10441 16 2.000000000
6 386 7 10442 16 2.000000000
6 387 7 10443 16 2.000000000
6 388 7 10444 16 2.000000000
6 389 7 10445 16 2.000000000
6 390 7 10446 16 2.000000000
6 391 7 10447 16 2.000000000
6 392 7 10448 16 2.000000000
6 393 7 10449 16 2.000000000
6 394 7 10450 16 2.000000000
6 395 7 10451 16 2.000000000
6 396 7 10452 16 2.000000000
6 397 7 10453 16 2.000000000
6 398 7 10454 16 2.000000000
6 399 7 10455 16 2.000000000
7 8 7 10456 16 2.000000000
7 9 7 10457 16 2.000000000
7 10 7 10458 16 2.000000000
7 11 7 10459 16 2.000000000
7 12 7 10460 16 2.000000000
7 13 7 10461 16 2.000000000
7 14 7 10462 16 2.000000000
7 15 7 10463 16 2.000000000
7 128 7 10464 16 2.000000000
7 129 7 10465 16 2.000000000
7 130 7 10466 16 2.000000000
7 131 7 10467 16 2.000000000
7 132 7 10468 16 2.000000000
7 133 7 10469 16 2.000000000
7 134 7 10470 16 2.000000000
7 135 7 10471 16 2.000000000
7 136 7 10472 16 2.000000000
7 137 7 10473 16 2.000000000
7 138 7 10474 16 2.000000000
7 139 7 10475 16 2.000000000
7 140 7 10476 16 2.000000000
7 141 7 10477 16 2.000000000
7 142 7 10478 16 2.000000000
7 143 7 10479 16 2.000000000
7 256 7 10480 16 2.000000000
7 257 7 10481 16 2.000000000
7 258 7 10482 16 2.000000000
7 259 7 10483 16 2.000000000
7 260 7 10484 16 2.000000000
7 261 7 10485 16 2.000000000
7 262 7 10486 16 2.000000000
7 263 7 10487 16 2.000000000
7 264 7 10488 16 2.000000000
7 265 7 10489 16 2.000000000
7 266 7 10490 16 2.000000000
7 267 7 10491 16 2.000000000
7 268 7 10492 16 2.000000000
7 269 7 10493 16 2.000000000
7 270 7 10494 16 2.000000000
7 271 7 10495 16 2.000000000
7 384 7 10496 16 2.000000000
7 385 7 10497 16 2.000000000
7 386 7 10498 16 2.000000000
7 387 7 10499 16 2.000000000
7 388 7 10500 16 2.000000000
7 389 7 10501 16 2.000000000
7 390 7 10502 16 2.000000000
7 391 7 10503 16 2.000000000
7 392 7 10504 16 2.000000000
7 393 7 10505 16 2.000000000
7 394 7 10506 16 2.000000000
7 395 7 10507 16 2.000000000
7 396 7 10508 16 2.000000000
7 397 7 10509 16 2.000000000
7 398 7 10510 16 2.000000000
7 399 7 10511 16 2.000000000
8 0 7 10512 16 2.000000000
8 1 7 10513 16 2.000000000
8 2 7 10514 16 2.000000000
8 3 7 10515 16 2.000000000
8 4 7 10516 16 2.000000000
8 5 7 10517 16 2.000000000
8 6 7 10518 16 2.000000000
8 7 7 10519 16 2.000000000
8 128 7 10520 16 2.000000000
8 129 7 10521 16 2.000000000
8 130 7 10522 16 2.000000000
8 131 7 10523 16 2.000000000
8 132 7 10524 16 2.000000000
8 133 7 10525 16 2.000000000
8 134 7 10526 16 2.000000000
8 135 7 10527 16 2.000000000
8 136 7 10528 16 2.000000000
8 137 7 10529 16 2.000000000
8 138 7 10530 16 2.000000000
8 139 7 10531 16 2.000000000
8 140 7 10532 16 2.000000000
8 141 7 10533 16 2.000000000
8 142 7 10534 16 2.000000000
8 143 7 10535 16 2.000000000
8 256 7 10536 16 2.000000000
8 257 7 10537 16 2.000000000
8 258 7 10538 16 2.000000000
8 259 7 10539 16 2.000000000
8 260 7 10540 16 2.000000000
8 261 7 10541 16 2.000000000
8 262 7 10542 16 2.000000000
8 263 7 10543 16 2.000000000
8 264 7 10544 16 2.000000000
8 265 7 10545 16 2.000000000
8 266 7 10546 16 2.000000000
8 267 7 10547 16 2.000000000
8 268 7 10548 16 2.000000000
8 269 7 10549 16 2.000000000
8 270 7 10550 16 2.000000000
8 271 7 10551 16 2.000000000
8 384 7 10552 16 2.000000000
8 385 7 10553 16 2.000000000
8 386 7 10554 16 2.000000000
8 387 7 10555 16 2.000000000
8 388 7 10556 16 2.000000000
8 389 7 10557 16 2.000000000
8 390 7 10558 16 2.000000000
8 391 7 10559 16 2.000000000
8 392 7 10560 16 2.000000000
8 393 7 10561 16 2.000000000
8 394 7 10562 16 2.000000000
8 395 7 10563 16 2.000000000
8 396 7 10564 16 2.000000000
8 397 7 10565 16 2.000000000
8 398 7 10566 16 2.000000000
8 399 7 10567 16 2.000000000
9 0 7 10568 16 2.000000000
9 1 7 10569 16 2.000000000
9 2 7 10570 16 2.000000000
9 3 7 10571 16 2.000000000
9 4 7 10572 16 2.000000000
9 5 7 10573 16 2.000000000
9 6 7 10574 16 2.000000000
9 7 7 10575 16 2.000000000
9 128 7 10576 16 2.000000000
9 129 7 10577 16 2.000000000
9 130 7 10578 16 2.000000000
9 131 7 10579 16 2.000000000
9 132 7 10580 16 2.000000000
9 133 7 10581 16 2.000000000
9 134 7 10582 16 2.000000000
9 135 7 10583 16 2.000000000
9 136 7 10584 16 2.000000000
9 137 7 10585 16 2.000000000
9 138 7 10586 16 2.000000000
9 139 7 10587 16 2.000000000
9 140 7 10588 16 2.000000000
9 141 7 10589 16 2.000000000
9 142 7 10590 16 2.000000000
9 143 7 10591 16 2.000000000
9 256 7 10592 16 2.000000000
9 257 7 10593 16 2.000000000
9 258 7 10594 16 2.000000000
9 259 7 10595 16 2.000000000
9 260 7 10596 16 2.000000000
9 261 7 10597 16 2.000000000
9 262 7 10598 16 2.000000000
9 263 7 10599 16 2.000000000
9 264 7 10600 16 2.000000000
9 265 7 10601 16 2.000000000
9 266 7 10602 16 2.000000000
9 267 7 10603 16 2.000000000
9 268 7 10604 16 2.000000000
9 269 7 10605 16 2.000000000
9 270 7 10606 16 2.000000000
9 271 7 10607 16 2.000000000
9 384 7 10608 16 2.000000000
9 385 7 10609 16 2.000000000
9 386 7 10610 16 2.000000000
9 387 7 10611 16 2.000000000
9 388 7 10612 16 2.000000000
9 389 7 10613 16 2.000000000
9 390 7 10614 16 2.000000000
9 391 7 10615 16 2.000000000
9 392 7 10616 16 2.000000000
9 393 7 10617 16 2.000000000
9 394 7 10618 16 2.000000000
9 395 7 10619 16 2.000000000
9 396 7 10620 16 2.000000000
9 397 7 10621 16 2.000000000
9 398 7 10622 16 2.000000000
9 399 7 10623 16 2.000000000
10 0 7 10624 16 2.000000000
10 1 7 10625 16 2.000000000
10 2 7 10626 16 2.000000000
10 3 7 10627 16 2.000000000
10 4 7 10628 16 2.000000000
10 5 7 10629 16 2.000000000
10 6 7 10630 16 2.000000000
10 7 7 10631 16 2.000000000
10 128 7 10632 16 2.000000000
10 129 7 10633 16 2.000000000
10 130 7 10634 16 2.000000000
10 131 7 10635 16 2.000000000
10 132 7 10636 16 2.000000000
10 133 7 10637 16 2.000000000
10 134 7 10638 16 2.000000000
10 135 7 10639 16 2.000000000
10 136 7 10640 16 2.000000000
10 137 7 10641 16 2.000000000
10 138 7 10642 16 2.000000000
10 139 7 10643 16 2.000000000
10 140 7 10644 16 2.000000000
10 141 7 10645 16 2.000000000
10 142 7 10646 16 2.000000000
10 143 7 10647 16 2.000000000
10 256 7 10648 16 2.000000000
10 257 7 10649 16 2.000000000
10 258 7 10650 16 2.000000000
10 259 7 10651 16 2.000000000
10 260 7 10652 16 2.000000000
10 261 7 10653 16 2.000000000
10 262 7 10654 16 2.000000000
10 263 7 10655 16 2.000000000
10 264 7 10656 16 2.000000000
10 265 7 10657 16 2.000000000
10 266 7 10658 16 2.000000000
10 267 7 10659 16 2.000000000
10 268 7 10660 16 2.000000000
10 269 7 10661 16 2.000000000
10 270 7 10662 16 2.000000000
10 271 7 10663 16 2.000000000
10 384 7 10664 16 2.000000000
10 385 7 10665 16 2.000000000
10 386 7 10666 16 2.000000000
10 387 7 10667 16 2.000000000
10 388 7 10668 16 2.000000000
10 389 7 10669 16 2.000000000
10 390 7 10670 16 2.000000000
10 391 7 10671 16 2.000000000
10 392 7 10672 16 2.000000000
10 393 7 10673 16 2.000000000
10 394 7 10674 16 2.000000000
10 395 7 10675 16 2.000000000
10 396 7 10676 16 2.000000000
10 397 7 10677 16 2.000000000
10 398 7 10678 16 2.000000000
10 399 7 10679 16 2.000000000
11 0 7 10680 16 2.000000000
11 1 7 10681 16 2.000000000
11 2 7 10682 16 2.000000000
11 3 7 10683 16 2.000000000
11 4 7 10684 16 2.000000000
11 5 7 10685 16 2.000000000
11 6 7 10686 16 2.000000000
11 7 7 10687 16 2.000000000
11 128 7 10688 16 2.000000000
11 129 7 10689 16 2.000000000
11 130 7 10690 16 2.000000000
11 131 7 10691 16 2.000000000
11 132 7 10692 16 2.000000000
11 133 7 10693 16 2.000000000
11 134 7 10694 16 2.000000000
11 135 7 10695 16 2.000000000
11 136 7 10696 16 2.000000000
11 137 7 10697 16 2.000000000
11 138 7 10698 16 2.000000000
11 139 7 10699 16 2.000000000
11 140 7 10700 16 2.000000000
11 141 7 10701 16 2.000000000
11 142 7 10702 16 2.000000000
11 143 7 10703 16 2.000000000
11 256 7 10704 16 2.000000000
11 257 7 10705 16 2.000000000
11 258 7 10706 16 2.000000000
11 259 7 10707 16 2.000000000
11 260 7 10708 16 2.000000000
11 261 7 10709 16 2.000000000
11 262 7 10710 16 2.000000000
11 263 7 10711 16 2.000000000
11 264 7 10712 16 2.000000000
11 265 7 10713 16 2.000000000
11 266 7 10714 16 2.000000000
11 267 7 10715 16 2.000000000
11 268 7 10716 16 2.000000000
11 269 7 10717 16 2.000000000
11 270 7 10718 16 2.000000000
11 271 7 10719 16 2.000000000
11 384 7 10720 16 2.000000000
11 385 7 10721 16 2.000000000
11 386 7 10722 16 2.000000000
11 387 7 10723 16 2.000000000
11 388 7 10724 16 2.000000000
11 389 7 10725 16 2.000000000
11 390 7 10726 16 2.000000000
11 391 7 10727 16 2.000000000
11 392 7 10728 16 2.000000000
11 393 7 10729 16 2.000000000
11 394 7 10730 16 2.000000000
11 395 7 10731 16 2.000000000
11 396 7 10732 16 2.000000000
11 397 7 10733 16 2.000000000
11 398 7 10734 16 2.000000000
11 399 7 10735 16 2.000000000
12 0 7 10736 16 2.000000000
12 1 7 10737 16 2.000000000
12 2 7 10738 16 2.000000000
12 3 7 10739 16 2.000000000
12 4 7 10740 16 2.000000000
12 5 7 10741 16 2.000000000
12 6 7 10742 16 2.000000000
12 7 7 10743 16 2.000000000
12 128 7 10744 16 2.000000000
12 129 7 10745 16 2.000000000
12 130 7 10746 16 2.000000000
12 131 7 10747 16 2.000000000
12 132 7 10748 16 2.000000000
12 133 7 10749 16 2.000000000
12 134 7 10750 16 2.000000000
12 135 7 10751 16 2.000000000
12 136 7 10752 16 2.000000000
12 137 7 10753 16 2.000000000
12 138 7 10754 16 2.000000000
12 139 7 10755 16 2.000000000
12 140 7 10756 16 2.000000000
12 141 7 10757 16 2.000000000
12 142 7 10758 16 2.000000000
12 143 7 10759 16 2.000000000
12 256 7 10760 16 2.000000000
12 257 7 10761 16 2.000000000
12 258 7 10762 16 2.000000000
12 259 7 10763 16 2.000000000
12 260 7 10764 16 2.000000000
12 261 7 10765 16 2.000000000
12 262 7 10766 16 2.000000000
12 263 7 10767 16 2.000000000
12 264 7 10768 16 2.000000000
12 265 7 10769 16 2.000000000
12 266 7 10770 16 2.000000000
12 267 7 10771 16 2.000000000
12 268 7 10772 16 2.000000000
12 269 7 10773 16 2.000000000
12 270 7 10774 16 2.000000000
12 271 7 10775 16 2.000000000
12 384 7 10776 16 2.000000000
12 385 7 10777 16 2.000000000
12 386 7 10778 16 2.000000000
12 387 7 10779 16 2.000000000
12 388 7 10780 16 2.000000000
12 389 7 10781 16 2.000000000
12 390 7 10782 16 2.000000000
12 391 7 10783 16 2.000000000
12 392 7 10784 16 2.000000000
12 393 7 10785 16 2.000000000
12 394 7 10786 16 2.000000000
12 395 7 10787 16 2.000000000
12 396 7 10788 16 2.000000000
12 397 7 10789 16 2.000000000
12 398 7 10790 16 2.000000000
12 399 7 10791 16 2.000000000
13 0 7 10792 16 2.000000000
13 1 7 10793 16 2.000000000
13 2 7 10794 16 2.000000000
13 3 7 10795 16 2.000000000
13 4 7 10796 16 2.000000000
13 5 7 10797 16 2.000000000
13 6 7 10798 16 2.000000000
13 7 7 10799 16 2.000000000
13 128 7 10800 16 2.000000000
13 129 7 10801 16 2.000000000
13 130 7 10802 16 2.000000000
13 131 7 10803 16 2.000000000
13 132 7 10804 16 2.000000000
13 133 7 10805 16 2.000000000
13 134 7 10806 16 2.000000000
13 135 7 10807 16 2.000000000
13 136 7 10808 16 2.000000000
13 137 7 10809 16 2.000000000
13 138 7 10810 16 2.000000000
13 139 7 10811 16 2.000000000
13 140 7 10812 16 2.000000000
13 141 7 10813 16 2.000000000
13 142 7 10814 16 2.000000000
13 143 7 10815 16 2.000000000
13 256 7 10816 16 2.000000000
13 257 7 10817 16 2.000000000
13 258 7 10818 16 2.000000000
13 259 7 10819 16 2.000000000
13 260 7 10820 16 2.000000000
13 261 7 10821 16 2.000000000
13 262 7 10822 16 2.000000000
13 263 7 10823 16 2.000000000
13 264 7 10824 16 2.000000000
13 265 7 10825 16 2.000000000
13 266 7 10826 16 2.000000000
13 267 7 10827 16 2.000000000
13 268 7 10828 16 2.000000000
13 269 7 10829 16 2.000000000
13 270 7 10830 16 2.000000000
13 271 7 10831 16 2.000000000
13 384 7 10832 16 2.000000000
13 385 7 10833 16 2.000000000
13 386 7 10834 16 2.000000000
13 387 7 10835 16 2.000000000
13 388 7 10836 16 2.000000000
13 389 7 10837 16 2.000000000
13 390 7 10838 16 2.000000000
13 391 7 10839 16 2.000000000
13 392 7 10840 16 2.000000000
13 393 7 10841 16 2.000000000
13 394 7 10842 16 2.000000000
13 395 7 10843 16 2.000000000
13 396 7 10844 16 2.000000000
13 397 7 10845 16 2.000000000
13 398 7 10846 16 2.000000000
13 399 7 10847 16 2.000000000
14 0 7 10848 16 2.000000000
14 1 7 10849 16 2.000000000
14 2 7 10850 16 2.000000000
14 3 7 10851 16 2.000000000
14 4 7 10852 16 2.000000000
14 5 7 10853 16 2.000000000
14 6 7 10854 16 2.000000000
14 7 7 10855 16 2.000000000
14 128 7 10856 16 2.000000000
14 129 7 10857 16 2.000000000
14 130 7 10858 16 2.000000000
14 131 7 10859 16 2.000000000
14 132 7 10860 16 2.000000000
14 133 7 10861 16 2.000000000
14 134 7 10862 16 2.000000000
14 135 7 10863 16 2.000000000
14 136 7 10864 16 2.000000000
14 137 7 10865 16 2.000000000
14 138 7 10866 16 2.000000000
14 139 7 10867 16 2.000000000
14 140 7 10868 16 2.000000000
14 141 7 10869 16 2.000000000
14 142 7 10870 16 2.000000000
14 143 7 10871 16 2.000000000
14 256 7 10872 16 2.000000000
14 257 7 10873 16 2.000000000
14 258 7 10874 16 2.000000000
14 259 7 10875 16 2.000000000
14 260 7 10876 16 2.000000000
14 261 7 10877 16 2.000000000
14 262 7 10878 16 2.000000000
14 263 7 10879 16 2.000000000
14 264 7 10880 16 2.000000000
14 265 7 10881 16 2.000000000
14 266 7 10882 16 2.000000000
14 267 7 10883 16 2.000000000
14 268 7 10884 16 2.000000000
14 269 7 10885 16 2.000000000
14 270 7 10886 16 2.000000000
14 271 7 10887 16 2.000000000
14 384 7 10888 16 2.000000000
14 385 7 10889 16 2.000000000
14 386 7 10890 16 2.000000000
14 387 7 10891 16 2.000000000
14 388 7 10892 16 2.000000000
14 389 7 10893 16 2.000000000
14 390 7 10894 16 2.000000000
14 391 7 10895 16 2.000000000
14 392 7 10896 16 2.000000000
14 393 7 10897 16 2.000000000
14 394 7 10898 16 2.000000000
14 395 7 10899 16 2.000000000
14 396 7 10900 16 2.000000000
14 397 7 10901 16 2.000000000
14 398 7 10902 16 2.000000000
14 399 7 10903 16 2.000000000
15 0 7 10904 16 2.000000000
15 1 7 10905 16 2.000000000
15 2 7 10906 16 2.000000000
15 3 7 10907 16 2.000000000
15 4 7 10908 16 2.000000000
15 5 7 10909 16 2.000000000
15 6 7 10910 16 2.000000000
15 7 7 10911 16 2.000000000
15 128 7 10912 16 2.000000000
15 129 7 10913 16 2.000000000
15 130 7 10914 16 2.000000000
15 131 7 10915 16 2.000000000
15 132 7 10916 16 2.000000000
15 133 7 10917 16 2.000000000
15 134 7 10918 16 2.000000000
15 135 7 10919 16 2.000000000
15 136 7 10920 16 2.000000000
15 137 7 10921 16 2.000000000
15 138 7 10922 16 2.000000000
15 139 7 10923 16 2.000000000
15 140 7 10924 16 2.000000000
15 141 7 10925 16 2.000000000
15 142 7 10926 16 2.000000000
15 143 7 10927 16 2.000000000
15 256 7 10928 16 2.000000000
15 257 7 10929 16 2.000000000
15 258 7 10930 16 2.000000000
15 259 7 10931 16 2.000000000
15 260 7 10932 16 2.000000000
15 261 7 10933 16 2.000000000
15 262 7 10934 16 2.000000000
15 263 7 10935 16 2.000000000
15 264 7 10936 16 2.000000000
15 265 7 10937 16 2.000000000
15 266 7 10938 16 2.000000000
15 267 7 10939 16 2.000000000
15 268 7 10940 16 2.000000000
15 269 7 10941 16 2.000000000
15 270 7 10942 16 2.000000000
15 271 7 10943 16 2.000000000
15 384 7 10944 16 2.000000000
15 385 7 10945 16 2.000000000
15 386 7 10946 16 2.000000000
15 387 7 10947 16 2.000000000
15 388 7 10948 16 2.000000000
15 389 7 10949 16 2.000000000
15 390 7 10950 16 2.000000000
15 391 7 10951 16 2.000000000
15 392 7 10952 16 2.000000000
15 393 7 10953 16 2.000000000
15 394 7 10954 16 2.000000000
15 395 7 10955 16 2.000000000
15 396 7 10956 16 2.000000000
15 397 7 10957 16 2.000000000
15 398 7 10958 16 2.000000000
15 399 7 10959 16 2.000000000
