620
0 1 7 10000 64 2.000000000
0 2 7 10001 64 2.000000000
0 3 7 10002 64 2.000000000
0 4 7 10003 64 2.000000000
0 5 7 10004 64 2.000000000
0 6 7 10005 64 2.000000000
0 7 7 10006 64 2.000000000
0 8 7 10007 64 2.000000000
0 9 7 10008 64 2.000000000
0 10 7 10009 64 2.000000000
0 11 7 10010 64 2.000000000
0 12 7 10011 64 2.000000000
0 13 7 10012 64 2.000000000
0 14 7 10013 64 2.000000000
0 15 7 10014 64 2.000000000
0 16 7 10015 64 2.000000000
0 17 7 10016 64 2.000000000
0 18 7 10017 64 2.000000000
0 19 7 10018 64 2.000000000
0 20 7 10019 64 2.000000000
0 21 7 10020 64 2.000000000
0 22 7 10021 64 2.000000000
0 23 7 10022 64 2.000000000
0 24 7 10023 64 2.000000000
0 25 7 10024 64 2.000000000
0 26 7 10025 64 2.000000000
0 27 7 10026 64 2.000000000
0 28 7 10027 64 2.000000000
0 29 7 10028 64 2.000000000
0 30 7 10029 64 2.000000000
0 31 7 10030 64 2.000000000
0 32 7 10031 64 2.000000000
0 33 7 10032 64 2.000000000
0 34 7 10033 64 2.000000000
0 35 7 10034 64 2.000000000
0 36 7 10035 64 2.000000000
0 37 7 10036 64 2.000000000
0 38 7 10037 64 2.000000000
0 39 7 10038 64 2.000000000
0 40 7 10039 64 2.000000000
0 41 7 10040 64 2.000000000
0 42 7 10041 64 2.000000000
0 43 7 10042 64 2.000000000
0 44 7 10043 64 2.000000000
0 45 7 10044 64 2.000000000
0 46 7 10045 64 2.000000000
0 47 7 10046 64 2.000000000
0 48 7 10047 64 2.000000000
0 49 7 10048 64 2.000000000
0 50 7 10049 64 2.000000000
0 51 7 10050 64 2.000000000
0 52 7 10051 64 2.000000000
0 53 7 10052 64 2.000000000
0 54 7 10053 64 2.000000000
0 55 7 10054 64 2.000000000
0 56 7 10055 64 2.000000000
0 57 7 10056 64 2.000000000
0 58 7 10057 64 2.000000000
0 59 7 10058 64 2.000000000
0 60 7 10059 64 2.000000000
0 61 7 10060 64 2.000000000
0 62 7 10061 64 2.000000000
0 63 7 10062 64 2.000000000
0 64 7 10063 64 2.000000000
0 65 7 10064 64 2.000000000
0 66 7 10065 64 2.000000000
0 67 7 10066 64 2.000000000
0 68 7 10067 64 2.000000000
0 69 7 10068 64 2.000000000
0 70 7 10069 64 2.000000000
0 71 7 10070 64 2.000000000
0 72 7 10071 64 2.000000000
0 73 7 10072 64 2.000000000
0 74 7 10073 64 2.000000000
0 75 7 10074 64 2.000000000
0 76 7 10075 64 2.000000000
0 77 7 10076 64 2.000000000
0 78 7 10077 64 2.000000000
0 79 7 10078 64 2.000000000
0 80 7 10079 64 2.000000000
0 81 7 10080 64 2.000000000
0 82 7 10081 64 2.000000000
0 83 7 10082 64 2.000000000
0 84 7 10083 64 2.000000000
0 85 7 10084 64 2.000000000
0 86 7 10085 64 2.000000000
0 87 7 10086 64 2.000000000
0 88 7 10087 64 2.000000000
0 89 7 10088 64 2.000000000
0 90 7 10089 64 2.000000000
0 91 7 10090 64 2.000000000
0 92 7 10091 64 2.000000000
0 93 7 10092 64 2.000000000
0 94 7 10093 64 2.000000000
0 95 7 10094 64 2.000000000
0 96 7 10095 64 2.000000000
0 97 7 10096 64 2.000000000
0 98 7 10097 64 2.000000000
0 99 7 10098 64 2.000000000
0 100 7 10099 64 2.000000000
0 101 7 10100 64 2.000000000
0 102 7 10101 64 2.000000000
0 103 7 10102 64 2.000000000
0 104 7 10103 64 2.000000000
0 105 7 10104 64 2.000000000
0 106 7 10105 64 2.000000000
0 107 7 10106 64 2.000000000
0 108 7 10107 64 2.000000000
0 109 7 10108 64 2.000000000
0 110 7 10109 64 2.000000000
0 111 7 10110 64 2.000000000
0 112 7 10111 64 2.000000000
0 113 7 10112 64 2.000000000
0 114 7 10113 64 2.000000000
0 115 7 10114 64 2.000000000
0 116 7 10115 64 2.000000000
0 117 7 10116 64 2.000000000
0 118 7 10117 64 2.000000000
0 119 7 10118 64 2.000000000
0 120 7 10119 64 2.000000000
0 121 7 10120 64 2.000000000
0 122 7 10121 64 2.000000000
0 123 7 10122 64 2.000000000
0 124 7 10123 64 2.000000000
1 0 7 10124 64 2.000000000
1 2 7 10125 64 2.000000000
1 3 7 10126 64 2.000000000
1 4 7 10127 64 2.000000000
1 5 7 10128 64 2.000000000
1 6 7 10129 64 2.000000000
1 7 7 10130 64 2.000000000
1 8 7 10131 64 2.000000000
1 9 7 10132 64 2.000000000
1 10 7 10133 64 2.000000000
1 11 7 10134 64 2.000000000
1 12 7 10135 64 2.000000000
1 13 7 10136 64 2.000000000
1 14 7 10137 64 2.000000000
1 15 7 10138 64 2.000000000
1 16 7 10139 64 2.000000000
1 17 7 10140 64 2.000000000
1 18 7 10141 64 2.000000000
1 19 7 10142 64 2.000000000
1 20 7 10143 64 2.000000000
1 21 7 10144 64 2.000000000
1 22 7 10145 64 2.000000000
1 23 7 10146 64 2.000000000
1 24 7 10147 64 2.000000000
1 25 7 10148 64 2.000000000
1 26 7 10149 64 2.000000000
1 27 7 10150 64 2.000000000
1 28 7 10151 64 2.000000000
1 29 7 10152 64 2.000000000
1 30 7 10153 64 2.000000000
1 31 7 10154 64 2.000000000
1 32 7 10155 64 2.000000000
1 33 7 10156 64 2.000000000
1 34 7 10157 64 2.000000000
1 35 7 10158 64 2.000000000
1 36 7 10159 64 2.000000000
1 37 7 10160 64 2.000000000
1 38 7 10161 64 2.000000000
1 39 7 10162 64 2.000000000
1 40 7 10163 64 2.000000000
1 41 7 10164 64 2.000000000
1 42 7 10165 64 2.000000000
1 43 7 10166 64 2.000000000
1 44 7 10167 64 2.000000000
1 45 7 10168 64 2.000000000
1 46 7 10169 64 2.000000000
1 47 7 10170 64 2.000000000
1 48 7 10171 64 2.000000000
1 49 7 10172 64 2.000000000
1 50 7 10173 64 2.000000000
1 51 7 10174 64 2.000000000
1 52 7 10175 64 2.000000000
1 53 7 10176 64 2.000000000
1 54 7 10177 64 2.000000000
1 55 7 10178 64 2.000000000
1 56 7 10179 64 2.000000000
1 57 7 10180 64 2.000000000
1 58 7 10181 64 2.000000000
1 59 7 10182 64 2.000000000
1 60 7 10183 64 2.000000000
1 61 7 10184 64 2.000000000
1 62 7 10185 64 2.000000000
1 63 7 10186 64 2.000000000
1 64 7 10187 64 2.000000000
1 65 7 10188 64 2.000000000
1 66 7 10189 64 2.000000000
1 67 7 10190 64 2.000000000
1 68 7 10191 64 2.000000000
1 69 7 10192 64 2.000000000
1 70 7 10193 64 2.000000000
1 71 7 10194 64 2.000000000
1 72 7 10195 64 2.000000000
1 73 7 10196 64 2.000000000
1 74 7 10197 64 2.000000000
1 75 7 10198 64 2.000000000
1 76 7 10199 64 2.000000000
1 77 7 10200 64 2.000000000
1 78 7 10201 64 2.000000000
1 79 7 10202 64 2.000000000
1 80 7 10203 64 2.000000000
1 81 7 10204 64 2.000000000
1 82 7 10205 64 2.000000000
1 83 7 10206 64 2.000000000
1 84 7 10207 64 2.000000000
1 85 7 10208 64 2.000000000
1 86 7 10209 64 2.000000000
1 87 7 10210 64 2.000000000
1 88 7 10211 64 2.000000000
1 89 7 10212 64 2.000000000
1 90 7 10213 64 2.000000000
1 91 7 10214 64 2.000000000
1 92 7 10215 64 2.000000000
1 93 7 10216 64 2.000000000
1 94 7 10217 64 2.000000000
1 95 7 10218 64 2.000000000
1 96 7 10219 64 2.000000000
1 97 7 10220 64 2.000000000
1 98 7 10221 64 2.000000000
1 99 7 10222 64 2.000000000
1 100 7 10223 64 2.000000000
1 101 7 10224 64 2.000000000
1 102 7 10225 64 2.000000000
1 103 7 10226 64 2.000000000
1 104 7 10227 64 2.000000000
1 105 7 10228 64 2.000000000
1 106 7 10229 64 2.000000000
1 107 7 10230 64 2.000000000
1 108 7 10231 64 2.000000000
1 109 7 10232 64 2.000000000
1 110 7 10233 64 2.000000000
1 111 7 10234 64 2.000000000
1 112 7 10235 64 2.000000000
1 113 7 10236 64 2.000000000
1 114 7 10237 64 2.000000000
1 115 7 10238 64 2.000000000
1 116 7 10239 64 2.000000000
1 117 7 10240 64 2.000000000
1 118 7 10241 64 2.000000000
1 119 7 10242 64 2.000000000
1 120 7 10243 64 2.000000000
1 121 7 10244 64 2.000000000
1 122 7 10245 64 2.000000000
1 123 7 10246 64 2.000000000
1 124 7 10247 64 2.000000000
2 0 7 10248 64 2.000000000
2 1 7 10249 64 2.000000000
2 3 7 10250 64 2.000000000
2 4 7 10251 64 2.000000000
2 5 7 10252 64 2.000000000
2 6 7 10253 64 2.000000000
2 7 7 10254 64 2.000000000
2 8 7 10255 64 2.000000000
2 9 7 10256 64 2.000000000
2 10 7 10257 64 2.000000000
2 11 7 10258 64 2.000000000
2 12 7 10259 64 2.000000000
2 13 7 10260 64 2.000000000
2 14 7 10261 64 2.000000000
2 15 7 10262 64 2.000000000
2 16 7 10263 64 2.000000000
2 17 7 10264 64 2.000000000
2 18 7 10265 64 2.000000000
2 19 7 10266 64 2.000000000
2 20 7 10267 64 2.000000000
2 21 7 10268 64 2.000000000
2 22 7 10269 64 2.000000000
2 23 7 10270 64 2.000000000
2 24 7 10271 64 2.000000000
2 25 7 10272 64 2.000000000
2 26 7 10273 64 2.000000000
2 27 7 10274 64 2.000000000
2 28 7 10275 64 2.000000000
2 29 7 10276 64 2.000000000
2 30 7 10277 64 2.000000000
2 31 7 10278 64 2.000000000
2 32 7 10279 64 2.000000000
2 33 7 10280 64 2.000000000
2 34 7 10281 64 2.000000000
2 35 7 10282 64 2.000000000
2 36 7 10283 64 2.000000000
2 37 7 10284 64 2.000000000
2 38 7 10285 64 2.000000000
2 39 7 10286 64 2.000000000
2 40 7 10287 64 2.000000000
2 41 7 10288 64 2.000000000
2 42 7 10289 64 2.000000000
2 43 7 10290 64 2.000000000
2 44 7 10291 64 2.000000000
2 45 7 10292 64 2.000000000
2 46 7 10293 64 2.000000000
2 47 7 10294 64 2.000000000
2 48 7 10295 64 2.000000000
2 49 7 10296 64 2.000000000
2 50 7 10297 64 2.000000000
2 51 7 10298 64 2.000000000
2 52 7 10299 64 2.000000000
2 53 7 10300 64 2.000000000
2 54 7 10301 64 2.000000000
2 55 7 10302 64 2.000000000
2 56 7 10303 64 2.000000000
2 57 7 10304 64 2.000000000
2 58 7 10305 64 2.000000000
2 59 7 10306 64 2.000000000
2 60 7 10307 64 2.000000000
2 61 7 10308 64 2.000000000
2 62 7 10309 64 2.000000000
2 63 7 10310 64 2.000000000
2 64 7 10311 64 2.000000000
2 65 7 10312 64 2.000000000
2 66 7 10313 64 2.000000000
2 67 7 10314 64 2.000000000
2 68 7 10315 64 2.000000000
2 69 7 10316 64 2.000000000
2 70 7 10317 64 2.000000000
2 71 7 10318 64 2.000000000
2 72 7 10319 64 2.000000000
2 73 7 10320 64 2.000000000
2 74 7 10321 64 2.000000000
2 75 7 10322 64 2.000000000
2 76 7 10323 64 2.000000000
2 77 7 10324 64 2.000000000
2 78 7 10325 64 2.000000000
2 79 7 10326 64 2.000000000
2 80 7 10327 64 2.000000000
2 81 7 10328 64 2.000000000
2 82 7 10329 64 2.000000000
2 83 7 10330 64 2.000000000
2 84 7 10331 64 2.000000000
2 85 7 10332 64 2.000000000
2 86 7 10333 64 2.000000000
2 87 7 10334 64 2.000000000
2 88 7 10335 64 2.000000000
2 89 7 10336 64 2.000000000
2 90 7 10337 64 2.000000000
2 91 7 10338 64 2.000000000
2 92 7 10339 64 2.000000000
2 93 7 10340 64 2.000000000
2 94 7 10341 64 2.000000000
2 95 7 10342 64 2.000000000
2 96 7 10343 64 2.000000000
2 97 7 10344 64 2.000000000
2 98 7 10345 64 2.000000000
2 99 7 10346 64 2.000000000
2 100 7 10347 64 2.000000000
2 101 7 10348 64 2.000000000
2 102 7 10349 64 2.000000000
2 103 7 10350 64 2.000000000
2 104 7 10351 64 2.000000000
2 105 7 10352 64 2.000000000
2 106 7 10353 64 2.000000000
2 107 7 10354 64 2.000000000
2 108 7 10355 64 2.000000000
2 109 7 10356 64 2.000000000
2 110 7 10357 64 2.000000000
2 111 7 10358 64 2.000000000
2 112 7 10359 64 2.000000000
2 113 7 10360 64 2.000000000
2 114 7 10361 64 2.000000000
2 115 7 10362 64 2.000000000
2 116 7 10363 64 2.000000000
2 117 7 10364 64 2.000000000
2 118 7 10365 64 2.000000000
2 119 7 10366 64 2.000000000
2 120 7 10367 64 2.000000000
2 121 7 10368 64 2.000000000
2 122 7 10369 64 2.000000000
2 123 7 10370 64 2.000000000
2 124 7 10371 64 2.000000000
3 0 7 10372 64 2.000000000
3 1 7 10373 64 2.000000000
3 2 7 10374 64 2.000000000
3 4 7 10375 64 2.000000000
3 5 7 10376 64 2.000000000
3 6 7 10377 64 2.000000000
3 7 7 10378 64 2.000000000
3 8 7 10379 64 2.000000000
3 9 7 10380 64 2.000000000
3 10 7 10381 64 2.000000000
3 11 7 10382 64 2.000000000
3 12 7 10383 64 2.000000000
3 13 7 10384 64 2.000000000
3 14 7 10385 64 2.000000000
3 15 7 10386 64 2.000000000
3 16 7 10387 64 2.000000000
3 17 7 10388 64 2.000000000
3 18 7 10389 64 2.000000000
3 19 7 10390 64 2.000000000
3 20 7 10391 64 2.000000000
3 21 7 10392 64 2.000000000
3 22 7 10393 64 2.000000000
3 23 7 10394 64 2.000000000
3 24 7 10395 64 2.000000000
3 25 7 10396 64 2.000000000
3 26 7 10397 64 2.000000000
3 27 7 10398 64 2.000000000
3 28 7 10399 64 2.000000000
3 29 7 10400 64 2.000000000
3 30 7 10401 64 2.000000000
3 31 7 10402 64 2.000000000
3 32 7 10403 64 2.000000000
3 33 7 10404 64 2.000000000
3 34 7 10405 64 2.000000000
3 35 7 10406 64 2.000000000
3 36 7 10407 64 2.000000000
3 37 7 10408 64 2.000000000
3 38 7 10409 64 2.000000000
3 39 7 10410 64 2.000000000
3 40 7 10411 64 2.000000000
3 41 7 10412 64 2.000000000
3 42 7 10413 64 2.000000000
3 43 7 10414 64 2.000000000
3 44 7 10415 64 2.000000000
3 45 7 10416 64 2.000000000
3 46 7 10417 64 2.000000000
3 47 7 10418 64 2.000000000
3 48 7 10419 64 2.000000000
3 49 7 10420 64 2.000000000
3 50 7 10421 64 2.000000000
3 51 7 10422 64 2.000000000
3 52 7 10423 64 2.000000000
3 53 7 10424 64 2.000000000
3 54 7 10425 64 2.000000000
3 55 7 10426 64 2.000000000
3 56 7 10427 64 2.000000000
3 57 7 10428 64 2.000000000
3 58 7 10429 64 2.000000000
3 59 7 10430 64 2.000000000
3 60 7 10431 64 2.000000000
3 61 7 10432 64 2.000000000
3 62 7 10433 64 2.000000000
3 63 7 10434 64 2.000000000
3 64 7 10435 64 2.000000000
3 65 7 10436 64 2.000000000
3 66 7 10437 64 2.000000000
3 67 7 10438 64 2.000000000
3 68 7 10439 64 2.000000000
3 69 7 10440 64 2.000000000
3 70 7 10441 64 2.000000000
3 71 7 10442 64 2.000000000
3 72 7 10443 64 2.000000000
3 73 7 10444 64 2.000000000
3 74 7 10445 64 2.000000000
3 75 7 10446 64 2.000000000
3 76 7 10447 64 2.000000000
3 77 7 10448 64 2.000000000
3 78 7 10449 64 2.000000000
3 79 7 10450 64 2.000000000
3 80 7 10451 64 2.000000000
3 81 7 10452 64 2.000000000
3 82 7 10453 64 2.000000000
3 83 7 10454 64 2.000000000
3 84 7 10455 64 2.000000000
3 85 7 10456 64 2.000000000
3 86 7 10457 64 2.000000000
3 87 7 10458 64 2.000000000
3 88 7 10459 64 2.000000000
3 89 7 10460 64 2.000000000
3 90 7 10461 64 2.000000000
3 91 7 10462 64 2.000000000
3 92 7 10463 64 2.000000000
3 93 7 10464 64 2.000000000
3 94 7 10465 64 2.000000000
3 95 7 10466 64 2.000000000
3 96 7 10467 64 2.000000000
3 97 7 10468 64 2.000000000
3 98 7 10469 64 2.000000000
3 99 7 10470 64 2.000000000
3 100 7 10471 64 2.000000000
3 101 7 10472 64 2.000000000
3 102 7 10473 64 2.000000000
3 103 7 10474 64 2.000000000
3 104 7 10475 64 2.000000000
3 105 7 10476 64 2.000000000
3 106 7 10477 64 2.000000000
3 107 7 10478 64 2.000000000
3 108 7 10479 64 2.000000000
3 109 7 10480 64 2.000000000
3 110 7 10481 64 2.000000000
3 111 7 10482 64 2.000000000
3 112 7 10483 64 2.000000000
3 113 7 10484 64 2.000000000
3 114 7 10485 64 2.000000000
3 115 7 10486 64 2.000000000
3 116 7 10487 64 2.000000000
3 117 7 10488 64 2.000000000
3 118 7 10489 64 2.000000000
3 119 7 10490 64 2.000000000
3 120 7 10491 64 2.000000000
3 121 7 10492 64 2.000000000
3 122 7 10493 64 2.000000000
3 123 7 10494 64 2.000000000
3 124 7 10495 64 2.000000000
4 0 7 10496 64 2.000000000
4 1 7 10497 64 2.000000000
4 2 7 10498 64 2.000000000
4 3 7 10499 64 2.000000000
4 5 7 10500 64 2.000000000
4 6 7 10501 64 2.000000000
4 7 7 10502 64 2.000000000
4 8 7 10503 64 2.000000000
4 9 7 10504 64 2.000000000
4 10 7 10505 64 2.000000000
4 11 7 10506 64 2.000000000
4 12 7 10507 64 2.000000000
4 13 7 10508 64 2.000000000
4 14 7 10509 64 2.000000000
4 15 7 10510 64 2.000000000
4 16 7 10511 64 2.000000000
4 17 7 10512 64 2.000000000
4 18 7 10513 64 2.000000000
4 19 7 10514 64 2.000000000
4 20 7 10515 64 2.000000000
4 21 7 10516 64 2.000000000
4 22 7 10517 64 2.000000000
4 23 7 10518 64 2.000000000
4 24 7 10519 64 2.000000000
4 25 7 10520 64 2.000000000
4 26 7 10521 64 2.000000000
4 27 7 10522 64 2.000000000
4 28 7 10523 64 2.000000000
4 29 7 10524 64 2.000000000
4 30 7 10525 64 2.000000000
4 31 7 10526 64 2.000000000
4 32 7 10527 64 2.000000000
4 33 7 10528 64 2.000000000
4 34 7 10529 64 2.000000000
4 35 7 10530 64 2.000000000
4 36 7 10531 64 2.000000000
4 37 7 10532 64 2.000000000
4 38 7 10533 64 2.000000000
4 39 7 10534 64 2.000000000
4 40 7 10535 64 2.000000000
4 41 7 10536 64 2.000000000
4 42 7 10537 64 2.000000000
4 43 7 10538 64 2.000000000
4 44 7 10539 64 2.000000000
4 45 7 10540 64 2.000000000
4 46 7 10541 64 2.000000000
4 47 7 10542 64 2.000000000
4 48 7 10543 64 2.000000000
4 49 7 10544 64 2.000000000
4 50 7 10545 64 2.000000000
4 51 7 10546 64 2.000000000
4 52 7 10547 64 2.000000000
4 53 7 10548 64 2.000000000
4 54 7 10549 64 2.000000000
4 55 7 10550 64 2.000000000
4 56 7 10551 64 2.000000000
4 57 7 10552 64 2.000000000
4 58 7 10553 64 2.000000000
4 59 7 10554 64 2.000000000
4 60 7 10555 64 2.000000000
4 61 7 10556 64 2.000000000
4 62 7 10557 64 2.000000000
4 63 7 10558 64 2.000000000
4 64 7 10559 64 2.000000000
4 65 7 10560 64 2.000000000
4 66 7 10561 64 2.000000000
4 67 7 10562 64 2.000000000
4 68 7 10563 64 2.000000000
4 69 7 10564 64 2.000000000
4 70 7 10565 64 2.000000000
4 71 7 10566 64 2.000000000
4 72 7 10567 64 2.000000000
4 73 7 10568 64 2.000000000
4 74 7 10569 64 2.000000000
4 75 7 10570 64 2.000000000
4 76 7 10571 64 2.000000000
4 77 7 10572 64 2.000000000
4 78 7 10573 64 2.000000000
4 79 7 10574 64 2.000000000
4 80 7 10575 64 2.000000000
4 81 7 10576 64 2.000000000
4 82 7 10577 64 2.000000000
4 83 7 10578 64 2.000000000
4 84 7 10579 64 2.000000000
4 85 7 10580 64 2.000000000
4 86 7 10581 64 2.000000000
4 87 7 10582 64 2.000000000
4 88 7 10583 64 2.000000000
4 89 7 10584 64 2.000000000
4 90 7 10585 64 2.000000000
4 91 7 10586 64 2.000000000
4 92 7 10587 64 2.000000000
4 93 7 10588 64 2.000000000
4 94 7 10589 64 2.000000000
4 95 7 10590 64 2.000000000
4 96 7 10591 64 2.000000000
4 97 7 10592 64 2.000000000
4 98 7 10593 64 2.000000000
4 99 7 10594 64 2.000000000
4 100 7 10595 64 2.000000000
4 101 7 10596 64 2.000000000
4 102 7 10597 64 2.000000000
4 103 7 10598 64 2.000000000
4 104 7 10599 64 2.000000000
4 105 7 10600 64 2.000000000
4 106 7 10601 64 2.000000000
4 107 7 10602 64 2.000000000
4 108 7 10603 64 2.000000000
4 109 7 10604 64 2.000000000
4 110 7 10605 64 2.000000000
4 111 7 10606 64 2.000000000
4 112 7 10607 64 2.000000000
4 113 7 10608 64 2.000000000
4 114 7 10609 64 2.000000000
4 115 7 10610 64 2.000000000
4 116 7 10611 64 2.000000000
4 117 7 10612 64 2.000000000
4 118 7 10613 64 2.000000000
4 119 7 10614 64 2.000000000
4 120 7 10615 64 2.000000000
4 121 7 10616 64 2.000000000
4 122 7 10617 64 2.000000000
4 123 7 10618 64 2.000000000
4 124 7 10619 64 2.000000000
